1	WeakeningEffect	True	False	False	ダミー_異常状態1	悪神のしもべになりました。$BR休息の神官、休息の神将、狩り場移動管理人、飛行移動のメニューを使用できません。死亡時、クリスタルが壊れやすくなります。$BRコンディション減少量が増加し、力が$H_W_BAD90%$COLOR_END、耐久力が$H_W_BAD$value2$COLOR_END、移動速度が$H_W_BAD$value3$COLOR_END減少します。$BR悪名が0の時に非戦闘状態が60秒間維持されると状態が解除されます。	icon_skills.voidtrap_tex
2	Buff	True	True	False	テスト用_ぶるぶる	攻撃力100倍/防御力100倍の効果発生！　5時間持続！　ゲームプレイ時にこのツールチップが出たらBTS処理が必要です。	icon_skills.voidtrap_tex
3	Buff	True	True	False	テスト用_MP自然回復_なし	MP自然回復なし！　30分持続！　ゲームプレイ時にこのツールチップが出たらBTS処理が必要です。	icon_skills.voidtrap_tex
4	Buff	True	True	False	テスト用爆弾	スタン効果	icon_skills.voidtrap_tex
5	WeakeningEffect	True	True	False	効果の無い異常状態	効果の無い異常状態	icon_skills.voidtrap_tex
6	WeakeningEffect	True	True	False	ダメージ完全無敵	ダメージ完全無敵	icon_skills.voidtrap_tex
7	WeakeningEffect	True	True	False	ダメージバフ無敵	ダメージバフ無敵	icon_skills.voidtrap_tex
8	WeakeningEffect	True	True	False	異常状態完全無敵	異常状態完全無敵	icon_skills.voidtrap_tex
9	WeakeningEffect	True	True	False	異常状態バフ無敵	異常状態バフ無敵	icon_skills.voidtrap_tex
10	WeakeningEffect	True	True	False	リアクション完全無敵	リアクション完全無敵	icon_skills.voidtrap_tex
11	WeakeningEffect	True	True	False	ストーン	ストーン	icon_skills.voidtrap_tex
12	WeakeningEffect	True	True	False	旋風	旋風	icon_skills.voidtrap_tex
13	WeakeningEffect	True	True	False	女神降臨	女神降臨	icon_skills.voidtrap_tex
15	Buff	True	True	False	トロット I	非戦闘状態での移動速度が$H_W_GOOD10$COLOR_END上昇します。	icon_skills.fastwalk_tex
21	Buff	True	True	False	狩り_リアクション_抵抗テスト	リアクション抵抗確率10倍上昇	icon_skills.voidtrap_tex
22	Buff	True	True	False	テスト_スキルダメージ増加	テスト専用！　全スキルダメージ40％増加！　	icon_skills.voidtrap_tex
23	Buff	True	True	False	自分のクリティカル 100%	自身の攻撃が100％クリティカルになります。$BRテスト専用	
24	Buff	True	True	False	相手へのクリティカル100％デバフ付与	相手に100％クリティカルを発生させるデバフ付与。$BRテスト専用	
25	Buff	True	True	True	TERA タイム	スキルのクールタイムが80％減少し、毎秒のマナ回復量が大きく増加します。	icon_status.pluswill_tex
26	Buff	True	True	True	T.E.R.A TIME	全てのスキルのクールタイムが80％減少し、1秒あたりのマナ回復量が大幅に増加します。	icon_status.pluswill_tex
27	Buff	True	True	True	T.E.R.A TIME	全てのスキルのクールタイムが80％減少し、1秒あたりのマナ回復量が大幅に増加します。	icon_status.pluswill_tex
28	Buff	True	True	False	T.E.R.A TIME	スキルのクールタイムが80％減少し、毎秒のマナ回復量が大きく増加します。	icon_status.pluswill_tex
29	Buff	False	True	False			
30	Buff	True	True	True	アマルンの守護	強直で勇猛な性格を持っている寛大な神であるアマルンの守護を受けて、ダンジョンに初めて挑戦する冒険者たちの最大HPが上昇する。	icon_skills.heart_buff_tex
31	Buff	True	True	False	T.E.R.A TIME Season 2	スキル乱射の快感を味わってみてください！すべてのスキルのクールタイムが80％減少し、マナ回復量が大きく増加します。	icon_status.buff_of_kaia_tex
32	Buff	False	True	False			
35	Buff	False	True	False			
36	Buff	True	True	True	4周年記念バフ（攻撃力増加）	攻撃力が20%上昇し、攻撃速度が大幅に増加します。	icon_status.buff_of_kaia_tex
37	Buff	True	True	True	4周年記念バフ（クールタイム減少）	全てのスキルのクールタイムが80％減少し、1秒あたりのマナ回復量が大幅に増加します。	icon_status.pluswill_tex
38	Buff	False	True	False			
39	Buff	True	True	True	戦闘の気概（ネットカフェ）	攻撃力、攻撃速度、回復力が2%上昇します。この効果はネットカフェでのみ有効となります。	icon_status.plusecritical_tex
40	Buff	True	True	True	バルデラの加護（公認ネットカフェ）	バルデラの加護の元、採集熟練度が30増加し、採集及び製作時間が短縮されます。この効果は公認ネットカフェのみで利用できます。	icon_items.artisanall_up_tex
41	Buff	True	True	False	強化職人の加護	強化の際、成功確率が少し増加します。	icon_items.parts_heavyarmorc5_tex
42	Buff	True	True	False	祝福された強化職人の加護	強化の際、成功確率が増加します。	icon_items.parts_heavyarmorc5_tex
43	Buff	True	True	False	輝く強化職人の加護	強化の際、成功確率が大幅に増加します。 	icon_items.parts_heavyarmorc5_tex
44	Buff	True	True	False	強化職人の加護	強化の際、成功確率が少し増加します。	icon_items.parts_heavyarmorc5_tex
45	Buff	True	True	False	祝福された強化職人の加護	強化の際、成功確率が増加します。	icon_items.parts_heavyarmorc5_tex
46	Buff	True	True	False	輝く強化職人の加護	強化の際、成功確率が大幅に増加します。	icon_items.parts_heavyarmorc5_tex
47	Buff	True	True	False	テスト_スキルダメージ増加/敵対値減少	テスト専用！すべてのスキルダメージ50％上昇/敵対値50％減少	icon_skills.voidtrap_tex
51	Buff	True	True	False	DPSテスト用気絶	DPSテストの為に気絶した状態。以下の異常状態が追加適用される。&#xA;耐久力$H_W_BAD12%$COLOR_END減少(アーマーブレイク3重複)&#xA;耐久力$H_W_BAD10%$COLOR_END減少 (ペインカーズ紋章)&#xA;クリティカル抵抗$H_W_BAD-12$COLOR_END減少 (ペインカーズ特性)	icon_items.q_bones_tex
101	Buff	True	True	False	反撃	効果持続中、ダウン/硬直状態になりません。	icon_skills.risingattack_tex
201	Buff	False	True	False	パワーブレシング I	強靭な力の祝福により、力が$H_W_GOOD17$COLOR_END上昇します。	icon_skills.attackup_tex
202	Buff	False	True	False	パワーブレシング II	強靭な力の祝福により、力が$H_W_GOOD25$COLOR_END上昇します。	icon_skills.attackup_tex
301	Stun	True	False	False	サンダーオーブ	強力な電気ショックにより気絶しました。	icon_skills.shocktrap_tex
501	Buff	True	True	False	移動速度上昇	移動速度が大幅に上昇します。	icon_status.aura_of_wind_tex
601	Buff	True	True	True	インサニティーオーラ I	狂気の精霊の気により、力が $H_W_GOOD20$COLOR_END 増加し、攻撃速度も $H_W_GOOD6$COLOR_END 上昇します。 使用者が周囲30m範囲内にいる場合のみ効果を受けることができます。	icon_skills.rage_tex
602	Buff	True	True	True	インサニティーオーラ II	狂気の精霊の気により、力が $H_W_GOOD25$COLOR_END 増加し、攻撃速度も $H_W_GOOD6$COLOR_END 上昇します。 使用者が周囲30m範囲内にいる場合のみ効果を受けることができます。	icon_skills.rage_tex
603	Buff	True	True	True	インサニティーオーラ III	狂気の精霊の気により、力が $H_W_GOOD48$COLOR_END 増加し、攻撃速度も $H_W_GOOD9.6$COLOR_END上昇します。 使用者が周囲30m範囲内にいる場合のみ効果を受けることができます。	icon_skills.rage_tex
901	Stun	True	False	False	フラッシュバレット I	閃光により気絶しました。	icon_skills.flashball_tex
902	Buff	True	True	True	ノクタニウム強化弾	ノクタニウム強化弾を使用して、スキル効果を増大させます。	icon_items.union_supplies5_tex
903	Buff	True	True	False	殺意	殺意により、力が$H_W_GOOD15$COLOR_END、攻撃速度が$H_W_GOOD8%$COLOR_END、クリティカル率が$H_W_GOOD4%$COLOR_END、移動速度が$H_W_GOOD4%$COLOR_END上昇します。	icon_skills.battlefield_high_ranking_tex
904	Buff	True	True	False	シークレッドサンダー―増幅	最初のダメージが発生するスキルに対してのみダメージが$H_W_GOOD10％$COLOR_END増加します。スキル使用者自身には適用されません。	icon_skills.berserk_tex
905	Buff	True	True	False	リプロダクションウィンド―魔力回復	$H_W_GOOD2$COLOR_END second1毎に$H_W_GOOD100$COLOR_ENDずつMPが持続回復します。	icon_status.plusmp_tex
906	Buff	True	True	False	リプロダクションサンクチュアリ―魔力回復	$H_W_GOOD1$COLOR_END second毎に$H_W_GOOD50$COLOR_ENDずつMPが持続回復します。	icon_status.plusmp_tex
907	Buff	True	True	False	インサニティーエレメンタル―加速	最初に使用するスキルに対してのみ発動速度が$H_W_GOOD20%$COLOR_END増加します。	icon_status.plusattack_tex
908	Buff	True	True	False	リカバリーバレット―保護	バリアが最大$H_W_GOOD4000$COLOR_ENDのダメージを無効化します。効果発動中はダウン/硬直が発生しません。最大値を超えると持続時間に関係なく効果が解除されます。	icon_status.plusedefence_tex
910	Buff	True	True	True	上級ノクタニウム強化弾―テスト用	テスト用上級ノクタニウム強化弾	icon_items.union_supplies5_tex
911	Buff	True	True	True	ノクタニウム強化弾	ノクタニウム強化弾を使用して、スキル効果を増大させます。	icon_items.union_supplies5_tex
912	Buff	True	True	True	ノクタニウム強化弾	ノクタニウム強化弾を使用して、スキル効果を増大させます。	icon_items.union_supplies5_tex
913	Buff	True	True	True	ノクタニウム強化弾	ノクタニウム強化弾を使用して、スキル効果を増大させます。	icon_items.union_supplies5_tex
916	Buff	True	True	True	ノクタニウム強化弾	ノクタニウム強化弾を使用して、スキル効果を増大させます。	icon_items.union_supplies5_tex
917	Buff	True	True	True	ノクタニウム強化弾	ノクタニウム強化弾を使用して、スキル効果を増大させます。	icon_items.union_supplies5_tex
920	Buff	True	True	False	上級ノクタニウム効果【高級】	スキル效果を上昇させます。ノクタニウム強化弾の $H_W_GOOD1.5$COLOR_END倍の効果を持ち、全てのスキルの攻撃力が $H_W_GOOD4～12％$COLOR_END上昇します。(一部スキルのみ $H_W_GOOD6～20％$COLOR_END上昇します。)通常のノクタニウム強化弾の效果と重複して適用されません。	icon_items.noctan_tex
921	Buff	True	True	False	上級ノクタニウム効果【貴重】	スキル效果を上昇させます。ノクタニウム強化弾の $H_W_GOOD1.5$COLOR_END倍の効果を持ち、全てのスキルの攻撃力が $H_W_GOOD4～12％$COLOR_END上昇します。(一部スキルのみ $H_W_GOOD6～20％$COLOR_END上昇します。)通常のノクタニウム強化弾の效果と重複して適用されません。	icon_items.noctan_tex
922	Buff	True	True	False	上級ノクタニウム効果【伝説】	スキル效果を上昇させます。ノクタニウム強化弾の $H_W_GOOD1.5$COLOR_END倍の効果を持ち、全てのスキルの攻撃力が $H_W_GOOD4～12％$COLOR_END上昇します。(一部スキルのみ $H_W_GOOD6～20％$COLOR_END上昇します。)通常のノクタニウム強化弾の效果と重複して適用されません。	icon_items.noctan_tex
929	Buff	True	True	False	上級ノクタニウム効果【テスト用】	スキルの效果を上昇させます。一般ノクタニウム強化弾の效果の150％で效果が上昇します。オーバーライディングがない状態で&#xD;&#xA;上級ノクタニウム強化弾に中毒されている間、PVP攻撃力が$H_W_GOOD12$COLOR_END、PVP防御力が$H_W_GOOD12$COLOR_END上昇します。	icon_items.union_supplies5_tex
1100	Buff	True	True	False	アルボレアの恵水	狩りの獲得経験値が$H_W_GOOD5%$COLOR_END増加します。この効果は、死亡後も解除されません。	icon_items.potion12_tex
1101	Buff	True	True	False	英雄の凱旋 I	狩りの獲得経験値が$H_W_GOOD20%$COLOR_END増加します。この効果は、死亡後も解除されません。	icon_items.exp_buff_potion1_tex
1102	Buff	True	True	False	祝福の火花 I	狩りの獲得経験値が$H_W_GOOD10%$COLOR_END増加します。この効果は、死亡後も解除されません。	icon_items.exp_buff_potion2_tex
1103	Buff	True	True	False	英雄の凱旋 II	狩りの獲得経験値が$H_W_GOOD100%$COLOR_END増加します。この効果は、死亡後も解除されません。	icon_items.exp_buff_potion1_tex
1104	Buff	True	True	True	祝福の火花 II	狩りの獲得経験値が$H_W_GOOD50%$COLOR_END増加します。この効果は、死亡後も解除されません。	icon_items.exp_buff_potion2_tex
1105	Buff	True	True	False	強力なアルボレアの恵水	狩りの獲得経験値が$H_W_GOOD10%$COLOR_END増加します。この効果は、死亡後も解除されません。	icon_items.potion12_tex
1106	Buff	True	True	True	英雄の凱旋 II	狩りの獲得経験値が$H_W_GOOD100%$COLOR_END増加します。この効果は、死亡後も解除されません。	icon_items.exp_buff_potion1_tex
1107	Buff	True	True	True	英雄の凱旋 III	狩りの獲得経験値が$H_W_GOOD300%$COLOR_END増加します。この効果は、死亡後も解除されません。	icon_items.exp_buff_potion1_tex
1110	Buff	True	True	True	セレンの孤高の祝福	月の女神セレンが新たな冒険者たちを祝福しました！　狩りの獲得経験値が$H_W_GOOD20%$COLOR_END増加し、効果は死亡後も解除されません。	icon_status.exp_buff_serensolo_tex
1120	Buff	True	True	True	セレンの慈愛 - 放光	月の女神セレンが新たな冒険者たちを祝福しました！　自身とパーティーメンバーに「セレンの慈愛」の効果が与えられます。有効範囲は周囲約40mです。この効果は、死亡後も解除されません。	icon_skills.exp_buff_seren_aura_tex
1125	Buff	True	True	True	セレンの慈愛	月の女神セレンの祝福が与えれられます。 狩りの獲得経験値が$H_W_GOOD30%$COLOR_END増加し、効果は死亡後も解除されません。	icon_status.exp_buff_serenparty_tex
1130	Buff	True	True	False	ハートキャンディー	キャンディーの甘さにより、$H_W_GOOD1$COLOR_END second毎に全MPの$H_W_GOOD4％$COLOR_ENDが回復します。	icon_items.heartlollipop_tex
1131	Buff	True	True	False	ハートチョコレート	チョコレートの強烈な甘さにより、全MPの$H_W_GOOD50％$COLOR_ENDが即時に回復します。	icon_items.heartchocolate_tex
1132	Buff	False	True	False	愛の手紙	手紙を読んだドキドキにより、効果が持続している間はコンディションが減少しません。	icon_items.loveletter_tex
1134	Buff	True	True	False	女神の祝福	持続時間中、無敵状態となります。スキルを使用すると解除されます。	icon_status.revivenow_status_tex
1135	Buff	True	True	True	連合の召集	ヴァルキオン連合が新兵のためにクエスト報酬をUP！　反復クエストを除く全てのクエストのゴールド報酬が倍増します。	icon_status.plusfocus_tex
1150	Buff	True	True	False	リジェネイトポーション	$H_W_GOOD5$COLOR_END second1毎に全HPの$H_W_GOOD1％$COLOR_ENDが回復します。	icon_items.potion14_tex
1151	Buff	True	True	False	強力なリジェネイトポーション	$H_W_GOOD5$COLOR_END second1毎に全HPの$H_W_GOOD1％$COLOR_ENDが回復します。	icon_items.potion14_tex
1200	Buff	True	True	False	リカバリポーション	$H_W_GOOD5$COLOR_END second1毎にMPが$H_W_GOOD5$COLOR_END回復します。	icon_items.potion15_tex
1201	Buff	True	True	False	強力なリカバリポーション	$H_W_GOOD5$COLOR_END second1毎にMPが $H_W_GOOD5$COLOR_END回復します。	icon_items.potion15_tex
1250	Buff	True	True	False	力の試薬	力が$H_W_GOOD5$COLOR_END上昇します。	icon_items.potion11_tex
1251	Buff	True	True	False	力の試薬	力が$H_W_GOOD7$COLOR_END上昇します。	icon_items.potion11_tex
1300	Buff	True	True	False	忍耐の試薬	耐久力が$H_W_GOOD13$COLOR_END上昇します。	icon_items.potion17_tex
1301	Buff	True	True	False	忍耐の試薬	耐久力が$H_W_GOOD15$COLOR_END上昇します。	icon_items.potion17_tex
1350	Buff	True	True	False	蛮力の試薬	プレイヤーを攻撃時、スキルダメージが$H_W_GOOD5%$COLOR_END増加します。この効果は、死亡後も解除されません。	icon_items.potion20_tex
1400	Buff	True	True	False	不屈の試薬	プレイヤーからのダメージが$H_W_GOOD5%$COLOR_END減少します。この効果は、死亡後も解除されません。	icon_items.potion8_tex
1440	Buff	True	True	False	マジックバンデージ I	$H_W_GOOD1$COLOR_END second毎にHPが$H_W_GOOD57$COLOR_END回復します。	icon_items.bandage1_rare_tex
1441	Buff	True	True	False	マジックバンデージ II	$H_W_GOOD1$COLOR_END second毎にHPが$H_W_GOOD105$COLOR_END回復します。	icon_items.bandage2_rare_tex
1442	Buff	True	True	False	マジックバンデージ III	$H_W_GOOD1$COLOR_END second毎にHPが$H_W_GOOD202$COLOR_END回復します。	icon_items.bandage3_rare_tex
1443	Buff	True	True	False	マジックバンデージ IV	$H_W_GOOD1$COLOR_END second毎にHPが$H_W_GOOD386$COLOR_END回復します。	icon_items.bandage4_rare_tex
1444	Buff	True	True	False	マジックバンデージ V	$H_W_GOOD1$COLOR_END second毎にHPが$H_W_GOOD777$COLOR_END回復します。	icon_items.bandage5_rare_tex
1445	Buff	True	True	False	マジックバンデージ VI	$H_W_GOOD1$COLOR_END second毎にHPが$H_W_GOOD1273$COLOR_END回復します。	icon_items.bandage6_rare_tex
1446	Buff	True	True	False	マジックバンデージVII	$H_W_GOOD1$COLOR_END second毎にHPが$H_W_GOOD2672$COLOR_END回復します。	icon_items.bandage7_rare_tex
1450	Buff	True	True	False	バンデージ I	$H_W_GOOD1$COLOR_END second毎にHPが$H_W_GOOD43$COLOR_END回復します。	icon_items.bandage1_tex
1451	Buff	True	True	False	バンデージ II	$H_W_GOOD1$COLOR_END second毎にHPが$H_W_GOOD79$COLOR_END回復します。	icon_items.bandage2_tex
1452	Buff	True	True	False	バンデージ III	$H_W_GOOD1$COLOR_END second毎にHPが$H_W_GOOD152$COLOR_END回復します。	icon_items.bandage3_tex
1453	Buff	True	True	False	バンデージ IV	$H_W_GOOD1$COLOR_END second毎にHPが$H_W_GOOD290$COLOR_END回復します。	icon_items.bandage4_tex
1454	Buff	True	True	False	バンデージ V	$H_W_GOOD1$COLOR_END second毎にHPが$H_W_GOOD582$COLOR_END回復します。	icon_items.bandage5_tex
1455	Buff	True	True	False	バンデージ VI	$H_W_GOOD1$COLOR_END second毎にHPが$H_W_GOOD954$COLOR_END回復します。	icon_items.bandage6_tex
1460	Buff	True	True	False	レリンのマジックバンデージ	$H_W_GOOD1$COLOR_END second毎に全HPの$H_W_GOOD5％$COLOR_ENDが回復します。	icon_items.perfect_bandage_tex
1461	Buff	True	True	False	ほかほか餅	$H_W_GOOD1$COLOR_END second毎に全HPの$H_W_GOOD4％$COLOR_ENDが回復します。	icon_items.ricecake_tex
1462	Buff	True	True	False	りんごキャンディー	$H_W_GOOD1$COLOR_END second毎に全HPの$H_W_GOOD5％$COLOR_ENDが回復します。	icon_items.candyapple_tex
1470	Buff	True	True	False	疾風の聖水	非戦闘状態での移動速度が$H_W_GOOD30$COLOR_END上昇します。	icon_items.potion6_tex
1471	Buff	True	True	False	疾風の聖水	非戦闘状態での移動速度が$H_W_GOOD60$COLOR_END上昇します。	icon_items.potion6_tex
1480	Buff	True	True	False	神将の祝福	非戦闘状態での移動速度が$H_W_GOOD20$COLOR_END上昇します。	icon_status.plusmove_tex
1490	Buff	True	True	False	ポーション	$H_W_GOOD1$COLOR_END second毎に全HPの$H_W_GOOD5％$COLOR_ENDが回復します。	icon_items.potion1_tex
1491	Buff	True	True	False	ポーション	$H_W_GOOD1$COLOR_END second毎に全HPの$H_W_GOOD6％$COLOR_ENDが回復します。	icon_items.potion1_tex
1495	WeakeningEffect	True	True	False	戦場の毒気	戦場の毒気により、HPが一秒当たり20000ずつ減少します。	icon_status.poisonstatus_tex
1510	Buff	False	True	False	ラピッドポーション	全HPの$H_W_GOOD50％$COLOR_ENDが即時に回復します。	icon_items.potion5_tex
1511	Buff	False	True	False	エリクサー	全HP、MPの$H_W_GOOD60％$COLOR_ENDを即時回復します。	icon_items.potion5_tex
1530	Buff	True	True	False	マナポーション	$H_W_GOOD1$COLOR_END second毎に全MPの$H_W_GOOD5％$COLOR_ENDが回復します。	icon_items.potion19_tex
1610	Buff	True	True	False	治癒の玉	$H_W_GOOD1$COLOR_END second毎に全HPの$H_W_GOOD2％$COLOR_ENDが回復します。	icon_items.potion1_tex
1630	Buff	False	True	False	快癒の玉	全HPの$H_W_GOOD25％$COLOR_ENDが即時に回復します。	icon_items.potion5_tex
1640	Buff	True	True	False	職人のロウソク	全装備アイテムの製作速度が$H_W_GOOD20%$COLOR_END上昇します。	icon_items.artisan_potion_tex
1641	Buff	True	True	False	職人の灯火	全アイテムの製作速度が$H_W_GOOD50%$COLOR_END上昇します。	icon_items.artisan_lamp_tex
1642	Buff	True	True	False	悪霊の灯火	全アイテムの製作速度が$H_W_GOOD50%$COLOR_END上昇します。	icon_items.eviloflight_tex
1650	Buff	False	True	False	癒しの角笛	異常状態ツールチップ非表示（isShow=False）このツールチップが出たらBTS処理が必要です。	icon_items.artisan_potion_tex
1660	Buff	False	True	False	癒しの香水	異常状態ツールチップ非表示（isShow=False）このツールチップが出たらBTS処理が必要です。	icon_items.artisan_potion_tex
1670	Buff	True	True	False	熟練狩人	狩りの獲得経験値が$H_W_GOOD3％$COLOR_END増加します。	icon_status.plusfocus_tex
1671	Buff	False	True	False	奇怪な玉	異常状態ツールチップ非表示（isShow=False）このツールチップが出たらBTS処理が必要です。	icon_status.plusfocus_tex
1800	WeakeningEffect	True	True	False	能力弱化	力が$H_W_BAD90%$COLOR_END、耐久力が$H_W_BAD90%$COLOR_END、移動速度が$H_W_BAD0,7$COLOR_END減少します。	icon_status.diseasedown_tex
2000	Buff	True	True	False	MP持続回復 II	$H_W_GOOD2$COLOR_END second1毎に全MPの$H_W_GOOD5％$COLOR_ENDが回復します。	icon_status.delaympgain_tex
2010	Buff	True	True	False	MP持続回復 I	$H_W_GOOD2$COLOR_END second1毎に全MPの$H_W_GOOD2％$COLOR_ENDが回復します。	icon_status.delaympgain_tex
2020	Buff	False	True	False	HP即時回復	全HPの$H_W_GOOD35％$COLOR_ENDが即時に回復します。	icon_status.delayheal_tex
2030	Buff	True	True	False	デバフ抵抗増加	全てのデバフ抵抗が$H_W_GOOD20$COLOR_END上昇します。	icon_status.pluseconfuseresist_tex
2040	Buff	True	True	False	不屈の意志 I	耐久力、均衡、全てのデバフ抵抗が各$H_W_GOOD70%$COLOR_ENDずつ上昇します。	icon_status.pluswill_tex
2041	Buff	True	True	False	不屈の意志 II	耐久力、均衡、全てのデバフ抵抗が各$H_W_GOOD70%$COLOR_ENDずつ上昇します。	icon_status.pluswill_tex
2042	Buff	True	True	False	不屈の意志 III	耐久力、均衡、全てのデバフ抵抗が各$H_W_GOOD70%$COLOR_ENDずつ上昇します。	icon_status.pluswill_tex
2050	Buff	True	True	False	血の渇望	全てのスキルのダメージが$H_W_GOOD30%$COLOR_END増加し、攻撃速度が$H_W_GOOD30%$COLOR_END上昇します。	icon_status.battlefieldbuff02_tex
2051	Buff	True	True	True	血の渇望	このモンスターを討伐すると、全てのスキルのダメージと攻撃速度が上昇する$H_W_GOOD血の渇望$COLOR_ENDの効果を受けることができます！　	icon_status.battlefieldbuff02_tex
2052	Stun	True	False	False	秘宝の呪い	クーマスの宝物を持っている間、移動以外の行動ができなくなります。	icon_status.diseaseup_tex
2054	WeakeningEffect	True	False	False	体力低下 I	多大なダメージを受け、体力が低下しています。移動速度が$H_W_BAD0,8$COLOR_END減少します。	icon_status.poisonup_tex
2055	WeakeningEffect	True	False	False	体力低下 II	多大なダメージを受け、体力が低下しています。移動速度が$H_W_BAD0,6$COLOR_END減少します。	icon_status.poisonup_tex
2056	WeakeningEffect	True	False	False	体力低下 III	多大なダメージを受け、体力が低下しています。移動速度が$H_W_BAD0,4$COLOR_END減少します。	icon_status.poisonup_tex
2057	Buff	True	True	False	クーマス体力回復 I	$H_W_GOOD1$COLOR_END second毎にHPが$H_W_GOOD3000$COLOR_END回復します。	icon_skills.refreshbless_tex
2058	Buff	True	True	False	クーマス体力回復 II	$H_W_GOOD1$COLOR_END second毎にHPが$H_W_GOOD10000$COLOR_END回復します。	icon_skills.refreshbless_tex
2059	Buff	True	True	False	クーマス体力回復 III	$H_W_GOOD1$COLOR_END second毎にHPが$H_W_GOOD20000$COLOR_END回復します。	icon_skills.refreshbless_tex
2060	Buff	True	True	False	保護の絆	保護の絆が最大$H_W_GOOD30000$COLOR_ENDのダメージを無効化します。効果持続中、ダウン/硬直状態になりません。最大値を超えると持続時間に関わらず即解除されます。	icon_status.battlefieldbuff01_tex
2061	Buff	True	True	True	保護の絆	このモンスターを討伐すると、一定時間ダウン/硬直状態にならず、同時に一定のダメージを無効化する$H_W_GOOD保護の絆$COLOR_ENDの効果を受けることができます！　	icon_status.battlefieldbuff01_tex
2062	Buff	True	True	False	スローテスト	移動速度が$H_W_GOOD-100$COLOR_END上昇します。	icon_items.scroll_run_speed_level_1_tex
2063	WeakeningEffect	True	False	False	宝物の重さ	宝物を持っている間、基本移動速度が$H_W_BAD60%$COLOR_END減少します。	icon_status.f2p_rewardbox_tex
2064	Stun	True	False	False	クーマスの呪い－気絶	クーマスの攻撃により気絶しました。	icon_skills.flashball_tex
2065	WeakeningEffect	True	False	False	クーマスの呪い－移動速度減少	クーマスの攻撃によって体が重くなり、移動速度が$H_W_BAD0,5$COLOR_END減少します。	icon_skills.slow_tex
2066	DamageOverTime	True	False	False	クーマスの呪い－中毒	クーマスの攻撃により、$H_W_BAD1$COLOR_END second毎に全HPの$H_W_BAD2％$COLOR_ENDが減少します。この効果は解除できません。	icon_status.poisonstatus_tex
2067	Buff	True	True	True	フォグオーラ I - 放出	使用者とパーティーメンバーに「フォグオーラ」の効果を与えます。$H_W_BAD2$COLOR_END second1毎にMPが$H_W_BAD-30$COLOR_END減少します。有効範囲は周囲約30mです。	icon_skills.areahpgain_tex
2068	Buff	True	True	True	フォグオーラ I	クリティカル抵抗が$H_W_GOOD15000$COLOR_END上昇します。有効範囲は周囲約30mです。	icon_status.plusciriticalresist_tex
2069	WeakeningEffect	True	False	False	宝物の重さ	宝物を持っている間、基本移動速度が$H_W_BAD60%$COLOR_END減少します。	icon_status.f2p_rewardbox_tex
2070	Buff	True	True	False	無限の祝福	力が$H_W_GOOD20$COLOR_END、耐久力が$H_W_GOOD10$COLOR_END、攻撃速度が$H_W_GOOD20%$COLOR_END上昇します。追加で移動速度も$H_W_GOOD10$COLOR_END上昇します。	icon_status.battlefieldbuff03_tex
2071	Buff	True	True	True	無限の祝福	このモンスターを討伐すると、自軍全員の力、耐久力、攻撃速度、移動速度が上昇する$H_W_GOOD無限の祝福$COLOR_ENDの効果を受けることができます！　	icon_status.battlefieldbuff03_tex
2072	Buff	True	True	False	天上の加護	効果持続中、プレイヤーからのダメージは無効化され、ダウン/硬直も発生しません。また、全てのデバフを防ぎます。この効果はダメージを受けても乗り物が解除されず、戦闘に関するスキルを使用すると即解除されます。	icon_status.mpsuckup_tex
2073	WeakeningEffect	True	False	False	ネバネバ	移動速度が$H_W_BAD0,5$COLOR_END減少します。	icon_status.minusmove_tex
2074	Stun	True	False	False	ヘロヘロ	衝撃により気絶しました。	icon_skills.paralysistrap_tex
2075	Buff	True	True	False	天上の加護（赤ちゃんクーマス）	効果持続中、プレイヤーからのダメージは無効化され、ダウン/硬直も発生しません。また、全てのデバフを防ぎます。この効果はダメージを受けても乗り物が解除されず、戦闘に関するスキルを使用すると即解除されます。	icon_status.mpsuckup_tex
2080	Buff	True	True	True	反攻の狼煙	最大HPが$H_W_GOOD50%$COLOR_END増加し、力と耐久力が$H_W_GOOD40$COLOR_END上昇します。追加で移動速度も$H_W_GOOD50$COLOR_END上昇します。$BRこの効果は敵軍との点数差が縮まると消滅します。	icon_status.battlefieldbuff04_tex
2081	Buff	True	True	False	【雪合戦】保護呪文書	バリアが最大$H_W_GOOD100000$COLOR_ENDのダメージを無効化します。効果発動中はダウン/硬直が発生しません。最大値を超えると持続時間に関係なく効果が解除されます。	icon_items.scroll_def_protect_level_59_tex
2082	Buff	True	True	False	【雪合戦】保護呪文書	効果持続中、プレイヤーからのダメージは無効化され、ダウン/硬直も発生しません。また、全てのデバフを防ぎます。	icon_status.mpsuckup_tex
2083	Buff	True	True	True	反攻の狼煙 I	最大HPが$H_W_GOOD10%$COLOR_END増加し、力と耐久力が$H_W_GOOD10$COLOR_END上昇します。追加で移動速度も$H_W_GOOD10$COLOR_END上昇します。	icon_status.battlefieldbuff04_tex
2084	Buff	True	True	True	反攻の狼煙 II	最大HPが$H_W_GOOD30%$COLOR_END増加し、力と耐久力が$H_W_GOOD15$COLOR_END上昇します。追加で移動速度も$H_W_GOOD20$COLOR_END上昇します。	icon_status.battlefieldbuff04_tex
2085	Buff	True	True	True	反攻の狼煙 III	最大HPが$H_W_GOOD50%$COLOR_END増加し、力と耐久力が$H_W_GOOD20$COLOR_END上昇します。追加で移動速度も$H_W_GOOD30$COLOR_END上昇します。	icon_status.battlefieldbuff04_tex
2090	Buff	True	True	False	ペガサスの翼	乗り物の種類に関係なく移動速度が$H_W_GOOD350$COLOR_ENDに固定されます。	icon_status.plusmove_tex
2091	Buff	True	True	False	快速の気	非戦闘状態での移動速度が$H_W_GOOD20$COLOR_END上昇します。	icon_status.plusmove_tex
2092	Stun	False	False	True			
2094	Buff	False	True	False			
2095	Buff	False	True	False			
2096	Stun	False	False	True			
2097	Stun	True	False	False	スキル封じ	びっくりした赤ちゃんクーマスは3秒間基本攻撃以外のスキルを使用できません。	icon_status.sealskill_tex
2098	Stun	False	False	True	透明化（見えたらバグ）		
2099	Buff	True	True	False	治癒のオーラ	周囲の赤ちゃんクーマスたちのHPを持続的に回復します。	icon_status.aura_of_regeneration_hp_tex
2100	WeakeningEffect	True	False	False	減速！	移動速度が$H_W_BAD0,5$COLOR_END減少します。	icon_status.minusmove_tex
2101	Buff	True	True	False	治癒の力	$H_W_GOOD1$COLOR_END second毎にHPが$H_W_GOOD6000$COLOR_ENDずつ回復します。追加で移動速度が$H_W_GOOD80$COLOR_END増加します。	icon_skills.refreshbless_tex
2103	Buff	True	True	False	勇猛	リーダークーマスの周囲にいる全ての味方の攻撃力が$H_W_GOOD20%$COLOR_END増加します。	icon_status.buff_of_kaia_tex
2104	Buff	True	True	False	やる気満々	赤ちゃんクーマスの移動速度が$H_W_GOOD80$COLOR_END上昇します。ダメージを受けると解除	icon_skills.toughspirit_tex
2105	WeakeningEffect	False	True	True	BTS_石像用	見えたらバグ	icon_skills.summonspiritofheal_tex
2106	Stun	False	True	False	BTS_大将用	見えたらバグ	icon_status.sealskill_tex
2107	Stun	False	True	False	BTS_大将用	見えたらバグ	icon_status.sealskill_tex
2108	Buff	False	True	True	見えたらバグ	見えたらバグ	icon_status.sealskill_tex
2109	Stun	False	True	False	BTS_大将用	見えたらバグ	icon_status.sealskill_tex
2400	Buff	True	True	False	ゴールデンポーション	「奈落の束縛」効果の間、スキルクールタイム延長の抵抗率が$H_W_GOOD15%$COLOR_END上昇します。最大5回まで重複可能で、死亡時に効果は解除されます。	icon_items.potion21_tex
2500	Buff	True	True	False	ヒールポーション I	$H_W_GOOD1$COLOR_END second毎にHPが$H_W_GOOD58$COLOR_END回復します。	icon_items.hp_durable_potion_level_1_tex
2501	Buff	True	True	False	ヒールポーション II	$H_W_GOOD1$COLOR_END second毎にHPが$H_W_GOOD90$COLOR_END回復します。	icon_items.hp_durable_potion_level_9_tex
2502	Buff	True	True	False	ヒールポーション III	$H_W_GOOD1$COLOR_END second毎にHPが$H_W_GOOD140$COLOR_END回復します。	icon_items.hp_durable_potion_level_17_tex
2503	Buff	True	True	False	ヒールポーション IV	$H_W_GOOD1$COLOR_END second毎にHPが$H_W_GOOD215$COLOR_END回復します。	icon_items.hp_durable_potion_level_25_tex
2504	Buff	True	True	False	ヒールポーション V	$H_W_GOOD1$COLOR_END second毎にHPが$H_W_GOOD331$COLOR_END回復します。	icon_items.hp_durable_potion_level_33_tex
2505	Buff	True	True	False	ヒールポーション VI	$H_W_GOOD1$COLOR_END second毎にHPが$H_W_GOOD509$COLOR_END回復します。	icon_items.hp_durable_potion_level_41_tex
2506	Buff	True	True	False	ヒールポーション VII	$H_W_GOOD1$COLOR_END second毎にHPが$H_W_GOOD877$COLOR_END回復します。	icon_items.hp_durable_potion_level_49_tex
2507	Buff	True	True	False	ヒールポーション VIII	$H_W_GOOD1$COLOR_END second毎にHPが$H_W_GOOD1230$COLOR_END回復します。	icon_items.hp_durable_potion_level_57_tex
2508	Buff	True	True	False	ヒールポーション IX	$H_W_GOOD1$COLOR_END second毎にHPが$H_W_GOOD1630$COLOR_END回復します。	icon_items.hp_durable_potion_level_57_tex
2509	Buff	True	True	False	ヒールポーション X	$H_W_GOOD1$COLOR_END second毎にHPが $H_W_GOOD2120$COLOR_END回復します。	icon_items.hp_durable_potion_level_57_tex
2515	Buff	True	True	False	ヒールポーションS I	$H_W_GOOD1$COLOR_END second毎にHPが$H_W_GOOD78$COLOR_END回復します。	icon_items.hp_durable_potion_level_1_tex
2516	Buff	True	True	False	ヒールポーションS II	$H_W_GOOD1$COLOR_END second毎にHPが$H_W_GOOD121$COLOR_END回復します。	icon_items.hp_durable_potion_level_9_tex
2517	Buff	True	True	False	ヒールポーションS III	$H_W_GOOD1$COLOR_END second毎にHPが$H_W_GOOD187$COLOR_END回復します。	icon_items.hp_durable_potion_level_17_tex
2518	Buff	True	True	False	ヒールポーションS IV	$H_W_GOOD1$COLOR_END second毎にHPが$H_W_GOOD287$COLOR_END回復します。	icon_items.hp_durable_potion_level_25_tex
2519	Buff	True	True	False	ヒールポーションS V	$H_W_GOOD1$COLOR_END second毎にHPが$H_W_GOOD442$COLOR_END回復します。	icon_items.hp_durable_potion_level_33_tex
2520	Buff	True	True	False	ヒールポーションS VI	$H_W_GOOD1$COLOR_END second毎にHPが$H_W_GOOD679$COLOR_END回復します。	icon_items.hp_durable_potion_level_41_tex
2521	Buff	True	True	False	ヒールポーションS VII	$H_W_GOOD1$COLOR_END second毎にHPが$H_W_GOOD1178$COLOR_END回復します。	icon_items.hp_durable_potion_level_49_tex
2522	Buff	True	True	False	ヒールポーションS VIII	$H_W_GOOD1$COLOR_END second毎にHPが$H_W_GOOD1652$COLOR_END回復します。	icon_items.hp_durable_potion_level_57_tex
2530	Buff	True	True	False	マナポーション I	$H_W_GOOD1$COLOR_END second毎にMPが$H_W_GOOD50$COLOR_END回復します。	icon_items.mp_durable_potion_level_1_tex
2531	Buff	True	True	False	マナポーション II	$H_W_GOOD1$COLOR_END second毎にMPが$H_W_GOOD56$COLOR_END回復します。	icon_items.mp_durable_potion_level_9_tex
2532	Buff	True	True	False	マナポーション III	$H_W_GOOD1$COLOR_END second毎にMPが$H_W_GOOD62$COLOR_END回復します。	icon_items.mp_durable_potion_level_17_tex
2533	Buff	True	True	False	マナポーション IV	$H_W_GOOD1$COLOR_END second毎にMPが$H_W_GOOD67$COLOR_END回復します。	icon_items.mp_durable_potion_level_25_tex
2534	Buff	True	True	False	マナポーション V	$H_W_GOOD1$COLOR_END second毎にMPが$H_W_GOOD73$COLOR_END回復します。	icon_items.mp_durable_potion_level_33_tex
2535	Buff	True	True	False	マナポーション VI	$H_W_GOOD1$COLOR_END second毎にMPが$H_W_GOOD79$COLOR_END回復します。	icon_items.mp_durable_potion_level_41_tex
2536	Buff	True	True	False	マナポーション VII	$H_W_GOOD1$COLOR_END second毎にMPが$H_W_GOOD85$COLOR_END回復します。	icon_items.mp_durable_potion_level_49_tex
2537	Buff	True	True	False	マナポーション VIII	$H_W_GOOD1$COLOR_END second毎にMPが$H_W_GOOD91$COLOR_END回復します。	icon_items.mp_durable_potion_level_57_tex
2538	Buff	True	True	False	マナポーション IX	$H_W_GOOD1$COLOR_END second毎にMPが$H_W_GOOD114$COLOR_END回復します。	icon_items.mp_durable_potion_level_57_tex
2539	Buff	True	True	False	マナポーション X	$H_W_GOOD1$COLOR_END second毎にMPが $H_W_GOOD131$COLOR_END回復します。	icon_items.mp_durable_potion_level_57_tex
2545	Buff	True	True	False	マナポーションS I	$H_W_GOOD1$COLOR_END second毎にMPが$H_W_GOOD63$COLOR_END回復します。	icon_items.mp_durable_potion_level_1_tex
2546	Buff	True	True	False	マナポーションS II	$H_W_GOOD1$COLOR_END second毎にMPが$H_W_GOOD70$COLOR_END回復します。	icon_items.mp_durable_potion_level_9_tex
2547	Buff	True	True	False	マナポーションS III	$H_W_GOOD1$COLOR_END second毎にMPが$H_W_GOOD77$COLOR_END回復します。	icon_items.mp_durable_potion_level_17_tex
2548	Buff	True	True	False	マナポーションS IV	$H_W_GOOD1$COLOR_END second毎にMPが$H_W_GOOD84$COLOR_END回復します。	icon_items.mp_durable_potion_level_25_tex
2549	Buff	True	True	False	マナポーションS V	$H_W_GOOD1$COLOR_END second毎にMPが$H_W_GOOD91$COLOR_END回復します。	icon_items.mp_durable_potion_level_33_tex
2550	Buff	True	True	False	マナポーションS VI	$H_W_GOOD1$COLOR_END second毎にMPが$H_W_GOOD98$COLOR_END回復します。	icon_items.mp_durable_potion_level_41_tex
2551	Buff	True	True	False	マナポーションS VII	$H_W_GOOD1$COLOR_END second毎にMPが$H_W_GOOD105$COLOR_END回復します。	icon_items.mp_durable_potion_level_49_tex
2552	Buff	True	True	False	マナポーションS VIII	$H_W_GOOD1$COLOR_END second毎にMPが$H_W_GOOD113$COLOR_END回復します。	icon_items.mp_durable_potion_level_57_tex
2560	Buff	True	True	False	リカバリーポーション I	$H_W_GOOD1$COLOR_END second毎にHPが$H_W_GOOD53$COLOR_END、MPが$H_W_GOOD37$COLOR_END回復します。	icon_items.hmp_durable_potion_level_1_tex
2561	Buff	True	True	False	リカバリーポーション II	$H_W_GOOD1$COLOR_END second毎にHPが$H_W_GOOD83$COLOR_END、MPが$H_W_GOOD42$COLOR_END回復します。	icon_items.hmp_durable_potion_level_9_tex
2562	Buff	True	True	False	リカバリーポーション III	$H_W_GOOD1$COLOR_END second毎にHPが$H_W_GOOD128$COLOR_END、MPが$H_W_GOOD46$COLOR_END回復します。	icon_items.hmp_durable_potion_level_17_tex
2563	Buff	True	True	False	リカバリーポーション IV	$H_W_GOOD1$COLOR_END second毎にHPが$H_W_GOOD197$COLOR_END、MPが$H_W_GOOD51$COLOR_END回復します。	icon_items.hmp_durable_potion_level_25_tex
2564	Buff	True	True	False	リカバリーポーション V	$H_W_GOOD1$COLOR_END second毎にHPが$H_W_GOOD302$COLOR_END、MPが$H_W_GOOD55$COLOR_END回復します。	icon_items.hmp_durable_potion_level_33_tex
2565	Buff	True	True	False	リカバリーポーション VI	$H_W_GOOD1$COLOR_END second毎にHPが$H_W_GOOD465$COLOR_END、MPが$H_W_GOOD59$COLOR_END回復します。	icon_items.hmp_durable_potion_level_41_tex
2566	Buff	True	True	False	リカバリーポーション VII	$H_W_GOOD1$COLOR_END second毎にHPが$H_W_GOOD802$COLOR_END、MPが$H_W_GOOD64$COLOR_END回復します。	icon_items.hmp_durable_potion_level_49_tex
2567	Buff	True	True	False	リカバリーポーション VIII	$H_W_GOOD1$COLOR_END second毎にHPが$H_W_GOOD1125$COLOR_END、MPが$H_W_GOOD68$COLOR_END回復します。	icon_items.hmp_durable_potion_level_57_tex
2575	Buff	True	True	False	リカバリーポーションS I	$H_W_GOOD1$COLOR_END second毎にHPが$H_W_GOOD71$COLOR_END、MPが$H_W_GOOD47$COLOR_END回復します。	icon_items.hmp_durable_potion_level_1_tex
2576	Buff	True	True	False	リカバリーポーションS II	$H_W_GOOD1$COLOR_END second毎にHPが$H_W_GOOD111$COLOR_END、MPが$H_W_GOOD53$COLOR_END回復します。	icon_items.hmp_durable_potion_level_9_tex
2577	Buff	True	True	False	リカバリーポーションS III	$H_W_GOOD1$COLOR_END second毎にHPが$H_W_GOOD171$COLOR_END、MPが$H_W_GOOD58$COLOR_END回復します。	icon_items.hmp_durable_potion_level_17_tex
2578	Buff	True	True	False	リカバリーポーションS IV	$H_W_GOOD1$COLOR_END second毎にHPが$H_W_GOOD263$COLOR_END、MPが$H_W_GOOD63$COLOR_END回復します。	icon_items.hmp_durable_potion_level_25_tex
2579	Buff	True	True	False	リカバリーポーションS V	$H_W_GOOD1$COLOR_END second毎にHPが$H_W_GOOD404$COLOR_END、MPが$H_W_GOOD69$COLOR_END回復します。	icon_items.hmp_durable_potion_level_33_tex
2580	Buff	True	True	False	リカバリーポーションS VI	$H_W_GOOD1$COLOR_END second毎にHPが$H_W_GOOD621$COLOR_END、MPが$H_W_GOOD74$COLOR_END回復します。	icon_items.hmp_durable_potion_level_41_tex
2581	Buff	True	True	False	リカバリーポーションS VII	$H_W_GOOD1$COLOR_END second毎にHPが$H_W_GOOD1077$COLOR_END、MPが$H_W_GOOD79$COLOR_END回復します。	icon_items.hmp_durable_potion_level_49_tex
2582	Buff	True	True	False	リカバリーポーションS VIII	$H_W_GOOD1$COLOR_END second毎にHPが$H_W_GOOD1510$COLOR_END、MPが$H_W_GOOD84$COLOR_END回復します。	icon_items.hmp_durable_potion_level_57_tex
2590	Buff	True	True	False	ソーマ I	$H_W_GOOD1$COLOR_END second毎にHPが$H_W_GOOD83$COLOR_END回復します。	icon_items.hp_durable_drug_level_1_tex
2591	Buff	True	True	False	ソーマ II	$H_W_GOOD1$COLOR_END second毎にHPが$H_W_GOOD129$COLOR_END回復します。	icon_items.hp_durable_drug_level_9_tex
2592	Buff	True	True	False	ソーマ III	$H_W_GOOD1$COLOR_END second毎にHPが$H_W_GOOD199$COLOR_END回復します。	icon_items.hp_durable_drug_level_17_tex
2593	Buff	True	True	False	ソーマ IV	$H_W_GOOD1$COLOR_END second毎にHPが$H_W_GOOD307$COLOR_END回復します。	icon_items.hp_durable_drug_level_25_tex
2594	Buff	True	True	False	ソーマ V	$H_W_GOOD1$COLOR_END second毎にHPが$H_W_GOOD473$COLOR_END回復します。	icon_items.hp_durable_drug_level_33_tex
2595	Buff	True	True	False	ソーマ VI	$H_W_GOOD1$COLOR_END second毎にHPが$H_W_GOOD726$COLOR_END回復します。	icon_items.hp_durable_drug_level_41_tex
2596	Buff	True	True	False	ソーマ VII	$H_W_GOOD1$COLOR_END second毎にHPが$H_W_GOOD1253$COLOR_END回復します。	icon_items.hp_durable_drug_level_49_tex
2597	Buff	True	True	False	ソーマ VIII	$H_W_GOOD1$COLOR_END second毎にHPが$H_W_GOOD1757$COLOR_END回復します。	icon_items.hp_durable_drug_level_57_tex
2598	Buff	True	True	False	ソーマ IX	$H_W_GOOD1$COLOR_END second毎にHPが$H_W_GOOD3260$COLOR_END回復します。	icon_items.hp_durable_drug_level_57_tex
2599	Buff	True	True	False	ソーマ X	$H_W_GOOD1$COLOR_END second毎にHPが $H_W_GOOD4230$COLOR_END回復します。	icon_items.hp_durable_drug_level_57_tex
2605	Buff	True	True	False	ソーマS I	$H_W_GOOD1$COLOR_END second毎にHPが$H_W_GOOD112$COLOR_END回復します。	icon_items.hp_durable_drug_level_1_tex
2606	Buff	True	True	False	ソーマS II	$H_W_GOOD1$COLOR_END second毎にHPが$H_W_GOOD173$COLOR_END回復します。	icon_items.hp_durable_drug_level_9_tex
2607	Buff	True	True	False	ソーマS III	$H_W_GOOD1$COLOR_END second毎にHPが$H_W_GOOD267$COLOR_END回復します。	icon_items.hp_durable_drug_level_17_tex
2608	Buff	True	True	False	ソーマS IV	$H_W_GOOD1$COLOR_END second毎にHPが$H_W_GOOD411$COLOR_END回復します。	icon_items.hp_durable_drug_level_25_tex
2609	Buff	True	True	False	ソーマS V	$H_W_GOOD1$COLOR_END second毎にHPが$H_W_GOOD631$COLOR_END回復します。	icon_items.hp_durable_drug_level_33_tex
2610	Buff	True	True	False	ソーマS VI	$H_W_GOOD1$COLOR_END second毎にHPが$H_W_GOOD971$COLOR_END回復します。	icon_items.hp_durable_drug_level_41_tex
2611	Buff	True	True	False	ソーマS VII	$H_W_GOOD1$COLOR_END second毎にHPが$H_W_GOOD1683$COLOR_END回復します。	icon_items.hp_durable_drug_level_49_tex
2612	Buff	True	True	False	ソーマS VIII	$H_W_GOOD1$COLOR_END second毎にHPが$H_W_GOOD2360$COLOR_END回復します。	icon_items.hp_durable_drug_level_57_tex
2620	Buff	True	True	False	マナソーマ I	$H_W_GOOD1$COLOR_END second毎にMPが$H_W_GOOD100$COLOR_END回復します。	icon_items.mp_durable_drug_level_1_tex
2621	Buff	True	True	False	マナソーマ II	$H_W_GOOD1$COLOR_END second毎にMPが$H_W_GOOD111$COLOR_END回復します。	icon_items.mp_durable_drug_level_9_tex
2622	Buff	True	True	False	マナソーマ III	$H_W_GOOD1$COLOR_END second毎にMPが$H_W_GOOD123$COLOR_END回復します。	icon_items.mp_durable_drug_level_17_tex
2623	Buff	True	True	False	マナソーマ IV	$H_W_GOOD1$COLOR_END second毎にMPが$H_W_GOOD135$COLOR_END回復します。	icon_items.mp_durable_drug_level_25_tex
2624	Buff	True	True	False	マナソーマ V	$H_W_GOOD1$COLOR_END second毎にMPが$H_W_GOOD146$COLOR_END回復します。	icon_items.mp_durable_drug_level_33_tex
2625	Buff	True	True	False	マナソーマ VI	$H_W_GOOD1$COLOR_END second毎にMPが$H_W_GOOD158$COLOR_END回復します。	icon_items.mp_durable_drug_level_41_tex
2626	Buff	True	True	False	マナソーマ VII	$H_W_GOOD1$COLOR_END second毎にMPが$H_W_GOOD170$COLOR_END回復します。	icon_items.mp_durable_drug_level_49_tex
2627	Buff	True	True	False	マナソーマ VIII	$H_W_GOOD1$COLOR_END second毎にMPが$H_W_GOOD182$COLOR_END回復します。	icon_items.mp_durable_drug_level_57_tex
2628	Buff	True	True	False	マナソーマ IX	$H_W_GOOD1$COLOR_END second毎にMPが$H_W_GOOD218$COLOR_END回復します。	icon_items.mp_durable_drug_level_57_tex
2629	Buff	True	True	False	マナソーマ X	$H_W_GOOD1$COLOR_END second毎にMPが $H_W_GOOD250$COLOR_END回復します。	icon_items.mp_durable_drug_level_57_tex
2635	Buff	True	True	False	マナソーマS I	$H_W_GOOD1$COLOR_END second毎にMPが$H_W_GOOD127$COLOR_END回復します。	icon_items.mp_durable_drug_level_1_tex
2636	Buff	True	True	False	マナソーマS II	$H_W_GOOD1$COLOR_END second毎にMPが$H_W_GOOD141$COLOR_END回復します。	icon_items.mp_durable_drug_level_9_tex
2637	Buff	True	True	False	マナソーマS III	$H_W_GOOD1$COLOR_END second毎にMPが$H_W_GOOD155$COLOR_END回復します。	icon_items.mp_durable_drug_level_17_tex
2638	Buff	True	True	False	マナソーマS IV	$H_W_GOOD1$COLOR_END second毎にMPが$H_W_GOOD169$COLOR_END回復します。	icon_items.mp_durable_drug_level_25_tex
2639	Buff	True	True	False	マナソーマS V	$H_W_GOOD1$COLOR_END second毎にMPが$H_W_GOOD183$COLOR_END回復します。	icon_items.mp_durable_drug_level_33_tex
2640	Buff	True	True	False	マナソーマS VI	$H_W_GOOD1$COLOR_END second毎にMPが$H_W_GOOD197$COLOR_END回復します。	icon_items.mp_durable_drug_level_41_tex
2641	Buff	True	True	False	マナソーマS VII	$H_W_GOOD1$COLOR_END second毎にMPが$H_W_GOOD211$COLOR_END回復します。	icon_items.mp_durable_drug_level_49_tex
2642	Buff	True	True	False	マナソーマS VIII	$H_W_GOOD1$COLOR_END second毎にMPが$H_W_GOOD225$COLOR_END回復します。	icon_items.mp_durable_drug_level_57_tex
2650	Buff	True	True	False	リカバリーソーマ I	$H_W_GOOD1$COLOR_END second毎にHPが$H_W_GOOD107$COLOR_END、MPが$H_W_GOOD75$COLOR_END回復します。	icon_items.hmp_durable_drug_level_1_tex
2651	Buff	True	True	False	リカバリーソーマ II	$H_W_GOOD1$COLOR_END second毎にHPが$H_W_GOOD165$COLOR_END、MPが$H_W_GOOD83$COLOR_END回復します。	icon_items.hmp_durable_drug_level_9_tex
2652	Buff	True	True	False	リカバリーソーマ III	$H_W_GOOD1$COLOR_END second毎にHPが$H_W_GOOD255$COLOR_END、MPが$H_W_GOOD92$COLOR_END回復します。	icon_items.hmp_durable_drug_level_17_tex
2653	Buff	True	True	False	リカバリーソーマ IV	$H_W_GOOD1$COLOR_END second毎にHPが$H_W_GOOD393$COLOR_END、MPが$H_W_GOOD101$COLOR_END回復します。	icon_items.hmp_durable_drug_level_25_tex
2654	Buff	True	True	False	リカバリーソーマ V	$H_W_GOOD1$COLOR_END second毎にHPが$H_W_GOOD605$COLOR_END、MPが$H_W_GOOD110$COLOR_END回復します。	icon_items.hmp_durable_drug_level_33_tex
2655	Buff	True	True	False	リカバリーソーマ VI	$H_W_GOOD1$COLOR_END second毎にHPが$H_W_GOOD930$COLOR_END、MPが$H_W_GOOD119$COLOR_END回復します。	icon_items.hmp_durable_drug_level_41_tex
2656	Buff	True	True	False	リカバリーソーマ VII	$H_W_GOOD1$COLOR_END second毎にHPが$H_W_GOOD1604$COLOR_END、MPが$H_W_GOOD127$COLOR_END回復します。	icon_items.hmp_durable_drug_level_49_tex
2657	Buff	True	True	False	リカバリーソーマ VIII	$H_W_GOOD1$COLOR_END second毎にHPが$H_W_GOOD2249$COLOR_END、MPが$H_W_GOOD136$COLOR_END回復します。	icon_items.hmp_durable_drug_level_57_tex
2665	Buff	True	True	False	リカバリーソーマS I	$H_W_GOOD1$COLOR_END second毎にHPが$H_W_GOOD143$COLOR_END、MPが$H_W_GOOD95$COLOR_END回復します。	icon_items.hmp_durable_drug_level_1_tex
2666	Buff	True	True	False	リカバリーソーマS II	$H_W_GOOD1$COLOR_END second毎にHPが$H_W_GOOD221$COLOR_END、MPが$H_W_GOOD105$COLOR_END回復します。	icon_items.hmp_durable_drug_level_9_tex
2667	Buff	True	True	False	リカバリーソーマS III	$H_W_GOOD1$COLOR_END second毎にHPが$H_W_GOOD341$COLOR_END、MPが$H_W_GOOD116$COLOR_END回復します。	icon_items.hmp_durable_drug_level_17_tex
2668	Buff	True	True	False	リカバリーソーマS IV	$H_W_GOOD1$COLOR_END second毎にHPが$H_W_GOOD525$COLOR_END、MPが$H_W_GOOD127$COLOR_END回復します。	icon_items.hmp_durable_drug_level_25_tex
2669	Buff	True	True	False	リカバリーソーマS V	$H_W_GOOD1$COLOR_END second毎にHPが$H_W_GOOD808$COLOR_END、MPが$H_W_GOOD137$COLOR_END回復します。	icon_items.hmp_durable_drug_level_33_tex
2670	Buff	True	True	False	リカバリーソーマS VI	$H_W_GOOD1$COLOR_END second毎にHPが$H_W_GOOD1242$COLOR_END、MPが$H_W_GOOD148$COLOR_END回復します。	icon_items.hmp_durable_drug_level_41_tex
2671	Buff	True	True	False	リカバリーソーマS VII	$H_W_GOOD1$COLOR_END second毎にHPが$H_W_GOOD2154$COLOR_END、MPが$H_W_GOOD158$COLOR_END回復します。	icon_items.hmp_durable_drug_level_49_tex
2672	Buff	True	True	False	リカバリーソーマS VIII	$H_W_GOOD1$COLOR_END second毎にHPが$H_W_GOOD3021$COLOR_END、MPが$H_W_GOOD169$COLOR_END回復します。	icon_items.hmp_durable_drug_level_57_tex
2680	Buff	True	True	False	持続呪文書：クリティカル率 I	クリティカル発生が$H_W_GOOD5$COLOR_END上昇します。	icon_items.scroll_cri_rate_level_1_tex
2681	Buff	True	True	False	持続呪文書：クリティカル率 II	クリティカル発生が$H_W_GOOD10$COLOR_END上昇します。	icon_items.scroll_cri_rate_level_23_tex
2682	Buff	True	True	False	持続呪文書：クリティカル率 III	クリティカル発生が$H_W_GOOD15$COLOR_END上昇します。	icon_items.scroll_cri_rate_level_35_tex
2683	Buff	True	True	False	持続呪文書：クリティカル率 IV	クリティカル発生が$H_W_GOOD20$COLOR_END上昇します。	icon_items.scroll_cri_rate_level_47_tex
2684	Buff	True	True	False	持続呪文書：クリティカル率 V	クリティカル発生が$H_W_GOOD25$COLOR_END上昇します。	icon_items.scroll_cri_rate_level_59_tex
2685	Buff	True	True	False	持続呪文書：クリティカル率 VI	クリティカル発生が$H_W_GOOD43$COLOR_END上昇します。	icon_items.scroll_cri_rate_level_59_tex
2686	Buff	True	True	False	持続呪文書：クリティカル率 VII	クリティカル発生が$H_W_GOOD55$COLOR_END上昇します。	icon_items.scroll_cri_rate_level_59_tex
2695	Buff	True	True	False	持続呪文書：クリティカルダメージ I	クリティカル威力が$H_W_GOOD+0,27$COLOR_END倍増加します。	icon_items.scroll_cri_power_level_1_tex
2696	Buff	True	True	False	持続呪文書：クリティカルダメージ II	クリティカル威力が$H_W_GOOD+0,54$COLOR_END倍増加します。	icon_items.scroll_cri_power_level_23_tex
2697	Buff	True	True	False	持続呪文書：クリティカルダメージ III	クリティカル威力が$H_W_GOOD+0,81$COLOR_END倍増加します。	icon_items.scroll_cri_power_level_35_tex
2698	Buff	True	True	False	持続呪文書：クリティカルダメージ IV	クリティカル威力が$H_W_GOOD+1,07$COLOR_END倍増加します。	icon_items.scroll_cri_power_level_47_tex
2699	Buff	True	True	False	持続呪文書：クリティカルダメージ V	クリティカル威力が$H_W_GOOD+1,34$COLOR_END倍増加します。	icon_items.scroll_cri_power_level_59_tex
2700	Buff	True	True	False	持続呪文書：クリティカルダメージ VI	クリティカル威力が$H_W_GOOD+1,38$COLOR_END倍増加します。	icon_items.scroll_cri_power_level_59_tex
2701	Buff	True	True	False	持続呪文書：クリティカルダメージ VII	クリティカル威力が$H_W_GOOD+1,42$COLOR_END倍増加します。	icon_items.scroll_cri_power_level_59_tex
2710	Buff	True	True	False	衝撃上昇の書 I	衝撃が$H_W_GOOD5$COLOR_END上昇します。	icon_items.scroll_impact_power_level_1_tex
2711	Buff	True	True	False	衝撃上昇の書 II	衝撃が$H_W_GOOD8$COLOR_END上昇します。	icon_items.scroll_impact_power_level_23_tex
2712	Buff	True	True	False	衝撃上昇の書 III	衝撃が$H_W_GOOD11$COLOR_END上昇します。	icon_items.scroll_impact_power_level_35_tex
2713	Buff	True	True	False	衝撃上昇の書 IV	衝撃が$H_W_GOOD14$COLOR_END上昇します。	icon_items.scroll_impact_power_level_47_tex
2714	Buff	True	True	False	衝撃上昇の書 V	衝撃が$H_W_GOOD17$COLOR_END上昇します。	icon_items.scroll_impact_power_level_59_tex
2725	Buff	True	True	False	持続呪文書：攻撃速度 I	攻撃速度が$H_W_GOOD2$COLOR_END上昇します。	icon_items.scroll_atk_speed_level_1_tex
2726	Buff	True	True	False	持続呪文書：攻撃速度 II	攻撃速度が$H_W_GOOD4$COLOR_END上昇します。	icon_items.scroll_atk_speed_level_23_tex
2727	Buff	True	True	False	持続呪文書：攻撃速度 III	攻撃速度が$H_W_GOOD5$COLOR_END上昇します。	icon_items.scroll_atk_speed_level_35_tex
2728	Buff	True	True	False	持続呪文書：攻撃速度 IV	攻撃速度が$H_W_GOOD7$COLOR_END上昇します。	icon_items.scroll_atk_speed_level_47_tex
2729	Buff	True	True	False	持続呪文書：攻撃速度 V	攻撃速度が$H_W_GOOD9$COLOR_END上昇します。	icon_items.scroll_atk_speed_level_59_tex
2730	Buff	True	True	False	持続呪文書：攻撃速度 VI	攻撃速度が$H_W_GOOD10$COLOR_END上昇します。	icon_items.scroll_atk_speed_level_59_tex
2740	Buff	True	True	False	削除_移動速度上昇の書 I	移動速度が$H_W_GOOD5$COLOR_END上昇します。	icon_items.scroll_move_speed_level_1_tex
2741	Buff	True	True	False	削除_移動速度上昇の書 II	移動速度が$H_W_GOOD8$COLOR_END上昇します。	icon_items.scroll_move_speed_level_23_tex
2742	Buff	True	True	False	削除_移動速度上昇の書 III	移動速度が$H_W_GOOD10$COLOR_END上昇します。	icon_items.scroll_move_speed_level_35_tex
2743	Buff	True	True	False	削除_移動速度上昇の書 IV	移動速度が$H_W_GOOD13$COLOR_END上昇します。	icon_items.scroll_move_speed_level_47_tex
2744	Buff	True	True	False	削除_移動速度上昇の書 V	移動速度が$H_W_GOOD16$COLOR_END上昇します。	icon_items.scroll_move_speed_level_59_tex
2755	Buff	True	True	False	瞬間呪文書：保護 I	バリアが最大$H_W_GOOD636$COLOR_ENDのダメージを無効化します。効果持続中、ダウン/硬直状態になりません。最大値を超えると持続時間に関わらず即解除されます。	icon_items.scroll_def_protect_level_1_tex
2756	Buff	True	True	False	瞬間呪文書：保護 II	バリアが最大$H_W_GOOD1000$COLOR_ENDのダメージを無効化します。効果持続中、ダウン/硬直状態になりません。最大値を超えると持続時間に関わらず即解除されます。	icon_items.scroll_def_protect_level_23_tex
2757	Buff	True	True	False	瞬間呪文書：保護 III	バリアが最大$H_W_GOOD1553$COLOR_ENDのダメージを無効化します。効果持続中、ダウン/硬直状態になりません。最大値を超えると持続時間に関わらず即解除されます。	icon_items.scroll_def_protect_level_35_tex
2758	Buff	True	True	False	瞬間呪文書：保護 IV	バリアが最大$H_W_GOOD2380$COLOR_ENDのダメージを無効化します。効果持続中、ダウン/硬直状態になりません。最大値を超えると持続時間に関わらず即解除されます。	icon_items.scroll_def_protect_level_47_tex
2759	Buff	True	True	False	瞬間呪文書：保護 V	バリアが最大$H_W_GOOD3595$COLOR_ENDのダメージを無効化します。効果持続中、ダウン/硬直状態になりません。最大値を超えると持続時間に関わらず即解除されます。	icon_items.scroll_def_protect_level_59_tex
2760	Buff	True	True	False	瞬間呪文書：保護 VI	バリアが最大$H_W_GOOD13200$COLOR_ENDのダメージを無効化します。効果発動中はダウン/硬直が発生しません。最大値を超えると持続時間に関係なく効果が解除されます。	icon_items.scroll_def_protect_level_59_tex
2761	Buff	True	True	False	瞬間呪文書：保護 VII	バリアが最大$H_W_GOOD16000$COLOR_ENDのダメージを無効化します。効果発動中はダウン/硬直が発生しません。最大値を超えると持続時間に関係なく効果が解除されます。	icon_items.scroll_def_protect_level_59_tex
2770	Buff	True	True	False	抵抗呪文書：弱化 I	デバフ【状態弱化】抵抗が$H_W_GOOD2$COLOR_END上昇します。	icon_items.scroll_debuff_protect_level_1_tex
2771	Buff	True	True	False	抵抗呪文書：弱化 II	デバフ【状態弱化】抵抗が$H_W_GOOD4$COLOR_END上昇します。	icon_items.scroll_debuff_protect_level_23_tex
2772	Buff	True	True	False	抵抗呪文書：弱化 III	デバフ【状態弱化】抵抗が$H_W_GOOD6$COLOR_END上昇します。	icon_items.scroll_debuff_protect_level_35_tex
2773	Buff	True	True	False	抵抗呪文書：弱化 IV	デバフ【状態弱化】抵抗が$H_W_GOOD8$COLOR_END上昇します。	icon_items.scroll_debuff_protect_level_47_tex
2774	Buff	True	True	False	抵抗呪文書：弱化 V	デバフ【状態弱化】抵抗が$H_W_GOOD10$COLOR_END上昇します。	icon_items.scroll_debuff_protect_level_59_tex
2785	Buff	True	True	False	抵抗呪文書：持続ダメージ I	デバフ【持続ダメージ】抵抗が$H_W_GOOD2$COLOR_END上昇します。	icon_items.scroll_dot_protect_level_1_tex
2786	Buff	True	True	False	抵抗呪文書：持続ダメージ II	デバフ【持続ダメージ】抵抗が$H_W_GOOD4$COLOR_END上昇します。	icon_items.scroll_dot_protect_level_23_tex
2787	Buff	True	True	False	抵抗呪文書：持続ダメージ III	デバフ【持続ダメージ】抵抗が$H_W_GOOD6$COLOR_END上昇します。	icon_items.scroll_dot_protect_level_35_tex
2788	Buff	True	True	False	抵抗呪文書：持続ダメージ IV	デバフ【持続ダメージ】抵抗が$H_W_GOOD8$COLOR_END上昇します。	icon_items.scroll_dot_protect_level_47_tex
2789	Buff	True	True	False	抵抗呪文書：持続ダメージ V	デバフ【持続ダメージ】抵抗が$H_W_GOOD10$COLOR_END上昇します。	icon_items.scroll_dot_protect_level_59_tex
2800	Buff	True	True	False	抵抗呪文書：行動不能 I	デバフ【行動不能】抵抗が$H_W_GOOD2$COLOR_END上昇します。	icon_items.scroll_sleep_protect_level_1_tex
2801	Buff	True	True	False	抵抗呪文書：行動不能 II	デバフ【行動不能】抵抗が$H_W_GOOD4$COLOR_END上昇します。	icon_items.scroll_sleep_protect_level_23_tex
2802	Buff	True	True	False	抵抗呪文書：行動不能 III	デバフ【行動不能】抵抗が$H_W_GOOD6$COLOR_END上昇します。	icon_items.scroll_sleep_protect_level_35_tex
2803	Buff	True	True	False	抵抗呪文書：行動不能 IV	デバフ【行動不能】抵抗が$H_W_GOOD8$COLOR_END上昇します。	icon_items.scroll_sleep_protect_level_47_tex
2804	Buff	True	True	False	抵抗呪文書：行動不能 V	デバフ【行動不能】抵抗が$H_W_GOOD10$COLOR_END上昇します。	icon_items.scroll_sleep_protect_level_59_tex
2815	Buff	True	True	False	抵抗秘伝書：弱化 I	デバフ【状態弱化】抵抗が$H_W_GOOD20$COLOR_END上昇します。	icon_items.scroll_debuff_protect_level_1_tex
2816	Buff	True	True	False	抵抗秘伝書：弱化 II	デバフ【状態弱化】抵抗が$H_W_GOOD30$COLOR_END上昇します。	icon_items.scroll_debuff_protect_level_23_tex
2817	Buff	True	True	False	抵抗秘伝書：弱化 III	デバフ【状態弱化】抵抗が$H_W_GOOD40$COLOR_END上昇します。	icon_items.scroll_debuff_protect_level_35_tex
2818	Buff	True	True	False	抵抗秘伝書：弱化 IV	デバフ【状態弱化】抵抗が$H_W_GOOD50$COLOR_END上昇します。	icon_items.scroll_debuff_protect_level_47_tex
2819	Buff	True	True	False	抵抗秘伝書：弱化 V	デバフ【状態弱化】抵抗が$H_W_GOOD60$COLOR_END上昇します。	icon_items.scroll_debuff_protect_level_59_tex
2830	Buff	True	True	False	抵抗秘伝書：持続ダメージ I	デバフ【持続ダメージ】抵抗が$H_W_GOOD20$COLOR_END上昇します。	icon_items.scroll_dot_protect_level_1_tex
2831	Buff	True	True	False	抵抗秘伝書：持続ダメージ II	デバフ【持続ダメージ】抵抗が$H_W_GOOD30$COLOR_END上昇します。	icon_items.scroll_dot_protect_level_23_tex
2832	Buff	True	True	False	抵抗秘伝書：持続ダメージ III	デバフ【持続ダメージ】抵抗が$H_W_GOOD40$COLOR_END上昇します。	icon_items.scroll_dot_protect_level_35_tex
2833	Buff	True	True	False	抵抗秘伝書：持続ダメージ IV	デバフ【持続ダメージ】抵抗が$H_W_GOOD50$COLOR_END上昇します。	icon_items.scroll_dot_protect_level_47_tex
2834	Buff	True	True	False	抵抗秘伝書：持続ダメージ V	デバフ【持続ダメージ】抵抗が$H_W_GOOD60$COLOR_END上昇します。	icon_items.scroll_dot_protect_level_59_tex
2845	Buff	True	True	False	抵抗秘伝書：行動不能 I	デバフ【行動不能】抵抗が$H_W_GOOD20$COLOR_END上昇します。	icon_items.scroll_sleep_protect_level_1_tex
2846	Buff	True	True	False	抵抗秘伝書：行動不能 II	デバフ【行動不能】抵抗が$H_W_GOOD30$COLOR_END上昇します。	icon_items.scroll_sleep_protect_level_23_tex
2847	Buff	True	True	False	抵抗秘伝書：行動不能 III	デバフ【行動不能】抵抗が$H_W_GOOD40$COLOR_END上昇します。	icon_items.scroll_sleep_protect_level_35_tex
2848	Buff	True	True	False	抵抗秘伝書：行動不能 IV	デバフ【行動不能】抵抗が$H_W_GOOD50$COLOR_END上昇します。	icon_items.scroll_sleep_protect_level_47_tex
2849	Buff	True	True	False	抵抗秘伝書：行動不能 V	デバフ【行動不能】抵抗が$H_W_GOOD60$COLOR_END上昇します。	icon_items.scroll_sleep_protect_level_59_tex
2860	Buff	True	True	False	瞬間呪文書：疾駆 I	移動速度が$H_W_GOOD50$COLOR_END上昇します。	icon_items.scroll_run_speed_level_1_tex
2861	Buff	True	True	False	瞬間呪文書：疾駆 II	移動速度が$H_W_GOOD50$COLOR_END上昇します。	icon_items.scroll_run_speed_level_31_tex
2862	Buff	True	True	False	瞬間呪文書：疾駆 III	移動速度が$H_W_GOOD50$COLOR_END上昇します。	icon_items.scroll_run_speed_level_51_tex
2875	Buff	True	True	False	エクストラポーション I	HP回復効果適用時、HP回復量が$H_W_GOOD9,00000000000001%$COLOR_END増加します。	icon_items.scroll_heal_powerup_level_1_tex
2876	Buff	True	True	False	エクストラポーション II	HP回復効果適用時、HP回復量が$H_W_GOOD13%$COLOR_END増加します。	icon_items.scroll_heal_powerup_level_31_tex
2877	Buff	True	True	False	エクストラポーション III	HP回復効果適用時、HP回復量が$H_W_GOOD17%$COLOR_END増加します。	icon_items.scroll_heal_powerup_level_51_tex
2880	Buff	True	True	False	ホーリーポーション I	スキル発動時に獲得する敵対値が$H_W_GOOD5%$COLOR_END減少します。	icon_items.decrease_aggro_potion_level_1_tex
2881	Buff	True	True	False	ホーリーポーション II	スキル発動時に獲得する敵対値が$H_W_GOOD10%$COLOR_END減少します。	icon_items.decrease_aggro_potion_level_23_tex
2882	Buff	True	True	False	ホーリーポーション III	スキル発動時に獲得する敵対値が$H_W_GOOD15%$COLOR_END減少します。	icon_items.decrease_aggro_potion_level_35_tex
2883	Buff	True	True	False	ホーリーポーション IV	スキル発動時に獲得する敵対値が$H_W_GOOD20%$COLOR_END減少します。	icon_items.decrease_aggro_potion_level_47_tex
2884	Buff	True	True	False	ホーリーポーション V	スキル発動時に獲得する敵対値が$H_W_GOOD25%$COLOR_END減少します。	icon_items.decrease_aggro_potion_level_59_tex
2890	Buff	True	True	False	撹乱の爆弾	効果持続中、ロックオン系スキルは使用できません。	icon_items.cancel_lockon_potion_level_51_tex
2905	Buff	True	True	False	拘束の爆弾	効果持続中、回避及び移動系スキルは使用できません。	icon_items.cancel_evade_potion_level_51_tex
2930	Buff	True	True	False	永遠の聖水 I	効果持続中、コンディションが減少しません。	icon_items.condition_safe_potion_level_11_tex
2931	Buff	True	True	False	永遠の聖水 II	効果持続中、コンディションが減少しません。	icon_items.condition_safe_potion_level_31_tex
2932	Buff	True	True	False	永遠の聖水 III	効果持続中、コンディションが減少しません。	icon_items.condition_safe_potion_level_51_tex
2945	Buff	True	True	False	オオワシの秘薬 I	効果持続中、遠距離攻撃スキルのクールタイムが$H_W_GOOD0,95$COLOR_END短縮されます。	icon_items.eagles_potion_level_1_tex
2946	Buff	True	True	False	オオワシの秘薬 II	効果持続中、遠距離攻撃スキルのクールタイムが$H_W_GOOD0,925$COLOR_END短縮されます。	icon_items.eagles_potion_level_23_tex
2947	Buff	True	True	False	オオワシの秘薬 III	効果持続中、遠距離攻撃スキルのクールタイムが$H_W_GOOD0,9$COLOR_END短縮されます。	icon_items.eagles_potion_level_35_tex
2948	Buff	True	True	False	オオワシの秘薬 IV	効果持続中、遠距離攻撃スキルのクールタイムが$H_W_GOOD0,875$COLOR_END短縮されます。	icon_items.eagles_potion_level_47_tex
2949	Buff	True	True	False	オオワシの秘薬 V	効果持続中、遠距離攻撃スキルのクールタイムが$H_W_GOOD0,85$COLOR_END短縮されます。	icon_items.eagles_potion_level_59_tex
2950	Buff	True	True	False	オオワシの秘薬（大） V	効果持続中、遠距離攻撃スキルのクールタイムが$H_W_GOOD0,85$COLOR_END短縮されます。	icon_items.eagles_potion_level_59_tex
2960	Buff	True	True	False	獅子王の秘薬 I	効果持続中、近距離攻撃スキルのクールタイムが$H_W_GOOD0,95$COLOR_END短縮されます。	icon_items.lions_potion_level_1_tex
2961	Buff	True	True	False	獅子王の秘薬 II	効果持続中、近距離攻撃スキルのクールタイムが$H_W_GOOD0,925$COLOR_END短縮されます。	icon_items.lions_potion_level_23_tex
2962	Buff	True	True	False	獅子王の秘薬 III	効果持続中、近距離攻撃スキルのクールタイムが$H_W_GOOD0,9$COLOR_END短縮されます。	icon_items.lions_potion_level_35_tex
2963	Buff	True	True	False	獅子王の秘薬 IV	効果持続中、近距離攻撃スキルのクールタイムが$H_W_GOOD0,875$COLOR_END短縮されます。	icon_items.lions_potion_level_47_tex
2964	Buff	True	True	False	獅子王の秘薬 V	効果持続中、近距離攻撃スキルのクールタイムが$H_W_GOOD0,85$COLOR_END短縮されます。	icon_items.lions_potion_level_59_tex
2965	Buff	True	True	False	獅子王の秘薬（大） V	効果持続中、近距離攻撃スキルのクールタイムが$H_W_GOOD0,85$COLOR_END短縮されます。	icon_items.lions_potion_level_59_tex
2966	Buff	True	True	False	猛獣の秘薬 I	効果持続中、攻撃スキルのクールタイムが$H_W_GOOD0,95$COLOR_END短縮されます。	icon_items.griffon_potion_level_1_tex
2967	Buff	False	True	False	猛獣の秘薬 I(出たらBTS)	オオワシの秘薬、獅子王の秘薬と重複使用できないようにダミーカテゴリを入力するための異常状態。露出されたらBTS	
2968	Buff	True	True	False	猛獣の秘薬 II	効果持続中、攻撃スキルのクールタイムが$H_W_GOOD0,925$COLOR_END短縮されます。	icon_items.griffon_potion_level_23_tex
2969	Buff	False	True	False	猛獣の秘薬 II((出たらBTS)	オオワシの秘薬、獅子王の秘薬と重複使用できないようにダミーカテゴリを入力するための異常状態。露出されたらBTS	
2970	Buff	True	True	False	猛獣の秘薬 III	効果持続中、攻撃スキルのクールタイムが$H_W_GOOD0,9$COLOR_END短縮されます。	icon_items.griffon_potion_level_35_tex
2971	Buff	False	True	False	猛獣の秘薬 III(出たらBTS)	オオワシの秘薬、獅子王の秘薬と重複使用できないようにダミーカテゴリを入力するための異常状態。露出されたらBTS	
2972	Buff	True	True	False	猛獣の秘薬 IV	効果持続中、攻撃スキルのクールタイムが$H_W_GOOD0,875$COLOR_END短縮されます。	icon_items.griffon_potion_level_47_tex
2973	Buff	False	True	False	猛獣の秘薬 IV(出たらBTS)	オオワシの秘薬、獅子王の秘薬と重複使用できないようにダミーカテゴリを入力するための異常状態。露出されたらBTS	
2974	Buff	True	True	False	猛獣の秘薬 V	効果持続中、攻撃スキルのクールタイムが$H_W_GOOD0,85$COLOR_END短縮されます。	icon_items.griffon_potion_level_59_tex
2975	Buff	False	True	False	猛獣の秘薬 V(出たらBTS)	オオワシの秘薬、獅子王の秘薬と重複使用できないようにダミーカテゴリを入力するための異常状態。露出されたらBTS	
2976	Buff	True	True	False	猛獣の秘薬（大） V	効果持続中、攻撃スキルのクールタイムが$H_W_GOOD0,85$COLOR_END短縮されます。	icon_items.griffon_potion_level_60_tex
2977	Buff	False	True	False	猛獣の秘薬（大） V(出たらBTS)	オオワシの秘薬、獅子王の秘薬と重複使用できないようにダミーカテゴリを入力するための異常状態。露出されたらBTS	
3000	Buff	True	True	False	紅翼の気	力が$H_W_GOOD3$COLOR_END、攻撃速度が$H_W_GOOD2%$COLOR_END、クリティカル発生が$H_W_GOOD2$COLOR_END、移動速度が$H_W_GOOD4%$COLOR_END上昇します。	icon_skills.battlefield_high_ranking_tex
3001	Buff	True	True	False	邪魂の気	力が$H_W_GOOD3$COLOR_END、攻撃速度が$H_W_GOOD2%$COLOR_END、移動速度が$H_W_GOOD4%$COLOR_END上昇します。	icon_skills.battlefield_high_ranking_tex
3002	Buff	True	True	False	虐殺の気	力が$H_W_GOOD3$COLOR_END、移動速度が$H_W_GOOD4%$COLOR_END上昇します。	icon_skills.battlefield_high_ranking_tex
4000	Buff	True	True	False	下級戦闘秘薬	効果持続中、以下の効果が発生します。<br><br>力$H_W_GOOD9％$COLOR_END上昇<br>耐久力$H_W_GOOD7％$COLOR_END上昇<br>5秒毎に全体MPの$H_W_GOOD4.5％$COLOR_END回復<br>攻撃スキルのクールタイム$H_W_GOOD5％$COLOR_END減少<br>攻撃時クリティカル威力$H_W_GOOD+0.54倍$COLOR_END上昇	icon_items.add_extract_potion_2_tex
4001	Buff	True	True	False	下級戦闘秘薬	効果持続中、以下の効果が発生します。<br><br>力$H_W_GOOD9％$COLOR_END上昇<br>耐久力$H_W_GOOD7％$COLOR_END上昇<br>5秒毎に全体MPの$H_W_GOOD4.5％$COLOR_END回復<br>攻撃スキルのクールタイム$H_W_GOOD5％$COLOR_END減少<br>攻撃速度$H_W_GOOD+0.54倍$COLOR_END上昇	icon_items.add_extract_potion_2_tex
4002	Buff	False	True	False	下級戦闘秘薬(出たらBTS)	異常状態ツールチップ表示なし(isShow=False)このツールチップが見えたらBTS処理が必要！	
4003	Buff	False	True	False	下級戦闘秘薬(出たらBTS)	異常状態ツールチップ表示なし(isShow=False)このツールチップが見えたらBTS処理が必要！	
4010	Buff	True	True	False	中級戦闘秘薬	効果持続中、以下の効果が発生します。<br><br>力$H_W_GOOD18％$COLOR_END上昇<br>耐久力$H_W_GOOD14％$COLOR_END上昇<br>5秒毎に全体MPの$H_W_GOOD9％$COLOR_END回復<br>攻撃スキルのクールタイム$H_W_GOOD10％$COLOR_END 減少<br>攻撃時クリティカル威力$H_W_GOOD+1.07倍$COLOR_END上昇	icon_items.add_extract_potion_2_tex
4011	Buff	True	True	False	中級戦闘秘薬	効果持続中、以下の効果が発生します。<br><br>力$H_W_GOOD18％$COLOR_END上昇<br>耐久力$H_W_GOOD14％$COLOR_END上昇<br>5秒毎に全体MPの$H_W_GOOD9％$COLOR_END回復<br>攻撃スキルのクールタイム$H_W_GOOD10％$COLOR_END減少<br>攻撃速度$H_W_GOOD7$COLOR_END上昇	icon_items.add_extract_potion_2_tex
4012	Buff	False	True	False	中級戦闘秘薬(出たらBTS)	異常状態ツールチップ表示なし(isShow=False)このツールチップが見えたらBTS処理が必要！	
4013	Buff	False	True	False	中級戦闘秘薬(出たらBTS)	異常状態ツールチップ表示なし(isShow=False)このツールチップが見えたらBTS処理が必要！	
4020	Buff	True	True	False	上級戦闘秘薬	効果持続中、以下の効果が発生します。<br><br>力$H_W_GOOD27％$COLOR_END上昇<br>耐久力$H_W_GOOD20％$COLOR_END上昇<br>5秒毎に全体MPの$H_W_GOOD13％$COLOR_END回復<br>攻撃スキルのクールタイム$H_W_GOOD15％$COLOR_END減少<br>攻撃時クリティカル威力$H_W_GOOD+1.42倍$COLOR_END上昇	icon_items.add_extract_potion_2_tex
4021	Buff	True	True	False	上級戦闘秘薬	効果持続中、以下の効果が発生します。<br><br>力$H_W_GOOD27％$COLOR_END上昇<br>耐久力$H_W_GOOD20％$COLOR_END上昇<br>5秒毎に全体MPの$H_W_GOOD13％$COLOR_END回復<br>攻撃スキルのクールタイム$H_W_GOOD15％$COLOR_END減少<br>攻撃速度$H_W_GOOD10$COLOR_END上昇	icon_items.add_extract_potion_2_tex
4022	Buff	False	True	False	上級戦闘秘薬(出たらBTS)	異常状態ツールチップ表示なし(isShow=False)このツールチップが見えたらBTS処理が必要！	
4023	Buff	False	True	False	上級戦闘秘薬(出たらBTS)	異常状態ツールチップ表示なし(isShow=False)このツールチップが見えたらBTS処理が必要！	
4030	Buff	True	True	False	万能戦闘秘薬	効果持続中、以下の効果が発生します。<br><br>力$H_W_GOOD27％$COLOR_END上昇<br>耐久力$H_W_GOOD20％$COLOR_END上昇<br>5秒毎に全MPの$H_W_GOOD13％$COLOR_END回復<br>攻撃スキルのクールタイム$H_W_GOOD15％$COLOR_END減少<br>攻撃時クリティカル威力$H_W_GOOD+1.42倍$COLOR_END上昇	icon_items.add_extract_potion_2_tex
4031	Buff	True	True	False	万能戦闘秘薬	効果持続中、以下の効果が発生します。<br><br>力$H_W_GOOD27％$COLOR_END上昇<br>耐久力$H_W_GOOD20％$COLOR_END上昇<br>5秒毎に全体MPの$H_W_GOOD13％$COLOR_END回復<br>攻撃スキルのクールタイム$H_W_GOOD15％$COLOR_END減少<br>攻撃速度$H_W_GOOD10$COLOR_END上昇	icon_items.add_extract_potion_2_tex
4032	Buff	False	True	False	万能戦闘秘薬(出たらBTS)	異常状態ツールチップ表示なし(isShow=False)このツールチップが見えたらBTS処理が必要！	
4033	Buff	False	True	False	万能戦闘秘薬(出たらBTS)	異常状態ツールチップ表示なし(isShow=False)このツールチップが見えたらBTS処理が必要！	
4034	Buff	True	True	False			icon_items.heartchocolate_tex
4035	Buff	True	True	False			icon_items.drug_all_stats_up_tex
4036	Buff	True	True	False			icon_items.candyapple_tex
4037	Buff	False	True	False			icon_items.candyapple_tex
4400	WeakeningEffect	True	True	False	スマイル花火	HAVE A NICE DAY！	icon_status.smile_firecracker_abnormality_tex
4401	Buff	True	True	False	気持ち良い挨拶	気持ち良い挨拶を受けて足取りが軽くなりました。非戦闘状態での移動速度が若干上昇します。（15分継続）	icon_skills.greeting_tex
4402	Buff	True	True	False	【友達招待特典】経験値100％上昇	【友達招待特典】30日間、狩りの獲得経験値が$H_W_GOOD100%$COLOR_END増加します。他の経験値が上昇するアイテムの効果と重複して適用されます。接続を終了しても残り時間は減少します。	icon_status.vitality_tex
4403	Buff	False	True	False	気持ち良い挨拶_見えたらバグ	見えたらバグ	icon_skills.greeting_tex
4404	Buff	True	True	False	【友達招待特典】攻撃力10％増加	7日間、攻撃時に攻撃力が$H_W_GOOD10%$COLOR_END上昇します。他の攻撃力が上昇するアイテムの効果と重複して適用されます。接続を終了しても残り時間は減少します。	icon_status.buff_of_kaia_tex
4405	Buff	True	True	False	製作の楽しさ	武器、防具、消費アイテム、魔法刻印書の熟練度が500以下なら、製作で2倍の熟練度を獲得できます。	icon_items.small_insecta8_tex
4500	Buff	True	True	True	高速成長	狩りの獲得経験値が$H_W_GOOD10％$COLOR_END増加します。	icon_status.plusfocus_tex
4501	Buff	True	True	True	高速成長	狩りの獲得経験値が$H_W_GOOD20％$COLOR_END増加します。	icon_status.plusfocus_tex
4502	Buff	True	True	True	高速成長	狩りの獲得経験値が$H_W_GOOD30％$COLOR_END増加します。	icon_status.plusfocus_tex
4503	Buff	True	True	True	高速成長	狩りの獲得経験値が$H_W_GOOD40％$COLOR_END増加します。	icon_status.plusfocus_tex
4504	Buff	True	True	True	高速成長	狩りの獲得経験値が$H_W_GOOD50％$COLOR_END増加します。	icon_status.plusfocus_tex
4505	Buff	True	True	True	高速成長	狩りの獲得経験値が$H_W_GOOD60％$COLOR_END増加します。	icon_status.plusfocus_tex
4506	Buff	True	True	True	高速成長	狩りの獲得経験値が$H_W_GOOD70％$COLOR_END増加します。	icon_status.plusfocus_tex
4507	Buff	True	True	True	高速成長	狩りの獲得経験値が$H_W_GOOD80％$COLOR_END増加します。	icon_status.plusfocus_tex
4508	Buff	True	True	True	高速成長	狩りの獲得経験値が$H_W_GOOD90％$COLOR_END増加します。	icon_status.plusfocus_tex
4509	Buff	True	True	True	高速成長	狩りの獲得経験値が$H_W_GOOD2倍$COLOR_END増加します。	icon_status.plusfocus_tex
4510	Buff	True	True	True	高速成長	狩りの獲得経験値が$H_W_GOOD2.5倍$COLOR_END増加します。	icon_status.plusfocus_tex
4511	Buff	True	True	True	高速成長	狩りの獲得経験値が$H_W_GOOD3倍$COLOR_END増加します。	icon_status.plusfocus_tex
4512	Buff	True	True	True	高速成長	狩りの獲得経験値が$H_W_GOOD4倍$COLOR_END増加します。	icon_status.plusfocus_tex
4513	Buff	True	True	True	高速成長	狩りの獲得経験値が$H_W_GOOD5倍$COLOR_END増加します。	icon_status.plusfocus_tex
4514	Buff	True	True	True	高速成長	狩りの獲得経験値が$H_W_GOOD10倍$COLOR_END増加します。	icon_status.plusfocus_tex
4600	Buff	True	True	False	光輝の書：クリスタル保護	死亡時にクリスタルが壊れるのを防止します。効果は最大99回まで重複します。「完全な光輝の書：クリスタル保護」適用中は、効果が発動されません。	icon_items.q_closedspace_stone_05_tex
4610	Buff	True	True	False	完全な光輝の書：クリスタル保護	効果持続中、死亡時にクリスタルが壊れるのを防止します。	icon_items.q_closedspace_stone_05_tex
4612	Buff	True	True	False	完全な光輝の書：クリスタル保護	死亡時、クリスタルが砕けるのを防止します。	icon_items.q_closedspace_stone_05_tex
4620	Buff	True	True	False	製作速度上昇の書	全アイテムの製作速度が$H_W_GOOD50%$COLOR_END上昇します。	icon_items.scroll_produce_speedup_tex
4621	Buff	True	True	False	製作速度上昇の秘伝書	全アイテムの製作速度が$H_W_GOOD50%$COLOR_END上昇します。	icon_items.scroll_produce_speedup_tex
4630	Buff	True	True	False	採集熟練度上昇の書	$timeの間採集熟練度が$H_W_GOOD410$COLOR_END上昇します。	icon_items.scroll_collection_expup_tex
4640	Buff	True	True	False	セレンの導きの書	狩りの獲得経験値が$H_W_GOOD15％$COLOR_END上昇します。	icon_items.scroll_seren_blessing_tex
4650	Buff	True	True	True	ヴェリックの豊穣な祝福 - 放出	ダンジョン初心者に与えられたヴェリックの祝福によってダンジョンのラストボスのアイテムドロップ率が25％上昇します。戦闘中に死亡して一時的に効果が消滅しても、ボスの100m以内にいる場合、ドロップ率上昇効果は継続します。$BRヴェリックの豊穣な祝福は該当インスタンスダンジョンを10回クリアするまで維持されます。	icon_skills.exp_buff_seren_aura_tex
4651	Buff	True	True	True	ヴェリックの豊穣な祝福 	パーティーメンバーにダンジョン初心者がいるため、ラストボスのアイテムドロップ率が25％上昇します。戦闘中に初心者が死亡して一時的に祝福が消えても、初心者がボスの100m以内にいる場合、ドロップ率上昇効果は継続します。	icon_status.exp_buff_serenparty_tex
4660	Buff	True	True	False	採集速度上昇の書	採集速度が$H_W_GOOD40%$COLOR_END上昇します。	icon_status.collect_speedup_tex
4710	DamageOverTime	True	False	False	呪詛	$H_W_BAD1$COLOR_END second毎に全HPの$H_W_BAD12％$COLOR_ENDが減少します。	icon_status.poisonstatus_tex
4720	WeakeningEffect	True	False	False	神聖なる拘束	神聖なる力が呪いを弱めています！　移動速度が$H_W_BAD0,5$COLOR_END減少します。	icon_status.poisonup_tex
4730	Buff	True	True	False	神聖なる保護	効果持続中、アカシャの「破滅の疫病」に対する免疫力が高まります。この効果は、死亡後も解除されません。	icon_items.potion2_tex
4731	Buff	False	True	False	神聖なる保護	異常状態ツールチップ非表示（isShow=False）このツールチップが出たらBTS処理が必要です。	icon_items.potion2_tex
4760	Buff	True	True	False	干し肉	最高級牛肉により、HPが$H_W_GOOD7122$COLOR_ENDが即時に回復します。	icon_items.beefjerky_tex
4761	Buff	True	True	False	残影の秘薬	非戦闘状態での移動速度が$H_W_BAD2%$COLOR_END上昇します。	icon_items.leoparddrug_tex
4762	Buff	True	True	False	ブドウ酒	熟成されたブドウ酒の強い酸味により、MPが$H_W_GOOD1013$COLOR_END即時に回復します。ただし、効果持続中は気絶状態となり動くことができません。	icon_items.oldwine_tex
4763	Buff	True	True	False	傷んだ干し肉	長期間放置されていた干し肉により、HPが$H_W_GOOD10684$COLOR_END即時に回復します。ただし、効果持続中は気絶状態となり動くことができません。	icon_items.old_beefjerky_tex
4764	Buff	True	True	False	完熟バナナ	甘美なバナナにより、$H_W_GOOD1$COLOR_END second毎にHPが$H_W_GOOD1424$COLOR_END持続回復します。	icon_items.banana_tex
4765	Buff	True	True	False	非常食	食糧不足の非常時こそ！　$H_W_GOOD1$COLOR_END second毎にHPが$H_W_GOOD890$COLOR_END回復します。	icon_items.c-ration_tex
4766	Buff	True	True	False	焼き魚	脂の乗った焼き魚により、$H_W_GOOD1$COLOR_END second毎にHPが$H_W_GOOD2137$COLOR_END回復します。	icon_items.fishroast_tex
4767	Buff	True	True	False	アルゴンの浄化薬	力が$H_W_GOOD10%$COLOR_END上昇し、耐久力が$H_W_BAD10%$COLOR_END減少します。	icon_items.potion9_tex
4800	Buff	True	True	True	守護の連係 III	全攻撃スキルによる敵対値が$H_W_GOOD20%$COLOR_END、攻撃速度が$H_W_GOOD4%$COLOR_END上昇します。受けるダメージが$H_W_GOOD10%$COLOR_END減少し、ダウン/硬直発生率も$H_W_GOOD30%$COLOR_END減少します。	icon_status.plusedefence_tex
4801	Buff	True	True	True	攻撃の連係 III	スキルダメージが$H_W_GOOD10%$COLOR_END、攻撃速度が$H_W_GOOD4%$COLOR_END上昇し、受けるダメージが$H_W_GOOD10%$COLOR_END減少します。	icon_status.plusattack_tex
4802	Buff	True	True	True	回復の連係 III	スキルダメージが$H_W_GOOD10%$COLOR_END、攻撃速度が$H_W_GOOD4%$COLOR_END上昇し、受けるダメージが$H_W_GOOD10%$COLOR_END減少します。	icon_status.plushp_tex
4810	Buff	True	True	True	守護の連係 II	全攻撃スキルによる敵対値が$H_W_GOOD15%$COLOR_END、攻撃速度が$H_W_GOOD3%$COLOR_END上昇します。受けるダメージが$H_W_GOOD5%$COLOR_END減少し、ダウン/硬直発生率も$H_W_GOOD20%$COLOR_END減少します。	icon_status.plusedefence_tex
4811	Buff	True	True	True	攻撃の連係 II	スキルダメージが$H_W_GOOD5%$COLOR_END、攻撃速度が$H_W_GOOD3%$COLOR_END上昇し、受けるダメージが$H_W_GOOD5%$COLOR_END減少します。	icon_status.plusattack_tex
4812	Buff	True	True	True	回復の連係 II	スキルダメージが$H_W_GOOD5%$COLOR_END、攻撃速度が$H_W_GOOD3%$COLOR_END上昇し、受けるダメージが$H_W_GOOD5%$COLOR_END減少します。	icon_status.plushp_tex
4820	Buff	True	True	True	守護の連係 I	全攻撃スキルによる敵対値が$H_W_GOOD5%$COLOR_END、攻撃速度が$H_W_GOOD2%$COLOR_END上昇します。受けるダメージが$H_W_GOOD3%$COLOR_END減少し、ダウン/硬直発生率も$H_W_GOOD10%$COLOR_END減少します。	icon_status.plusedefence_tex
4821	Buff	True	True	True	攻撃の連係 I	スキルダメージが$H_W_GOOD3%$COLOR_END、攻撃速度が$H_W_GOOD2%$COLOR_END上昇し、受けるダメージが$H_W_GOOD3%$COLOR_END減少します。	icon_status.plusattack_tex
4822	Buff	True	True	True	回復の連係 I	スキルダメージが$H_W_GOOD3%$COLOR_END、攻撃速度が$H_W_GOOD2%$COLOR_END上昇し、受けるダメージが$H_W_GOOD3%$COLOR_END減少します。	icon_status.plushp_tex
4830	Buff	True	True	False	勇猛のポーション	攻撃速度が$H_W_GOOD4%$COLOR_END、スキルダメージが$H_W_GOOD10%$COLOR_ENDが上昇し、受けるダメージが$H_W_GOOD10%$COLOR_END減少します。勇猛の祝福と効果は重複しません。	icon_items.potion10_tex
4831	Buff	True	True	True	勇猛のポーション	攻撃速度が$H_W_GOOD4%$COLOR_END、スキルダメージが$H_W_GOOD10%$COLOR_ENDが上昇し、受けるダメージが$H_W_GOOD10%$COLOR_END減少します。勇猛の祝福と効果は重複しません。	icon_items.potion10_tex
4833	Buff	True	True	False	勇猛のポーション	攻撃速度が$H_W_GOOD6%$COLOR_END、スキルダメージが$H_W_GOOD12%$COLOR_ENDが上昇し、受けるダメージが$H_W_GOOD10%$COLOR_END減少します。勇猛の祝福と効果は重複しません。	icon_items.potion10_tex
4840	Buff	True	True	False	連係のポーション（守護）	全攻撃スキルによる敵対値が$H_W_GOOD15%$COLOR_END、攻撃速度が$H_W_GOOD3%$COLOR_END上昇します。受けるダメージが$H_W_GOOD5%$COLOR_END減少し、ダウン/硬直発生率も$H_W_GOOD20%$COLOR_END減少します。この効果は勇猛のポーションと効果は重複しません。	icon_status.plusedefence_tex
4841	Buff	True	True	False	連係のポーション（攻撃・回復）	攻撃速度が$H_W_GOOD3%$COLOR_END、スキルダメージが$H_W_GOOD5%$COLOR_END上昇し、受けるダメージが$H_W_GOOD5%$COLOR_END減少します。この効果は勇猛のポーションと効果は重複しません。	icon_status.plusattack_tex
4850	Buff	True	True	False	潜入状態	周囲が薄暗くなります。	icon_status.plusfocus_tex
4851	Buff	True	True	False	カイアの守護	自身を除くプレイヤーの攻撃速度が$H_W_GOOD100％$COLOR_END、力と耐久力が$H_W_GOOD100倍$COLOR_END上昇します。また、クールタイムが$H_W_GOOD90％$COLOR_END短縮されます。有効範囲は周囲約20mです。	icon_status.pluswill_tex
4852	Buff	True	True	False	カイアの守護	攻撃速度が$H_W_GOOD100%$COLOR_END、力と耐久力が$H_W_GOOD100倍$COLOR_END上昇します。また、クールタイムが$H_W_GOOD0,1$COLOR_END短縮されます。	icon_status.pluswill_tex
4860	Buff	True	True	True	ウォーリアーの神髄	ウォーリアーのダメージが$H_W_GOOD40%$COLOR_END減少し、敵対値が$H_W_GOOD20%$COLOR_END上昇します。また、ダウン/硬直状態になりません。	icon_status.plusedefence_tex
4861	WeakeningEffect	True	True	True	同行の祝福 - 放出	フレンドの誘いで新たに冒険を開始した冒険家たちに、同行の祝福が適用されます！　冒険に誘ったフレンドとパーティー状態で、周辺40mの範囲内にいるときに、自分とフレンドの双方に同行の祝福効果が付与されます。この効果は、死んでも消えません。	icon_status.boundmoveup_tex
4862	Buff	True	True	True	友情の祝福	フレンド招待の特典！　狩りの獲得経験値が $H_W_GOOD100%$COLOR_END増加します。	icon_items.exp_buff_potion2_tex
4863	Buff	True	True	True	同行の祝福	友だち招待特典！　招待したプレイヤーと狩りをすると、獲得経験値が$H_W_GOOD200%$COLOR_END増加します。	icon_status.exp_buff_serenparty_tex
4864	WeakeningEffect	True	True	False	友情の加熱	フレンド召喚により、友情が加熱しました。この効果が発生している間は、フレンド召喚ができません。	
4865	Buff	True	True	True	同行の祝福 - 放出	フレンドの誘いで新たに冒険を開始した冒険家たちに、同行の祝福が適用されます！　冒険に誘ったフレンドとパーティー状態で、周辺40mの範囲内にいるときに、自分とフレンドの双方に同行の祝福効果が付与されます。この効果は、死んでも消えません。	icon_items.exp_buff_potion1_tex
4866	Buff	True	True	False	ほくほくカボチャパイの香り	カボチャパイが大好きなジャック・オー・ランタンが特別なプレゼントをくれるかも？	icon_items.sweetypumpkinpie_tex
4867	Buff	False	False	False			
4868	Buff	False	False	False			
4869	Buff	False	False	False			
4870	Stun	True	False	False	スノーマン	体が凍りつき、スノーマンになりました！　他のプレイヤーから「火の玉」で解除してもらうことができます。	icon_items.snowman_scroll_tex
4871	Stun	True	False	False	混乱	石入り雪玉に当たったため混乱！	icon_status.paralyzestatus_tex
4872	Buff	True	True	False	カイロ	スノーマン状態と凍傷状態が解除されます。効果持続中、スノーマン/凍傷状態になりません。	icon_status.immunedebuff_tex
4873	Stun	True	False	False	寒さ	寒さのため体が凍っていきます！　効果が$H_W_BAD3回$COLOR_END重なると、スノーマン状態になります。	icon_status.icedamage_tex
4874	Stun	True	False	False	フラフラ	巨大雪玉のせいで移動速度が減少します！　	icon_status.diffusionabnormality_tex
4875	Buff	True	True	False	スノーマン	体が凍りつき、スノーマンになりました！　効果持続中、ダメージを受けるかスキルを使用すると状態が解除されます。また、他のプレイヤーから「火の玉」で解除してもらうことも可能です。	icon_items.snowman_scroll_tex
4876	Buff	False	False	False			
4877	Buff	False	True	False			
4878	Buff	False	False	False			
4879	WeakeningEffect	True	True	False	スノーマンの祝福	全てのデバフ、ダメージを受け付けません。	icon_status.plusedefence_tex
4880	Buff	False	True	False			
4881	Buff	False	True	False			
4882	WeakeningEffect	True	True	False	強烈なカイロ	効果持続中は、スノーマンになりません。	icon_status.plusedefence_tex
4883	Buff	True	True	False	スイートホットチョコ	$H_W_GOOD1$COLOR_END second毎に全HPの$H_W_GOOD4％$COLOR_ENDが回復します。	icon_items.hotchocolate_tex
4884	Buff	True	True	False	カラフルアイスクリーム	$H_W_GOOD1$COLOR_END second毎に全HPの$H_W_GOOD2％$COLOR_ENDが回復します。	icon_items.colourful_icecream_tex
4885	Buff	True	True	False	フレッシュブルースムージー	$H_W_GOOD1$COLOR_END second毎に全MPの$H_W_GOOD5％$COLOR_ENDが回復します。	icon_items.bluesmoothie_tex
4886	Buff	True	True	False	勇猛のポーション II	スキルダメージが$H_W_GOOD10%$COLOR_END、攻撃速度が$H_W_GOOD4%$COLOR_END上昇し、受けるダメージが$H_W_GOOD10%$COLOR_END減少します。	icon_items.potion10_tex
4950	Buff	True	True	True			icon_items.q_closedspace_stone_05_tex
4951	Buff	True	True	True	カイアの祝福	戦神カイアの祝福を受けて、死亡時にその場所でHP、MPが回復した状態で1回復活が可能です。リザレクションサイン、リバースブレシング、 ヴェリックの恩寵スキルと重複しません。	icon_skills.autoresurrect_tex
4952	Buff	True	True	True			icon_status.plusattack_tex
4953	Buff	True	True	False	強化のポーション	攻撃力が$H_W_GOOD12％$COLOR_END上昇します。	icon_status.plusattack_tex
4955	Buff	True	True	False	強化のポーション	攻撃力が$H_W_GOOD15％$COLOR_END上昇します。	icon_status.plusattack_tex
4956	Buff	False	True	False	イースターエッグのバスケット	全HPの$H_W_GOOD15％$COLOR_ENDが即時に回復します。	icon_items.ricecake_tex
4957	Buff	False	True	False	キューブバスケット	全HPの$H_W_GOOD15％$COLOR_ENDを即時に回復。	icon_items.sweetypumpkinpie_tex
5050	Buff	False	True	False	懲罰の幕_クールタイム初期化	(ハイド)アースレイジ命中時、懲罰の幕クールタイム初期化	icon_ep.ep_cooltime_restart_tex
5060	Buff	False	True	False	ウィガー_ダウン/硬直/スタン抵抗	ウィガー_ダウン/硬直/スタン抵抗	icon_skills.voidtrap_tex
6001	Buff	True	True	False	竜の血脈	モンスター攻撃時クリティカル威力が$H_W_GOOD1.5$COLOR_END倍上昇します。	icon_status.passive_dragonblood
6002	Buff	True	True	False	真竜の血脈	モンスター攻撃時クリティカル威力が$H_W_GOOD2$COLOR_END倍上昇します。	icon_status.passive_dragonblood2
6003	Buff	True	True	False	火炎の力	モンスター攻撃時クリティカル威力が$H_W_GOOD1.5$COLOR_END倍上昇します。	icon_skills.heataura_tex
6004	Buff	True	True	False	爆炎の力	モンスター攻撃時クリティカル威力が$H_W_GOOD2$COLOR_END倍上昇します。	icon_skills.flameaura_tex
6005	Buff	False	True	False		この異常状態は見えてはいけません。	
6006	Buff	True	True	False	不死鳥の力	持続時間中、無敵状態となります。スキルを使用すると解除されます。	icon_status.revivenow_status_tex
6007	Buff	True	True	False	不死鳥の回復	全HP、MPの$H_W_GOOD100%$COLOR_ENDを即時回復します。	icon_items.eagles_potion_level_47_tex
6008	WeakeningEffect	True	True	False	不死鳥の化身待機時間	化身の力が集まっています。化身の力が完全に集まるまでは$H_W_GOOD不死鳥の化身$COLOR_ENDの効果が発動しません。	icon_skills.flameaura_tex
6009	Buff	True	True	False	不死鳥の保護	死亡時にクリスタルが壊れるのを防止します。	icon_items.q_closedspace_stone_05_tex
6010	Buff	False	True	False		この異常状態は見えてはいけません。	
6011	WeakeningEffect	True	True	False	不死鳥の化身待機時間	化身の力が集まっています。化身の力が完全に集まるまでは$H_W_GOOD不死鳥の化身$COLOR_ENDの効果が発動しません。	icon_skills.heataura_tex
10100	DamageOverTime	True	False	False	猛毒 I［クリスタル］	$H_W_BAD1$COLOR_END second毎にHPが$H_W_BAD-11$COLOR_END減少します。	icon_items.customize9ar_tex
10101	DamageOverTime	True	False	False	猛毒 II［クリスタル］	$H_W_BAD1$COLOR_END second毎にHPが$H_W_BAD-23$COLOR_END減少します。	icon_items.customize9br_tex
10102	DamageOverTime	True	False	False	猛毒 III［クリスタル］	$H_W_BAD1$COLOR_END second毎にHPが$H_W_BAD-58$COLOR_END減少します。	icon_items.customize9cr_tex
10103	DamageOverTime	True	False	False	猛毒 IV［クリスタル］	$H_W_BAD1$COLOR_END second毎にHPが$H_W_BAD-144$COLOR_END減少します。	icon_items.customize9dr_tex
10104	DamageOverTime	True	False	False	猛毒 V［クリスタル］	$H_W_BAD1$COLOR_END second毎にHPが$H_W_BAD-341$COLOR_END減少します。	icon_items.customize9er_tex
10105	DamageOverTime	True	False	False	猛毒 VI［クリスタル］	$H_W_BAD1$COLOR_END second毎にHPが$H_W_BAD-763$COLOR_END減少します。	icon_items.customize9fr_tex
10106	DamageOverTime	True	False	False	猛毒 VII［クリスタル］	$H_W_BAD1$COLOR_END second毎にHPが$H_W_BAD-1052$COLOR_END減少します。	icon_items.customize9gr_tex
10110	DamageOverTime	True	False	False	猛毒 I［クリスタル］	$H_W_BAD1$COLOR_END second毎にHPが$H_W_BAD-14$COLOR_END減少します。	icon_items.customize9ar_tex
10111	DamageOverTime	True	False	False	猛毒 II［クリスタル］	$H_W_BAD1$COLOR_END second毎にHPが$H_W_BAD-28$COLOR_END減少します。	icon_items.customize9br_tex
10112	DamageOverTime	True	False	False	猛毒 III［クリスタル］	$H_W_BAD1$COLOR_END second毎にHPが$H_W_BAD-71$COLOR_END減少します。	icon_items.customize9cr_tex
10113	DamageOverTime	True	False	False	猛毒 IV［クリスタル］	$H_W_BAD1$COLOR_END second毎にHPが$H_W_BAD-177$COLOR_END減少します。	icon_items.customize9dr_tex
10114	DamageOverTime	True	False	False	猛毒 V［クリスタル］	$H_W_BAD1$COLOR_END second毎にHPが$H_W_BAD-421$COLOR_END減少します。	icon_items.customize9er_tex
10115	DamageOverTime	True	False	False	猛毒 VI［クリスタル］	$H_W_BAD1$COLOR_END second毎にHPが$H_W_BAD-942$COLOR_END減少します。	icon_items.customize9fr_tex
10116	DamageOverTime	True	False	False	猛毒 VII［クリスタル］	$H_W_BAD1$COLOR_END second毎にHPが$H_W_BAD-1298$COLOR_END減少します。	icon_items.customize9gr_tex
10120	DamageOverTime	True	False	False	猛毒 I［クリスタル］	$H_W_BAD1$COLOR_END second毎にHPが$H_W_BAD-12$COLOR_END減少します。	icon_items.customize9ar_tex
10121	DamageOverTime	True	False	False	猛毒 II［クリスタル］	$H_W_BAD1$COLOR_END second毎にHPが$H_W_BAD-26$COLOR_END減少します。	icon_items.customize9br_tex
10122	DamageOverTime	True	False	False	猛毒 III［クリスタル］	$H_W_BAD1$COLOR_END second毎にHPが$H_W_BAD-64$COLOR_END減少します。	icon_items.customize9cr_tex
10123	DamageOverTime	True	False	False	猛毒 IV［クリスタル］	$H_W_BAD1$COLOR_END second毎にHPが$H_W_BAD-161$COLOR_END減少します。	icon_items.customize9dr_tex
10124	DamageOverTime	True	False	False	猛毒 V［クリスタル］	$H_W_BAD1$COLOR_END second毎にHPが$H_W_BAD-381$COLOR_END減少します。	icon_items.customize9er_tex
10125	DamageOverTime	True	False	False	猛毒 VI［クリスタル］	$H_W_BAD1$COLOR_END second毎にHPが$H_W_BAD-853$COLOR_END減少します。	icon_items.customize9fr_tex
10200	Buff	True	True	False	クリティカル威力増加 I［クリスタル］	クリティカル威力が$H_W_GOOD+0.18$COLOR_END倍増加します。	icon_items.customize6ar_tex
10201	Buff	True	True	False	クリティカル威力増加 II［クリスタル］	クリティカル威力が$H_W_GOOD+0.22$COLOR_END倍増加します。	icon_items.customize6br_tex
10202	Buff	True	True	False	クリティカル威力増加 III［クリスタル］	クリティカル威力が$H_W_GOOD+0.26$COLOR_END倍増加します。	icon_items.customize6cr_tex
10203	Buff	True	True	False	クリティカル威力増加 IV［クリスタル］	クリティカル威力が$H_W_GOOD+0.28$COLOR_END倍増加します。	icon_items.customize6dr_tex
10204	Buff	True	True	False	クリティカル威力増加 V［クリスタル］	クリティカル威力が$H_W_GOOD+0.32$COLOR_END倍増加します。	icon_items.customize6er_tex
10205	Buff	True	True	False	クリティカル威力増加 VI［クリスタル］	クリティカル威力が$H_W_GOOD+0.36$COLOR_END倍増加します。	icon_items.customize6fr_tex
10206	Buff	True	True	False	クリティカル威力増加 VII［クリスタル］	クリティカル威力が $H_W_GOOD+0.38$COLOR_END倍増加します。	icon_items.customize6gr_tex
10210	Buff	True	True	False	クリティカル威力増加 I［クリスタル］	クリティカル威力が$H_W_GOOD+0.22$COLOR_END倍増加します。	icon_items.customize6ar_tex
10211	Buff	True	True	False	クリティカル威力増加 II［クリスタル］	クリティカル威力が$H_W_GOOD+0.26$COLOR_END倍増加します。	icon_items.customize6br_tex
10212	Buff	True	True	False	クリティカル威力増加 III［クリスタル］	クリティカル威力が$H_W_GOOD+0.3$COLOR_END倍増加します。	icon_items.customize6cr_tex
10213	Buff	True	True	False	クリティカル威力増加 IV［クリスタル］	クリティカル威力が$H_W_GOOD+0.36$COLOR_END倍増加します。	icon_items.customize6dr_tex
10214	Buff	True	True	False	クリティカル威力増加 V［クリスタル］	クリティカル威力が$H_W_GOOD+0.4$COLOR_END倍増加します。	icon_items.customize6er_tex
10215	Buff	True	True	False	クリティカル威力増加 VI［クリスタル］	クリティカル威力が$H_W_GOOD+0.44$COLOR_END倍増加します。	icon_items.customize6fr_tex
10216	Buff	True	True	False	クリティカル威力増加 VII［クリスタル］	クリティカル威力が $H_W_GOOD+0.46$COLOR_END倍増加します。	icon_items.customize6gr_tex
10220	Buff	True	True	False	クリティカル威力増加 I［クリスタル］	クリティカル威力が$H_W_GOOD+0.2$COLOR_END倍増加します。	icon_items.customize6ar_tex
10221	Buff	True	True	False	クリティカル威力増加 II［クリスタル］	クリティカル威力が$H_W_GOOD+0.24$COLOR_END倍増加します。	icon_items.customize6br_tex
10222	Buff	True	True	False	クリティカル威力増加 III［クリスタル］	クリティカル威力が$H_W_GOOD+0.28$COLOR_END倍増加します。	icon_items.customize6cr_tex
10223	Buff	True	True	False	クリティカル威力増加 IV［クリスタル］	クリティカル威力が$H_W_GOOD+0.32$COLOR_END倍増加します。	icon_items.customize6dr_tex
10224	Buff	True	True	False	クリティカル威力増加 V［クリスタル］	クリティカル威力が$H_W_GOOD+0.36$COLOR_END倍増加します。	icon_items.customize6er_tex
10225	Buff	True	True	False	クリティカル威力増加 VI［クリスタル］	クリティカル威力が$H_W_GOOD+0.4$COLOR_END倍増加します。	icon_items.customize6fr_tex
10300	Buff	True	True	False	力上昇 I［クリスタル］	力が$H_W_GOOD7$COLOR_END上昇します。	icon_items.customize3ar_tex
10301	Buff	True	True	False	力上昇 II［クリスタル］	力が$H_W_GOOD9$COLOR_END上昇します。	icon_items.customize3br_tex
10302	Buff	True	True	False	力上昇 III［クリスタル］	力が$H_W_GOOD10$COLOR_END上昇します。	icon_items.customize3cr_tex
10303	Buff	True	True	False	力上昇 IV［クリスタル］	力が$H_W_GOOD11$COLOR_END上昇します。	icon_items.customize3dr_tex
10304	Buff	True	True	False	力上昇 V［クリスタル］	力が$H_W_GOOD13$COLOR_END上昇します。	icon_items.customize3er_tex
10305	Buff	True	True	False	力上昇 VI［クリスタル］	力が$H_W_GOOD14$COLOR_END上昇します。	icon_items.customize3fr_tex
10306	Buff	True	True	False	力上昇 VII［クリスタル］	力が$H_W_GOOD15$COLOR_END上昇します。	icon_items.customize3gr_tex
10310	Buff	True	True	False	力上昇 I［クリスタル］	力が$H_W_GOOD9$COLOR_END上昇します。	icon_items.customize3ar_tex
10311	Buff	True	True	False	力上昇 II［クリスタル］	力が$H_W_GOOD11$COLOR_END上昇します。	icon_items.customize3br_tex
10312	Buff	True	True	False	力上昇 III［クリスタル］	力が$H_W_GOOD13$COLOR_END上昇します。	icon_items.customize3cr_tex
10313	Buff	True	True	False	力上昇 IV［クリスタル］	力が$H_W_GOOD15$COLOR_END上昇します。	icon_items.customize3dr_tex
10314	Buff	True	True	False	力上昇 V［クリスタル］	力が$H_W_GOOD17$COLOR_END上昇します。	icon_items.customize3er_tex
10315	Buff	True	True	False	力上昇 VI［クリスタル］	力が$H_W_GOOD19$COLOR_END上昇します。	icon_items.customize3fr_tex
10316	Buff	True	True	False	力上昇 VII［クリスタル］	力が$H_W_GOOD20$COLOR_END上昇します。	icon_items.customize3gr_tex
10320	Buff	True	True	False	力上昇 I［クリスタル］	力が$H_W_GOOD8$COLOR_END上昇します。	icon_items.customize3ar_tex
10321	Buff	True	True	False	力上昇 II［クリスタル］	力が$H_W_GOOD10$COLOR_END上昇します。	icon_items.customize3br_tex
10322	Buff	True	True	False	力上昇 III［クリスタル］	力が$H_W_GOOD12$COLOR_END上昇します。	icon_items.customize3cr_tex
10323	Buff	True	True	False	力上昇 IV［クリスタル］	力が$H_W_GOOD13$COLOR_END上昇します。	icon_items.customize3dr_tex
10324	Buff	True	True	False	力上昇 V［クリスタル］	力が$H_W_GOOD15$COLOR_END上昇します。	icon_items.customize3er_tex
10325	Buff	True	True	False	力上昇 VI［クリスタル］	力が$H_W_GOOD17$COLOR_END上昇します。	icon_items.customize3fr_tex
10400	Buff	True	True	False	バリア I［クリスタル］	バリアが最大$H_W_GOOD194$COLOR_ENDのダメージを無効化します。最大値を超えると持続時間に関わらず即解除されます。	icon_items.customize8ab_tex
10401	Buff	True	True	False	バリア II［クリスタル］	バリアが最大$H_W_GOOD336$COLOR_ENDのダメージを無効化します。最大値を超えると持続時間に関わらず即解除されます。	icon_items.customize8bb_tex
10402	Buff	True	True	False	バリア III［クリスタル］	バリアが最大$H_W_GOOD646$COLOR_ENDのダメージを無効化します。最大値を超えると持続時間に関わらず即解除されます。	icon_items.customize8cb_tex
10403	Buff	True	True	False	バリア IV［クリスタル］	バリアが最大$H_W_GOOD1234$COLOR_ENDのダメージを無効化します。最大値を超えると持続時間に関わらず即解除されます。	icon_items.customize8db_tex
10404	Buff	True	True	False	バリア V［クリスタル］	バリアが最大$H_W_GOOD2484$COLOR_ENDのダメージを無効化します。最大値を超えると持続時間に関わらず即解除されます。	icon_items.customize8eb_tex
10405	Buff	True	True	False	バリア VI［クリスタル］	バリアが最大$H_W_GOOD4808$COLOR_ENDのダメージを無効化します。最大値を超えると持続時間に関わらず即解除されます。	icon_items.customize8fb_tex
10406	Buff	True	True	False	バリア VII［クリスタル］	バリアが最大$H_W_GOOD5433$COLOR_ENDのダメージを無効化します。最大値を超えると持続時間に関わらず即解除されます。	icon_items.customize8gb_tex
10500	Buff	True	True	False	バリア I［クリスタル］	バリアが最大$H_W_GOOD172$COLOR_ENDのダメージを無効化します。最大値を超えると持続時間に関わらず即解除されます。	icon_items.customize8ab_tex
10501	Buff	True	True	False	バリア II［クリスタル］	バリアが最大$H_W_GOOD299$COLOR_ENDのダメージを無効化します。最大値を超えると持続時間に関わらず即解除されます。	icon_items.customize8bb_tex
10502	Buff	True	True	False	バリア III［クリスタル］	バリアが最大$H_W_GOOD574$COLOR_ENDのダメージを無効化します。最大値を超えると持続時間に関わらず即解除されます。	icon_items.customize8cb_tex
10503	Buff	True	True	False	バリア IV［クリスタル］	バリアが最大$H_W_GOOD1097$COLOR_ENDのダメージを無効化します。最大値を超えると持続時間に関わらず即解除されます。	icon_items.customize8db_tex
10504	Buff	True	True	False	バリア V［クリスタル］	バリアが最大$H_W_GOOD2208$COLOR_ENDのダメージを無効化します。最大値を超えると持続時間に関わらず即解除されます。	icon_items.customize8eb_tex
10505	Buff	True	True	False	バリア VI［クリスタル］	バリアが最大$H_W_GOOD4273$COLOR_ENDのダメージを無効化します。最大値を超えると持続時間に関わらず即解除されます。	icon_items.customize8fb_tex
10506	Buff	True	True	False	バリア VII［クリスタル］	バリアが最大$H_W_GOOD4829$COLOR_ENDのダメージを無効化します。最大値を超えると持続時間に関わらず即解除されます。	icon_items.customize8gb_tex
10510	Buff	True	True	False	バリア I［クリスタル］	バリアが最大$H_W_GOOD210$COLOR_ENDのダメージを無効化します。最大値を超えると持続時間に関わらず即解除されます。	icon_items.customize8ab_tex
10511	Buff	True	True	False	バリア II［クリスタル］	バリアが最大$H_W_GOOD365$COLOR_ENDのダメージを無効化します。最大値を超えると持続時間に関わらず即解除されます。	icon_items.customize8bb_tex
10512	Buff	True	True	False	バリア III［クリスタル］	バリアが最大$H_W_GOOD700$COLOR_ENDのダメージを無効化します。最大値を超えると持続時間に関わらず即解除されます。	icon_items.customize8cb_tex
10513	Buff	True	True	False	バリア IV［クリスタル］	バリアが最大$H_W_GOOD1337$COLOR_ENDのダメージを無効化します。最大値を超えると持続時間に関わらず即解除されます。	icon_items.customize8db_tex
10514	Buff	True	True	False	バリア V［クリスタル］	バリアが最大$H_W_GOOD2691$COLOR_ENDのダメージを無効化します。最大値を超えると持続時間に関わらず即解除されます。	icon_items.customize8eb_tex
10515	Buff	True	True	False	バリア VI［クリスタル］	バリアが最大$H_W_GOOD5208$COLOR_ENDのダメージを無効化します。最大値を超えると持続時間に関わらず即解除されます。	icon_items.customize8fb_tex
10516	Buff	True	True	False	バリア VII［クリスタル］	バリアが最大$H_W_GOOD5886$COLOR_ENDのダメージを無効化します。最大値を超えると持続時間に関わらず即解除されます。	icon_items.customize8gb_tex
10520	Buff	True	True	False	バリア I［クリスタル］	バリアが最大$H_W_GOOD191$COLOR_ENDのダメージを無効化します。最大値を超えると持続時間に関わらず即解除されます。	icon_items.customize8ab_tex
10521	Buff	True	True	False	バリア II［クリスタル］	バリアが最大$H_W_GOOD332$COLOR_ENDのダメージを無効化します。最大値を超えると持続時間に関わらず即解除されます。	icon_items.customize8bb_tex
10522	Buff	True	True	False	バリア III［クリスタル］	バリアが最大$H_W_GOOD637$COLOR_ENDのダメージを無効化します。最大値を超えると持続時間に関わらず即解除されます。	icon_items.customize8cb_tex
10523	Buff	True	True	False	バリア IV［クリスタル］	バリアが最大$H_W_GOOD1217$COLOR_ENDのダメージを無効化します。最大値を超えると持続時間に関わらず即解除されます。	icon_items.customize8db_tex
10524	Buff	True	True	False	バリア V［クリスタル］	バリアが最大$H_W_GOOD2449$COLOR_ENDのダメージを無効化します。最大値を超えると持続時間に関わらず即解除されます。	icon_items.customize8eb_tex
10525	Buff	True	True	False	バリア VI［クリスタル］	バリアが最大$H_W_GOOD4741$COLOR_ENDのダメージを無効化します。最大値を超えると持続時間に関わらず即解除されます。	icon_items.customize8fb_tex
10600	Buff	True	True	False	バリア I［クリスタル］	バリアが最大$H_W_GOOD134$COLOR_ENDのダメージを無効化します。最大値を超えると持続時間に関わらず即解除されます。	icon_items.customize7ab_tex
10601	Buff	True	True	False	バリア II［クリスタル］	バリアが最大$H_W_GOOD234$COLOR_ENDのダメージを無効化します。最大値を超えると持続時間に関わらず即解除されます。	icon_items.customize7bb_tex
10602	Buff	True	True	False	バリア III［クリスタル］	バリアが最大$H_W_GOOD449$COLOR_ENDのダメージを無効化します。最大値を超えると持続時間に関わらず即解除されます。	icon_items.customize7cb_tex
10603	Buff	True	True	False	バリア IV［クリスタル］	バリアが最大$H_W_GOOD857$COLOR_ENDのダメージを無効化します。最大値を超えると持続時間に関わらず即解除されます。	icon_items.customize7db_tex
10604	Buff	True	True	False	バリア V［クリスタル］	バリアが最大$H_W_GOOD1725$COLOR_ENDのダメージを無効化します。最大値を超えると持続時間に関わらず即解除されます。	icon_items.customize7eb_tex
10605	Buff	True	True	False	バリア VI［クリスタル］	バリアが最大$H_W_GOOD3339$COLOR_ENDのダメージを無効化します。最大値を超えると持続時間に関わらず即解除されます。	icon_items.customize7fb_tex
10606	Buff	True	True	False	バリア VII［クリスタル］	バリアが最大$H_W_GOOD3773$COLOR_ENDのダメージを無効化します。最大値を超えると持続時間に関わらず即解除されます。	icon_items.customize7gb_tex
10610	Buff	True	True	False	バリア I［クリスタル］	バリアが最大$H_W_GOOD172$COLOR_ENDのダメージを無効化します。最大値を超えると持続時間に関わらず即解除されます。	icon_items.customize7ab_tex
10611	Buff	True	True	False	バリア II［クリスタル］	バリアが最大$H_W_GOOD299$COLOR_ENDのダメージを無効化します。最大値を超えると持続時間に関わらず即解除されます。	icon_items.customize7bb_tex
10612	Buff	True	True	False	バリア III［クリスタル］	バリアが最大$H_W_GOOD574$COLOR_ENDのダメージを無効化します。最大値を超えると持続時間に関わらず即解除されます。	icon_items.customize7cb_tex
10613	Buff	True	True	False	バリア IV［クリスタル］	バリアが最大$H_W_GOOD1097$COLOR_ENDのダメージを無効化します。最大値を超えると持続時間に関わらず即解除されます。	icon_items.customize7db_tex
10614	Buff	True	True	False	バリア V［クリスタル］	バリアが最大$H_W_GOOD2208$COLOR_ENDのダメージを無効化します。最大値を超えると持続時間に関わらず即解除されます。	icon_items.customize7eb_tex
10615	Buff	True	True	False	バリア VI［クリスタル］	バリアが最大$H_W_GOOD4273$COLOR_ENDのダメージを無効化します。最大値を超えると持続時間に関わらず即解除されます。	icon_items.customize7fb_tex
10616	Buff	True	True	False	バリア VII［クリスタル］	バリアが最大$H_W_GOOD4829$COLOR_ENDのダメージを無効化します。最大値を超えると持続時間に関わらず即解除されます。	icon_items.customize7gb_tex
10620	Buff	True	True	False	バリア I［クリスタル］	バリアが最大$H_W_GOOD153$COLOR_ENDのダメージを無効化します。最大値を超えると持続時間に関わらず即解除されます。	icon_items.customize7ab_tex
10621	Buff	True	True	False	バリア II［クリスタル］	バリアが最大$H_W_GOOD266$COLOR_ENDのダメージを無効化します。最大値を超えると持続時間に関わらず即解除されます。	icon_items.customize7bb_tex
10622	Buff	True	True	False	バリア III［クリスタル］	バリアが最大$H_W_GOOD512$COLOR_ENDのダメージを無効化します。最大値を超えると持続時間に関わらず即解除されます。	icon_items.customize7cb_tex
10623	Buff	True	True	False	バリア IV［クリスタル］	バリアが最大$H_W_GOOD977$COLOR_ENDのダメージを無効化します。最大値を超えると持続時間に関わらず即解除されます。	icon_items.customize7db_tex
10624	Buff	True	True	False	バリア V［クリスタル］	バリアが最大$H_W_GOOD1966$COLOR_ENDのダメージを無効化します。最大値を超えると持続時間に関わらず即解除されます。	icon_items.customize7eb_tex
10625	Buff	True	True	False	バリア VI［クリスタル］	バリアが最大$H_W_GOOD3806$COLOR_ENDのダメージを無効化します。最大値を超えると持続時間に関わらず即解除されます。	icon_items.customize7fb_tex
10700	Buff	True	True	False	HP持続回復 I［クリスタル］	$H_W_GOOD2$COLOR_END second1毎にHPが$H_W_GOOD18$COLOR_END回復します。	icon_items.customize15ab_tex
10701	Buff	True	True	False	HP持続回復 II［クリスタル］	$H_W_GOOD2$COLOR_END second1毎にHPが$H_W_GOOD31$COLOR_END回復します。	icon_items.customize15bb_tex
10702	Buff	True	True	False	HP持続回復 III［クリスタル］	$H_W_GOOD2$COLOR_END second1毎にHPが$H_W_GOOD60$COLOR_END回復します。	icon_items.customize15cb_tex
10703	Buff	True	True	False	HP持続回復 IV［クリスタル］	$H_W_GOOD2$COLOR_END second1毎にHPが$H_W_GOOD114$COLOR_END回復します。	icon_items.customize15db_tex
10704	Buff	True	True	False	HP持続回復 V［クリスタル］	$H_W_GOOD2$COLOR_END second1毎にHPが$H_W_GOOD230$COLOR_END回復します。	icon_items.customize15eb_tex
10705	Buff	True	True	False	HP持続回復 VI［クリスタル］	$H_W_GOOD2$COLOR_END second1毎にHPが$H_W_GOOD445$COLOR_END回復します。	icon_items.customize15fb_tex
10706	Buff	True	True	False	HP持続回復 VII［クリスタル］	$H_W_GOOD2$COLOR_END second1毎にHPが$H_W_GOOD503$COLOR_END回復します。	icon_items.customize15gb_tex
10710	Buff	True	True	False	HP持続回復 I［クリスタル］	$H_W_GOOD2$COLOR_END second1毎にHPが$H_W_GOOD23$COLOR_END回復します。	icon_items.customize15ab_tex
10711	Buff	True	True	False	HP持続回復 II［クリスタル］	$H_W_GOOD2$COLOR_END second1毎にHPが$H_W_GOOD40$COLOR_END回復します。	icon_items.customize15bb_tex
10712	Buff	True	True	False	HP持続回復 III［クリスタル］	$H_W_GOOD2$COLOR_END second1毎にHPが$H_W_GOOD77$COLOR_END回復します。	icon_items.customize15cb_tex
10713	Buff	True	True	False	HP持続回復 IV［クリスタル］	$H_W_GOOD2$COLOR_END second1毎にHPが$H_W_GOOD146$COLOR_END回復します。	icon_items.customize15db_tex
10714	Buff	True	True	False	HP持続回復 V［クリスタル］	$H_W_GOOD2$COLOR_END second1毎にHPが$H_W_GOOD294$COLOR_END回復します。	icon_items.customize15eb_tex
10715	Buff	True	True	False	HP持続回復 VI［クリスタル］	$H_W_GOOD2$COLOR_END second1毎にHPが$H_W_GOOD570$COLOR_END回復します。	icon_items.customize15fb_tex
10716	Buff	True	True	False	HP持続回復 VII［クリスタル］	$H_W_GOOD2$COLOR_END second1毎にHPが$H_W_GOOD644$COLOR_END回復します。	icon_items.customize15gb_tex
10720	Buff	True	True	False	HP持続回復 I［クリスタル］	$H_W_GOOD2$COLOR_END second1毎にHPが$H_W_GOOD20$COLOR_END回復します。	icon_items.customize15ab_tex
10721	Buff	True	True	False	HP持続回復 II［クリスタル］	$H_W_GOOD2$COLOR_END second1毎にHPが$H_W_GOOD36$COLOR_END回復します。	icon_items.customize15bb_tex
10722	Buff	True	True	False	HP持続回復 III［クリスタル］	$H_W_GOOD2$COLOR_END second1毎にHPが$H_W_GOOD68$COLOR_END回復します。	icon_items.customize15cb_tex
10723	Buff	True	True	False	HP持続回復 IV［クリスタル］	$H_W_GOOD2$COLOR_END second1毎にHPが$H_W_GOOD130$COLOR_END回復します。	icon_items.customize15db_tex
10724	Buff	True	True	False	HP持続回復 V［クリスタル］	$H_W_GOOD2$COLOR_END second1毎にHPが$H_W_GOOD262$COLOR_END回復します。	icon_items.customize15eb_tex
10725	Buff	True	True	False	HP持続回復 VI［クリスタル］	$H_W_GOOD2$COLOR_END second1毎にHPが$H_W_GOOD507$COLOR_END回復します。	icon_items.customize15fb_tex
10800	Buff	True	True	False	HP持続回復 I［クリスタル］	$H_W_GOOD1$COLOR_END second毎にHPが$H_W_GOOD43$COLOR_END回復します。	icon_items.customize7ab_tex
10801	Buff	True	True	False	HP持続回復 II［クリスタル］	$H_W_GOOD1$COLOR_END second毎にHPが$H_W_GOOD75$COLOR_END回復します。	icon_items.customize7bb_tex
10802	Buff	True	True	False	HP持続回復 III［クリスタル］	$H_W_GOOD1$COLOR_END second毎にHPが$H_W_GOOD144$COLOR_END回復します。	icon_items.customize7cb_tex
10803	Buff	True	True	False	HP持続回復 IV［クリスタル］	$H_W_GOOD1$COLOR_END second毎にHPが$H_W_GOOD274$COLOR_END回復します。	icon_items.customize7db_tex
10804	Buff	True	True	False	HP持続回復 V［クリスタル］	$H_W_GOOD1$COLOR_END second毎にHPが$H_W_GOOD552$COLOR_END回復します。	icon_items.customize7eb_tex
10805	Buff	True	True	False	HP持続回復 VI［クリスタル］	$H_W_GOOD1$COLOR_END second毎にHPが$H_W_GOOD1068$COLOR_END回復します。	icon_items.customize7fb_tex
10806	Buff	True	True	False	HP持続回復 VII［クリスタル］	$H_W_GOOD1$COLOR_END second毎にHPが$H_W_GOOD1207$COLOR_END回復します。	icon_items.customize7gb_tex
10900	Buff	True	True	False	MP持続回復 I［クリスタル］	$H_W_GOOD1$COLOR_END second毎にMPが$H_W_GOOD38$COLOR_END回復します。	icon_items.customize12ar_tex
10901	Buff	True	True	False	MP持続回復 II［クリスタル］	$H_W_GOOD1$COLOR_END second毎にMPが$H_W_GOOD42$COLOR_END回復します。	icon_items.customize12br_tex
10902	Buff	True	True	False	MP持続回復 III［クリスタル］	$H_W_GOOD1$COLOR_END second毎にMPが$H_W_GOOD50$COLOR_END回復します。	icon_items.customize12cr_tex
10903	Buff	True	True	False	MP持続回復 IV［クリスタル］	$H_W_GOOD1$COLOR_END second毎にMPが$H_W_GOOD58$COLOR_END回復します。	icon_items.customize12dr_tex
10904	Buff	True	True	False	MP持続回復 V［クリスタル］	$H_W_GOOD1$COLOR_END second毎にMPが$H_W_GOOD61$COLOR_END回復します。	icon_items.customize12er_tex
10905	Buff	True	True	False	MP持続回復 VI［クリスタル］	$H_W_GOOD1$COLOR_END second毎にMPが$H_W_GOOD63$COLOR_END回復します。	icon_items.customize12fr_tex
10906	Buff	True	True	False	MP持続回復 VII［クリスタル］	$H_W_GOOD1$COLOR_END second毎にMPが$H_W_GOOD65$COLOR_END回復します。	icon_items.customize12gr_tex
10910	Buff	True	True	False	MP持続回復 I［クリスタル］	$H_W_GOOD1$COLOR_END second毎にMPが$H_W_GOOD49$COLOR_END回復します。	icon_items.customize12ar_tex
10911	Buff	True	True	False	MP持続回復 II［クリスタル］	$H_W_GOOD1$COLOR_END second毎にMPが$H_W_GOOD54$COLOR_END回復します。	icon_items.customize12br_tex
10912	Buff	True	True	False	MP持続回復 III［クリスタル］	$H_W_GOOD1$COLOR_END second毎にMPが$H_W_GOOD63$COLOR_END回復します。	icon_items.customize12cr_tex
10913	Buff	True	True	False	MP持続回復 IV［クリスタル］	$H_W_GOOD1$COLOR_END second毎にMPが$H_W_GOOD75$COLOR_END回復します。	icon_items.customize12dr_tex
10914	Buff	True	True	False	MP持続回復 V［クリスタル］	$H_W_GOOD1$COLOR_END second毎にMPが$H_W_GOOD78$COLOR_END回復します。	icon_items.customize12er_tex
10915	Buff	True	True	False	MP持続回復 VI［クリスタル］	$H_W_GOOD1$COLOR_END second毎にMPが$H_W_GOOD80$COLOR_END回復します。	icon_items.customize12fr_tex
10916	Buff	True	True	False	MP持続回復 VII［クリスタル］	$H_W_GOOD1$COLOR_END second毎にMPが$H_W_GOOD82$COLOR_END回復します。	icon_items.customize12gr_tex
10920	Buff	True	True	False	MP持続回復 I［クリスタル］	$H_W_GOOD1$COLOR_END second毎にMPが$H_W_GOOD43$COLOR_END回復します。	icon_items.customize12ar_tex
10921	Buff	True	True	False	MP持続回復 II［クリスタル］	$H_W_GOOD1$COLOR_END second毎にMPが$H_W_GOOD47$COLOR_END回復します。	icon_items.customize12br_tex
10922	Buff	True	True	False	MP持続回復 III［クリスタル］	$H_W_GOOD1$COLOR_END second毎にMPが$H_W_GOOD55$COLOR_END回復します。	icon_items.customize12cr_tex
10923	Buff	True	True	False	MP持続回復 IV［クリスタル］	$H_W_GOOD1$COLOR_END second毎にMPが$H_W_GOOD65$COLOR_END回復します。	icon_items.customize12dr_tex
10924	Buff	True	True	False	MP持続回復 V［クリスタル］	$H_W_GOOD1$COLOR_END second毎にMPが$H_W_GOOD68$COLOR_END回復します。	icon_items.customize12er_tex
10925	Buff	True	True	False	MP持続回復 VI［クリスタル］	$H_W_GOOD1$COLOR_END second毎にMPが$H_W_GOOD71$COLOR_END回復します。	icon_items.customize12fr_tex
11000	Buff	True	True	False	MP持続回復 I［クリスタル］	$H_W_GOOD1$COLOR_END second毎にMPが$H_W_GOOD34$COLOR_END回復します。	icon_items.customize12ar_tex
11001	Buff	True	True	False	MP持続回復 II［クリスタル］	$H_W_GOOD1$COLOR_END second毎にMPが$H_W_GOOD37$COLOR_END回復します。	icon_items.customize12br_tex
11002	Buff	True	True	False	MP持続回復 III［クリスタル］	$H_W_GOOD1$COLOR_END second毎にMPが$H_W_GOOD44$COLOR_END回復します。	icon_items.customize12cr_tex
11003	Buff	True	True	False	MP持続回復 IV［クリスタル］	$H_W_GOOD1$COLOR_END second毎にMPが$H_W_GOOD51$COLOR_END回復します。	icon_items.customize12dr_tex
11004	Buff	True	True	False	MP持続回復 V［クリスタル］	$H_W_GOOD1$COLOR_END second毎にMPが$H_W_GOOD54$COLOR_END回復します。	icon_items.customize12er_tex
11005	Buff	True	True	False	MP持続回復 VI［クリスタル］	$H_W_GOOD1$COLOR_END second毎にMPが$H_W_GOOD61$COLOR_END回復します。	icon_items.customize12fr_tex
11006	Buff	True	True	False	MP持続回復 VII［クリスタル］	$H_W_GOOD1$COLOR_END second毎にMPが$H_W_GOOD63$COLOR_END回復します。	icon_items.customize12gr_tex
11010	Buff	True	True	False	MP持続回復 I［クリスタル］	$H_W_GOOD1$COLOR_END second毎にMPが$H_W_GOOD45$COLOR_END回復します。	icon_items.customize12ar_tex
11011	Buff	True	True	False	MP持続回復 II［クリスタル］	$H_W_GOOD1$COLOR_END second毎にMPが$H_W_GOOD49$COLOR_END回復します。	icon_items.customize12br_tex
11012	Buff	True	True	False	MP持続回復 III［クリスタル］	$H_W_GOOD1$COLOR_END second毎にMPが$H_W_GOOD58$COLOR_END回復します。	icon_items.customize12cr_tex
11013	Buff	True	True	False	MP持続回復 IV［クリスタル］	$H_W_GOOD1$COLOR_END second毎にMPが$H_W_GOOD68$COLOR_END回復します。	icon_items.customize12dr_tex
11014	Buff	True	True	False	MP持続回復 V［クリスタル］	$H_W_GOOD1$COLOR_END second毎にMPが$H_W_GOOD71$COLOR_END回復します。	icon_items.customize12er_tex
11015	Buff	True	True	False	MP持続回復 VI［クリスタル］	$H_W_GOOD1$COLOR_END second毎にMPが$H_W_GOOD78$COLOR_END回復します。	icon_items.customize12fr_tex
11016	Buff	True	True	False	MP持続回復 VII［クリスタル］	$H_W_GOOD1$COLOR_END second毎にMPが$H_W_GOOD80$COLOR_END回復します。	icon_items.customize12gr_tex
11020	Buff	True	True	False	MP持続回復 I［クリスタル］	$H_W_GOOD1$COLOR_END second毎にMPが$H_W_GOOD38$COLOR_END回復します。	icon_items.customize12ar_tex
11021	Buff	True	True	False	MP持続回復 II［クリスタル］	$H_W_GOOD1$COLOR_END second毎にMPが$H_W_GOOD42$COLOR_END回復します。	icon_items.customize12br_tex
11022	Buff	True	True	False	MP持続回復 III［クリスタル］	$H_W_GOOD1$COLOR_END second毎にMPが$H_W_GOOD49$COLOR_END回復します。	icon_items.customize12cr_tex
11023	Buff	True	True	False	MP持続回復 IV［クリスタル］	$H_W_GOOD1$COLOR_END second毎にMPが$H_W_GOOD58$COLOR_END回復します。	icon_items.customize12dr_tex
11024	Buff	True	True	False	MP持続回復 V［クリスタル］	$H_W_GOOD1$COLOR_END second毎にMPが$H_W_GOOD61$COLOR_END回復します。	icon_items.customize12er_tex
11025	Buff	True	True	False	MP持続回復 VI［クリスタル］	$H_W_GOOD1$COLOR_END second毎にMPが$H_W_GOOD64$COLOR_END回復します。	icon_items.customize12fr_tex
11100	Buff	False	True	False	MP即時回復 I［クリスタル］	異常状態ツールチップ非表示（isShow=False）このツールチップが出たらBTS処理が必要です。	icon_items.customize11ar_tex
11101	Buff	False	True	False	MP即時回復 II［クリスタル］	異常状態ツールチップ非表示（isShow=False）このツールチップが出たらBTS処理が必要です。	icon_items.customize11br_tex
11102	Buff	False	True	False	MP即時回復 III［クリスタル］	異常状態ツールチップ非表示（isShow=False）このツールチップが出たらBTS処理が必要です。	icon_items.customize11cr_tex
11103	Buff	False	True	False	MP即時回復 IV［クリスタル］	異常状態ツールチップ非表示（isShow=False）このツールチップが出たらBTS処理が必要です。	icon_items.customize11dr_tex
11104	Buff	False	True	False	MP即時回復 V［クリスタル］	異常状態ツールチップ非表示（isShow=False）このツールチップが出たらBTS処理が必要です。	icon_items.customize11er_tex
11105	Buff	False	True	False	MP即時回復 VI［クリスタル］	異常状態ツールチップ非表示（isShow=False）このツールチップが出たらBTS処理が必要です。	icon_items.customize11fr_tex
11106	Buff	False	True	False	MP即時回復 VII［クリスタル］ 	異常状態ツールチップ非表示（isShow=False）このツールチップが出たらBTS処理が必要です。	icon_items.customize11gr_tex
11110	Buff	False	True	False	MP即時回復 I［クリスタル］	異常状態ツールチップ非表示（isShow=False）このツールチップが出たらBTS処理が必要です。	icon_items.customize11ar_tex
11111	Buff	False	True	False	MP即時回復 II［クリスタル］	異常状態ツールチップ非表示（isShow=False）このツールチップが出たらBTS処理が必要です。	icon_items.customize11br_tex
11112	Buff	False	True	False	MP即時回復 III［クリスタル］	異常状態ツールチップ非表示（isShow=False）このツールチップが出たらBTS処理が必要です。	icon_items.customize11cr_tex
11113	Buff	False	True	False	MP即時回復 IV［クリスタル］	異常状態ツールチップ非表示（isShow=False）このツールチップが出たらBTS処理が必要です。	icon_items.customize11dr_tex
11114	Buff	False	True	False	MP即時回復 V［クリスタル］	異常状態ツールチップ非表示（isShow=False）このツールチップが出たらBTS処理が必要です。	icon_items.customize11er_tex
11115	Buff	False	True	False	MP即時回復 VI［クリスタル］	異常状態ツールチップ非表示（isShow=False）このツールチップが出たらBTS処理が必要です。	icon_items.customize11fr_tex
11119	Buff	False	True	False	MP即時回復 VII［クリスタル］ 	異常状態ツールチップ非表示（isShow=False）このツールチップが出たらBTS処理が必要です。	icon_items.customize11gr_tex
11120	Buff	False	True	False	MP即時回復 I［クリスタル］	異常状態ツールチップ非表示（isShow=False）このツールチップが出たらBTS処理が必要です。	icon_items.customize11ar_tex
11121	Buff	False	True	False	MP即時回復 II［クリスタル］	異常状態ツールチップ非表示（isShow=False）このツールチップが出たらBTS処理が必要です。	icon_items.customize11br_tex
11122	Buff	False	True	False	MP即時回復 III［クリスタル］	異常状態ツールチップ非表示（isShow=False）このツールチップが出たらBTS処理が必要です。	icon_items.customize11cr_tex
11123	Buff	False	True	False	MP即時回復 IV［クリスタル］	異常状態ツールチップ非表示（isShow=False）このツールチップが出たらBTS処理が必要です。	icon_items.customize11dr_tex
11124	Buff	False	True	False	MP即時回復 V［クリスタル］	異常状態ツールチップ非表示（isShow=False）このツールチップが出たらBTS処理が必要です。	icon_items.customize11er_tex
11125	Buff	False	True	False	MP即時回復 VI［クリスタル］	異常状態ツールチップ非表示（isShow=False）このツールチップが出たらBTS処理が必要です。	icon_items.customize11fr_tex
11200	Buff	False	True	False	MP即時回復 I［クリスタル］	異常状態ツールチップ非表示（isShow=False）このツールチップが出たらBTS処理が必要です。	icon_items.customize10ab_tex
11201	Buff	False	True	False	MP即時回復 II［クリスタル］	異常状態ツールチップ非表示（isShow=False）このツールチップが出たらBTS処理が必要です。	icon_items.customize10bb_tex
11202	Buff	False	True	False	MP即時回復 III［クリスタル］	異常状態ツールチップ非表示（isShow=False）このツールチップが出たらBTS処理が必要です。	icon_items.customize10cb_tex
11203	Buff	False	True	False	MP即時回復 IV［クリスタル］	異常状態ツールチップ非表示（isShow=False）このツールチップが出たらBTS処理が必要です。	icon_items.customize10db_tex
11204	Buff	False	True	False	MP即時回復 V［クリスタル］	異常状態ツールチップ非表示（isShow=False）このツールチップが出たらBTS処理が必要です。	icon_items.customize10eb_tex
11205	Buff	False	True	False	MP即時回復 VI［クリスタル］	異常状態ツールチップ非表示（isShow=False）このツールチップが出たらBTS処理が必要です。	icon_items.customize10fb_tex
11206	Buff	False	True	False	MP即時回復 VII［クリスタル］ 	異常状態ツールチップ非表示（isShow=False）このツールチップが出たらBTS処理が必要です。	icon_items.customize10gb_tex
11210	Buff	False	True	False	MP即時回復 I［クリスタル］	異常状態ツールチップ非表示（isShow=False）このツールチップが出たらBTS処理が必要です。	icon_items.customize10ab_tex
11211	Buff	False	True	False	MP即時回復 II［クリスタル］	異常状態ツールチップ非表示（isShow=False）このツールチップが出たらBTS処理が必要です。	icon_items.customize10bb_tex
11212	Buff	False	True	False	MP即時回復 III［クリスタル］	異常状態ツールチップ非表示（isShow=False）このツールチップが出たらBTS処理が必要です。	icon_items.customize10cb_tex
11213	Buff	False	True	False	MP即時回復 IV［クリスタル］	異常状態ツールチップ非表示（isShow=False）このツールチップが出たらBTS処理が必要です。	icon_items.customize10db_tex
11214	Buff	False	True	False	MP即時回復 V［クリスタル］	異常状態ツールチップ非表示（isShow=False）このツールチップが出たらBTS処理が必要です。	icon_items.customize10eb_tex
11215	Buff	False	True	False	MP即時回復 VI［クリスタル］	異常状態ツールチップ非表示（isShow=False）このツールチップが出たらBTS処理が必要です。	icon_items.customize10fb_tex
11216	Buff	False	True	False	MP即時回復 VII［クリスタル］ 	異常状態ツールチップ非表示（isShow=False）このツールチップが出たらBTS処理が必要です。	icon_items.customize10gb_tex
11220	Buff	False	True	False	MP即時回復 I［クリスタル］	異常状態ツールチップ非表示（isShow=False）このツールチップが出たらBTS処理が必要です。	icon_items.customize10ab_tex
11221	Buff	False	True	False	MP即時回復 II［クリスタル］	異常状態ツールチップ非表示（isShow=False）このツールチップが出たらBTS処理が必要です。	icon_items.customize10bb_tex
11222	Buff	False	True	False	MP即時回復 III［クリスタル］	異常状態ツールチップ非表示（isShow=False）このツールチップが出たらBTS処理が必要です。	icon_items.customize10cb_tex
11223	Buff	False	True	False	MP即時回復 IV［クリスタル］	異常状態ツールチップ非表示（isShow=False）このツールチップが出たらBTS処理が必要です。	icon_items.customize10db_tex
11224	Buff	False	True	False	MP即時回復 V［クリスタル］	異常状態ツールチップ非表示（isShow=False）このツールチップが出たらBTS処理が必要です。	icon_items.customize10eb_tex
11225	Buff	False	True	False	MP即時回復 VI［クリスタル］	異常状態ツールチップ非表示（isShow=False）このツールチップが出たらBTS処理が必要です。	icon_items.customize10fb_tex
12001	Buff	True	True	False	追撃 VII[アーティファクト補助効果]	$H_W_GOOD1$COLOR_END second毎にMPが$H_W_GOOD20$COLOR_END回復します。	icon_items.customize12gr_tex
12003	Buff	True	True	False	反撃準備 VII[アーティファクト補助効果]	$H_W_GOOD1$COLOR_END second毎にMPが$H_W_GOOD21$COLOR_END回復します。	icon_items.customize12gr_tex
12004	Buff	False	True	False	猛攻の闘士 VII[アーティファクト補助効果]	異常状態ツールチップ非表示（isShow=False）このツールチップが出たらBTS処理が必要です。	icon_items.customize11gr_tex
12010	Buff	False	True	False	懲戒の闘士 VII[アーティファクト補助効果]	異常状態ツールチップ非表示（isShow=False）このツールチップが出たらBTS処理が必要です。	icon_items.customize10gb_tex
12060	DamageOverTime	True	False	False	猛毒 VII[アーティファクト]	$H_W_BAD1$COLOR_END second毎にHPが$H_W_BAD-1373$COLOR_END減少します。	icon_items.customize9gr_tex
12080	Buff	True	True	False	標的捕捉 VII[アーティファクト]	クリティカル威力が$H_W_GOOD+0.48$COLOR_END倍増加します。	icon_items.customize6gr_tex
12090	Buff	True	True	False	力上昇 VII[アーティファクト]	力が$H_W_GOOD21$COLOR_END上昇します。	icon_items.customize3gr_tex
12120	Buff	True	True	False	反撃準備 VII[アーティファクト]	$H_W_GOOD1$COLOR_END second毎にMPが$H_W_GOOD85$COLOR_END回復します。	icon_items.customize12gr_tex
12130	Buff	True	True	False	追撃 VII[アーティファクト]	$H_W_GOOD1$COLOR_END second毎にMPが $H_W_GOOD83$COLOR_END回復します。	icon_items.customize12gr_tex
12170	Buff	False	True	False	猛攻の闘士 VII[アーティファクト]	異常状態ツールチップ非表示（isShow=False）このツールチップが出たらBTS処理が必要です。	icon_items.customize11gr_tex
12230	Buff	True	True	False	冷徹な対応 VII[アーティファクト]	バリアが最大$H_W_GOOD6903$COLOR_ENDのダメージを無効化します。最大値を超えると持続時間に関わらず即解除されます。	icon_items.customize8gb_tex
12240	Buff	True	True	False	救援の祝福 VII[アーティファクト]	バリアが最大$H_W_GOOD5664$COLOR_ENDのダメージを無効化します。最大値を超えると持続時間に関わらず即解除されます。	icon_items.customize7gb_tex
12250	Buff	True	True	False	救いの手 VII[アーティファクト]	$H_W_GOOD2$COLOR_END second1毎にHPが$H_W_GOOD755$COLOR_END回復します。	icon_items.customize15gb_tex
12290	Buff	False	True	False	懲戒の闘士 VII[アーティファクト]	異常状態ツールチップ非表示（isShow=False）このツールチップが出たらBTS処理が必要です。	icon_items.customize10gb_tex
15000	WeakeningEffect	True	False	False	アカシャの沈黙	効果持続中、全スキルが使用不可になります。	icon_status.sealskill_tex
15010	WeakeningEffect	True	False	False	悪神の呪い：弱化	全てのデバフ抵抗が$H_W_BAD15%$COLOR_END減少します。	icon_status.delayheal_tex
15011	WeakeningEffect	False	True	False			
15020	Buff	True	True	False	アンデッドの力	耐久力が$H_W_GOOD10$COLOR_END上昇します。	icon_status.plusedefence_tex
15030	Stun	True	False	False	魔獣の呪い：氷の監獄	氷の監獄の吹き荒れる冷気で気絶しました！	icon_status.exhaustion_tex
15031	Stun	True	False	False	魔獣の呪い：氷の監獄	氷の監獄の吹き荒れる冷気で気絶しました！	icon_status.exhaustion_tex
15040	DamageOverTime	True	False	False	魔獣の呪い：不滅の火花	$H_W_BAD2$COLOR_END second1毎に硬直し、HPが$H_W_BAD-3710$COLOR_ENDずつ減少します。	icon_status.delaydamage_tex
15041	DamageOverTime	True	False	False	魔獣の呪い：不滅の火花	$H_W_BAD2$COLOR_END second1毎にHPが$H_W_BAD-3710$COLOR_ENDずつ減少し、持続時間中、1回硬直が発生します。	icon_status.delaydamage_tex
15050	Buff	True	True	False	幽霊憑依	攻撃速度が$H_W_GOOD20%$COLOR_END上昇します。	icon_status.pluswill_tex
15060	Stun	True	False	False	野獣の呪い：衝撃	強力な衝撃により気絶しました！	icon_status.exhaustion_tex
15070	WeakeningEffect	True	False	False	悪神の呪い：腐敗	移動速度が$H_W_BAD0,5$COLOR_END減少します。	icon_status.minusmove_tex
15080	DamageOverTime	True	False	False	シャルティサンダー	雷の衝撃により、移動速度が$H_W_BAD-10$COLOR_END減少し、$H_W_BAD1$COLOR_END second毎にHPが$H_W_BAD-10$COLOR_END減少します。	icon_status.minusmove_tex
15090	Buff	True	True	False	ブルカヌスの憤怒	溢れる怒りにより、クリティカル威力が$H_W_GOOD10$COLOR_END増加します。	icon_status.plusecritical_tex
15100	DamageOverTime	True	False	False	野獣の呪い：中毒	致命的な猛毒により、$H_W_BAD2$COLOR_END second1毎にHPが$H_W_BAD-4770$COLOR_END減少します。	icon_status.delaydamage_tex
15110	Buff	True	True	False	異界の雷	スキル威力が$H_W_GOOD20%$COLOR_END増加します。	icon_status.plusattack_tex
15120	Stun	True	False	False	樹縛	効果持続中、非戦闘状態での移動速度が減少し、戦闘状態ではその場から動けません。	icon_status.paralyzestatus_tex
15130	WeakeningEffect	True	False	False	野獣の呪い：束縛	移動速度が$H_W_BAD0,2$COLOR_END減少します。	icon_status.minusmove_tex
15140	Buff	True	True	False	マジックアーマー	効果持続中、全てのデバフを防ぎます。	icon_status.immunedebuff_tex
15150	Buff	True	True	False	自然の同化	効果持続中は、敵対値が上昇しません。	icon_status.boundmovedown_tex
15160	Stun	True	False	False	匠人の打ち締め	気絶しているため動けません。	icon_status.confuseup_tex
15161	WeakeningEffect	True	False	False	匠人の慈悲	クリティカル抵抗が$H_W_BAD-10$COLOR_END減少します。	icon_status.plusciriticalresist_tex
15162	WeakeningEffect	True	False	False	懲罰者の標識	クリティカル抵抗が$H_W_BAD-20$COLOR_END減少します。	icon_status.plusciriticalresist_tex
15170	DamageOverTime	True	False	False	女王の雷陣	$H_W_BAD2$COLOR_END second1毎にHPが$H_W_BAD-3710$COLOR_END減少します。	icon_status.paralyzestatus_tex
15500	Buff	False	True	False			
15600	Buff	False	True	False			
18500	Buff	True	True	False	HP持続回復［装備効果］	$H_W_GOOD1$COLOR_END second毎に全HPの$H_W_GOOD2％$COLOR_END、計20％のHPが回復します。	icon_status.delayheal_tex
18501	Buff	True	True	False	HP持続回復［装備効果］	$H_W_GOOD1$COLOR_END second毎に全HPの$H_W_GOOD2.5％$COLOR_END、計25％のHPが回復します。	icon_status.delayheal_tex
18502	Buff	True	True	False	HP持続回復［装備効果］	$H_W_GOOD1$COLOR_END second毎に全HPの$H_W_GOOD3％$COLOR_END、計30％のHPが回復します。	icon_status.delayheal_tex
18600	Buff	True	True	False	MP持続回復［装備効果］	$H_W_GOOD1$COLOR_END second毎に全MPの$H_W_GOOD1.5％$COLOR_END、計15％のMPが回復します。	icon_status.delaympgain_tex
18601	Buff	True	True	False	MP持続回復［装備効果］	$H_W_GOOD1$COLOR_END second毎に全MPの$H_W_GOOD1.7％$COLOR_END、計17％のMPが回復します。	icon_status.delaympgain_tex
18602	Buff	True	True	False	MP持続回復［装備効果］	$H_W_GOOD1$COLOR_END second毎に全MPの$H_W_GOOD2％$COLOR_END、計20％のMPが回復します。	icon_status.delaympgain_tex
18700	Buff	False	True	False	MP回復［装備効果］	このツールチップが出たら、異常状態が間違って指定されています。BTS処理が必要です。	icon_status.delaympgain_tex
18710	Buff	False	True	False	MP回復［装備効果］	このツールチップが出たら、異常状態が間違って指定されています。BTS処理が必要です。	icon_status.delaympgain_tex
18720	Buff	False	True	False	HP回復［装備効果］	このツールチップが出たら、異常状態が間違って指定されています。BTS処理が必要です。	icon_status.delayheal_tex
18730	Buff	False	True	False	HP回復［装備効果］	このツールチップが出たら、異常状態が間違って指定されています。BTS処理が必要です。	icon_status.delayheal_tex
18740	Buff	False	True	False	HP回復［装備効果］	このツールチップが出たら、異常状態が間違って指定されています。BTS処理が必要です。	icon_status.delayheal_tex
18750	Buff	False	True	False	HP回復［装備効果］	このツールチップが出たら、異常状態が間違って指定されています。BTS処理が必要です。	icon_status.delayheal_tex
19101	WeakeningEffect	False	True	True	時空の亀裂　エフェクト用	このツールチップが見えたらBTS	icon_skills.voidtrap_tex
21010	Buff	True	True	False	攻撃速度上昇［迅速の紋章］	攻撃速度が$H_W_GOOD15%$COLOR_END上昇します。	icon_crest.crestactiveattackspeedup_tex
21020	Buff	True	True	False	消費MP減少［連精の紋章］	連係して「ランブロー」使用時、消費MPが$H_W_GOOD-88$COLOR_END減少します。	icon_crest.crestnextskillmpdown_tex
21030	Buff	True	True	False	消費MP減少［連精の紋章］	連係して「跳躍斬り」使用時、消費MPが$H_W_GOOD-75$COLOR_END減少します。	icon_crest.crestnextskillmpdown_tex
21040	Buff	True	True	False	スキル威力増加［連闘の紋章］	連係して「スピリットコンボ」使用時、スキル威力が$H_W_GOOD20%$COLOR_END増加します。	icon_crest.crestnextskillattackup_tex
21050	Buff	True	True	False	消費MP減少［連精の紋章］	連係して「ポイズンストライク」使用時、消費MPが$H_W_GOOD-50$COLOR_END減少します。	icon_crest.crestnextskillmpdown_tex
21060	Buff	True	True	False	消費MP減少［連精の紋章］	連係して「ランブロー」使用時、消費MPが$H_W_GOOD-88$COLOR_END減少します。	icon_crest.crestnextskillmpdown_tex
21070	Buff	True	True	False	攻撃速度上昇［迅速の紋章］	攻撃速度が$H_W_GOOD15%$COLOR_END上昇します。	icon_crest.crestactiveattackspeedup_tex
21080	Buff	True	True	False	スキル威力増加［連闘の紋章］	連係して「ランブロー」使用時、スキル威力が$H_W_GOOD20%$COLOR_END増加します。	icon_crest.crestnextskillattackup_tex
21090	WeakeningEffect	True	False	False	攻撃速度減少［減速の紋章］	攻撃速度が$H_W_BAD15%$COLOR_END減少します。	icon_crest.crestactiveattackspeeddown_tex
21100	WeakeningEffect	True	False	False	移動不可［怠惰の紋章］	効果持続中は、その場から動けません。ダウンすると効果は即解除されます。	icon_crest.crestactivespeeddown_tex
21110	Buff	True	True	False	スキル威力増加［連闘の紋章］	連係して「コンバットストライク」使用時、スキル威力が$H_W_GOOD20%$COLOR_END増加します。	icon_crest.crestnextskillattackup_tex
21111	Buff	True	True	False	スキル威力増加［連闘の紋章］	連係して「コンバットストライク」使用時、スキル威力が$H_W_GOOD50%$COLOR_END増加します。	icon_crest.crestnextskillattackup_tex
21120	Stun	True	False	False	気絶［気絶の紋章］	気絶しているため動けません。	icon_crest.crestactivestun_tex
21130	Buff	True	True	False	スキル威力増加［連闘の紋章］	連係して「跳躍斬り」使用時、スキル威力が$H_W_GOOD35%$COLOR_END増加します。	icon_crest.crestnextskillattackup_tex
21131	Buff	True	True	False	スキル威力増加［連闘の紋章］	連係して「跳躍斬り」使用時、スキル威力が$H_W_GOOD45%$COLOR_END増加します。	icon_crest.crestnextskillattackup_tex
21140	Buff	True	True	False	HP回復［連忍の紋章］	連係して「ポイズンストライク」命中時、全HPの$H_W_GOOD3%$COLOR_ENDが即時に回復します。	icon_crest.crestnextskillhpheal_tex
21150	WeakeningEffect	True	False	False	攻撃速度減少［減速の紋章］	攻撃速度が$H_W_BAD40%$COLOR_END減少します。	icon_crest.crestactiveattackspeeddown_tex
21160	Buff	True	True	False	耐久力上昇［保護の紋章］	耐久力が$H_W_GOOD25$COLOR_END上昇します。	icon_crest.crestactivedefenceup_tex
21170	Buff	True	True	True	クリティカル率上昇［必殺の紋章］	クリティカル発生が$H_W_GOOD2倍$COLOR_ENDに上昇します。	icon_crest.crestpassivecriticalup_tex
21180	Buff	True	True	False	力上昇［力の紋章］	力が$H_W_GOOD15%$COLOR_END上昇します。	icon_crest.crestactiveattackup_tex
21190	Buff	True	True	False	スキル威力増加［連闘の紋章］	連係して「ストロングスラッシュ」使用時、スキル威力が$H_W_GOOD10%$COLOR_END増加します。	icon_crest.crestnextskillattackup_tex
21200	WeakeningEffect	True	False	False	移動速度減少[怠惰の紋章]	移動速度が$H_W_BAD0,5$COLOR_END減少します。	icon_crest.crestpassivespeeddown_tex
22010	Buff	True	True	False	力上昇［力の紋章］	力が$H_W_GOOD15%$COLOR_END上昇します。	icon_crest.crestactiveattackup_tex
22020	Buff	True	True	False	消費MP減少［連精の紋章］	連係して「シールドカウンター」使用時、消費MPが$H_W_GOOD-115$COLOR_END減少します。	icon_crest.crestnextskillmpdown_tex
22030	WeakeningEffect	True	False	False	移動速度減少［怠惰の紋章］	移動速度が$H_W_BAD0,5$COLOR_END減少します。	icon_crest.crestpassivespeeddown_tex
22040	Buff	True	True	False	スキル威力増加［連闘の紋章］	連係して「シールドカウンター」使用時、スキル威力が$H_W_GOOD25%$COLOR_END増加します。	icon_crest.crestnextskillattackup_tex
22050	Buff	True	True	False	HP回復効果強化［救済の紋章］	HP回復効果適用時、HP回復量が$H_W_GOOD10%$COLOR_END増加します。	icon_crest.crestactivehprecoveryup_tex
22060	Buff	True	True	False	発動速度上昇［連迅の紋章］	連係して「インテンスダッシュ」使用時、発動速度が$H_W_GOOD25%$COLOR_END上昇します。	icon_crest.crestnextskillattackspeedup_tex
22070	Buff	True	True	False	HP回復効果強化［救済の紋章］	HP回復効果適用時、HP回復量が$H_W_GOOD20%$COLOR_END増加します。	icon_crest.crestactivehprecoveryup_tex
22080	Buff	True	True	False	移動速度上昇［活力の紋章］	戦闘中の移動速度が$H_W_GOOD10$COLOR_END上昇します。	icon_crest.crestactivespeedup_tex
22090	WeakeningEffect	True	False	False	移動速度減少［怠惰の紋章］	移動速度が$H_W_BAD0,5$COLOR_END減少します。	icon_crest.crestpassivespeeddown_tex
22100	WeakeningEffect	True	False	False	攻撃速度減少［減速の紋章］	攻撃速度が$H_W_GOOD40%$COLOR_END減少します。	icon_crest.crestpassivetargetspeeddown_tex
22110	Buff	True	True	False	耐久力上昇［保護の紋章］	耐久力が$H_W_GOOD21$COLOR_END上昇します。	icon_crest.crestactivedefenceup_tex
22120	Buff	True	True	True	クリティカル率上昇［必殺の紋章］	クリティカル発生が$H_W_GOOD2倍$COLOR_END上昇します。	icon_crest.crestpassivecriticalup_tex
22130	WeakeningEffect	True	False	False	攻撃速度減少［減速の紋章］	攻撃速度が$H_W_GOOD30%$COLOR_END減少します。	icon_crest.crestactiveattackspeeddown_tex
23010	Buff	True	True	False	移動速度上昇［活力の紋章］	移動速度が$H_W_GOOD15%$COLOR_END上昇します。	icon_crest.crestactivespeedup_tex
23020	Buff	True	True	False	攻撃速度上昇［迅速の紋章］	攻撃速度が$H_W_GOOD15%$COLOR_END上昇します。	icon_crest.crestactiveattackspeedup_tex
23030	Buff	True	True	False	スキル威力増加［連闘の紋章］	連係して「ホイールウィンド」使用時、スキル威力が$H_W_GOOD25%$COLOR_END増加します。	icon_crest.crestnextskillattackup_tex
23031	Buff	True	True	False	スキル威力増加［連闘の紋章］	連係して「ブレードビセクション」使用時、スキル威力が$H_W_GOOD25%$COLOR_END増加します。	icon_crest.crestnextskillattackup_tex
23032	Buff	True	True	False	スキル威力増加［連闘の紋章］	連係して「モータルスラッシュ」使用時、スキル威力が$H_W_GOOD25%$COLOR_END増加します。	icon_crest.crestnextskillattackup_tex
23040	Buff	True	True	False	スキル威力増加［連闘の紋章］	連係して「跳躍斬り」使用時、スキル威力が$H_W_GOOD25%$COLOR_END増加します。	icon_crest.crestnextskillattackup_tex
23050	Buff	True	True	False	耐久力上昇［保護の紋章］	耐久力が$H_W_GOOD20%$COLOR_END上昇します。	icon_crest.crestactivedefenceup_tex
23060	Buff	True	True	False	発動速度上昇［連迅の紋章］	連係して「ホームスラスト」使用時、発動速度が$H_W_GOOD25%$COLOR_END上昇します。	icon_crest.crestnextskillattackspeedup_tex
23061	Buff	True	True	False	発動速度上昇［連迅の紋章］	連係して「ホームスラスト」使用時、発動速度が$H_W_GOOD35%$COLOR_END上昇します。	icon_crest.crestnextskillattackspeedup_tex
23070	Buff	True	True	False	発動速度上昇［連迅の紋章］	連係して「ノックダウンストライク」使用時、発動速度が$H_W_GOOD25%$COLOR_END上昇します。	icon_crest.crestnextskillattackspeedup_tex
23080	Buff	True	True	False	発動速度上昇［連迅の紋章］	連係して「ホイールウィンド」使用時、発動速度が$H_W_GOOD25%$COLOR_END上昇します。	icon_crest.crestnextskillattackspeedup_tex
23090	Buff	True	True	False	HP回復［連忍の紋章］	連係して「フォルスエッジストライク」命中時、全HPの$H_W_GOOD4%$COLOR_ENDが即時に回復します。	icon_crest.crestnextskillhpheal_tex
23100	WeakeningEffect	True	False	False	攻撃速度減少［減速の紋章］	攻撃速度が$H_W_BAD15%$COLOR_END減少します。	icon_crest.crestactiveattackspeeddown_tex
23110	Buff	True	True	False	均衡上昇［均衡の紋章］	均衡が$H_W_GOOD1.5倍$COLOR_END上昇します。	icon_crest.crestactivereactionresist_tex
23111	Buff	True	True	False	均衡上昇［均衡の紋章］	均衡が$H_W_GOOD2倍$COLOR_END上昇します。	icon_crest.crestactivereactionresist_tex
23120	Buff	True	True	False	スキル威力増加［連闘の紋章］	連係して「フューリーストライク」使用時、スキル威力が$H_W_GOOD25%$COLOR_END増加します。	icon_crest.crestnextskillattackup_tex
23130	Buff	True	True	False	スキル威力増加［連闘の紋章］	連係して「ブレードビセクション」使用時、スキル威力が$H_W_GOOD20%$COLOR_END増加します。	icon_crest.crestnextskillattackup_tex
23140	Buff	True	True	True	クリティカル率上昇［必殺の紋章］	次に使用するスキルのクリティカル発生が$H_W_GOOD2倍$COLOR_END上昇します。	icon_crest.crestpassivecriticalup_tex
23150	Buff	True	True	True	スキル威力増加［連闘の紋章］	次に使用するスキルの威力が10％増加します。	icon_crest.crestnextskillattackup_tex
23155	Stun	True	False	False	スタン効果［気絶の紋章］	気絶しているため動けません。	icon_crest.crestactivestun_tex
23160	Buff	True	True	True	クリティカル率上昇［必殺の紋章］	クリティカル発生が$H_W_GOOD3倍$COLOR_END上昇します。	icon_crest.crestpassivecriticalup_tex
23170	Buff	True	True	True	クリティカル率上昇［必殺の紋章］	クリティカル発生が$H_W_GOOD3倍$COLOR_END上昇します。	icon_crest.crestpassivecriticalup_tex
23180	Buff	True	True	True	クリティカル率上昇［必殺の紋章］	クリティカル発生が$H_W_GOOD2倍$COLOR_ENDに上昇します。	icon_crest.crestpassivecriticalup_tex
23190	Buff	True	True	False	スキル威力増加［連闘の紋章］	連係して「ノックダウンストライク」使用時、スキル威力が$H_W_GOOD25%$COLOR_END増加します。	icon_crest.crestnextskillattackup_tex
23200	Buff	True	True	False	スキル威力増加［連闘の紋章］	連係して「回り込み」使用時、スキル威力が$H_W_GOOD25%$COLOR_END増加します。	icon_crest.crestnextskillattackup_tex
23210	Buff	True	True	False	MP持続回復［精神の紋章］	$H_W_GOOD1$COLOR_END second毎に全MPの$H_W_GOOD6％$COLOR_ENDが回復します。	icon_crest.crestpassivemprecoveryup_tex
23220	Buff	False	True	False	見えない異常状態		icon_crest.crestpassivemprecoveryup_tex
24010	Buff	True	True	False	力上昇［力の紋章］	力が$H_W_GOOD20%$COLOR_END上昇します。	icon_crest.crestactiveattackup_tex
24020	Buff	True	True	False	消費MP減少［連精の紋章］	連係して「アースストライク」使用時、消費MPが$H_W_GOOD-63$COLOR_END減少します。	icon_crest.crestnextskillmpdown_tex
24030	Buff	True	True	False	消費MP減少［連精の紋章］	連係して「疾駆」使用時、消費MPが$H_W_GOOD-75$COLOR_END減少します。	icon_crest.crestnextskillmpdown_tex
24050	Buff	True	True	False	消費MP減少［連精の紋章］	連係して「アースストライク」使用時、消費MPが$H_W_GOOD-63$COLOR_END減少します。	icon_crest.crestnextskillmpdown_tex
24060	Buff	True	True	False	力上昇［力の紋章］	力が$H_W_GOOD10%$COLOR_END上昇します。	icon_crest.crestactiveattackup_tex
24070	Buff	True	True	False	スキル威力増加［連闘の紋章］	連係して「フェンシングカーブ」使用時、スキル威力が$H_W_GOOD25%$COLOR_END増加します。	icon_crest.crestnextskillattackup_tex
24080	Buff	True	True	False	衝撃上昇［衝撃の紋章］	衝撃が$H_W_GOOD10%$COLOR_END上昇します。	icon_crest.crestactivereactionup_tex
24090	Buff	True	True	False	移動速度上昇［活力の紋章］	戦闘中の移動速度が$H_W_GOOD20$COLOR_END上昇します。	icon_crest.crestactivespeedup_tex
24091	Buff	True	True	False	移動速度上昇［活力の紋章］	戦闘中の移動速度が$H_W_GOOD20$COLOR_END上昇します。	icon_crest.crestactivespeedup_tex
24092	Buff	True	True	False	耐久力上昇[保護の紋章]	耐久力が$H_W_GOOD21$COLOR_END上昇します。	icon_crest.crestactivedefenceup_tex
24100	Buff	True	True	False	発動速度上昇［連迅の紋章］	連係して「アースストライク」使用時、発動速度が$H_W_GOOD25%$COLOR_END上昇します。	icon_crest.crestnextskillattackspeedup_tex
24101	Buff	True	True	False	発動速度上昇［連迅の紋章］	連係して「アースストライク」使用時、発動速度が$H_W_GOOD30%$COLOR_END上昇します。	icon_crest.crestnextskillattackspeedup_tex
24110	Buff	True	True	False	均衡上昇［均衡の紋章］	均衡が$H_W_GOOD1.5倍$COLOR_END上昇します。	icon_crest.crestactivereactionresist_tex
24111	Buff	True	True	False	均衡上昇［均衡の紋章］	均衡が$H_W_GOOD2倍$COLOR_END上昇します。	icon_crest.crestactivereactionresist_tex
24120	Buff	True	True	False	チャージ速度上昇［連迅の紋章］	連係して「レザルストライク」使用時、チャージ速度が$H_W_GOOD30%$COLOR_END上昇します。	icon_crest.crestnextskillattackspeedup_tex
24130	Buff	True	True	False	チャージ速度上昇［連迅の紋章］	連係して「チャージングストライク」使用時、チャージ速度が$H_W_GOOD30%$COLOR_END上昇します。	icon_crest.crestnextskillattackspeedup_tex
24140	Buff	True	True	False	耐久力上昇［保護の紋章］	耐久力が$H_W_GOOD16$COLOR_END上昇します。	icon_crest.crestpassiveskilleffectup_tex
24150	Buff	True	True	False	MP持続回復［精神の紋章］	$H_W_GOOD1$COLOR_END second毎に全MPの$H_W_GOOD6％$COLOR_ENDが回復します。	icon_crest.crestpassivemprecoveryup_tex
24160	Buff	True	True	True	クリティカル率上昇［必殺の紋章］	クリティカル発生が$H_W_GOOD2倍$COLOR_END上昇します。	icon_crest.crestpassivecriticalup_tex
24161	Buff	True	True	True	クリティカル率上昇［必殺の紋章］	クリティカル発生が$H_W_GOOD2倍$COLOR_END上昇します。	icon_crest.crestpassivecriticalup_tex
24170	Buff	True	True	False	発動速度上昇［連迅の紋章］	連係して「チャージングストライク」使用時、発動速度が$H_W_GOOD25%$COLOR_END上昇します。	icon_crest.crestnextskillattackspeedup_tex
24180	Buff	True	True	False	消費MP減少［連精の紋章］	連係して「アックスカウンター」使用時、消費MPが$H_W_GOOD-115$COLOR_END減少します。	icon_crest.crestnextskillmpdown_tex
24181	Buff	True	True	False	スキル威力増加［連闘の紋章］	連係して「アックスカウンター」使用時、スキル威力が$H_W_GOOD25%$COLOR_END上昇します。	icon_crest.crestnextskillattackup_tex
24190	Buff	True	True	False	チャージ速度上昇［連迅の紋章］	連係して「サイクロン」使用時、チャージ速度が$H_W_GOOD30%$COLOR_END上昇します。	icon_crest.crestnextskillattackspeedup_tex
24200	Buff	True	True	False	スキル威力増加 [連闘の紋章]	連係して「レザルストライク」使用時、スキル威力が$H_W_GOOD20%$COLOR_END増加します。	icon_crest.crestnextskillattackup_tex
25010	Buff	True	True	False	力上昇［力の紋章］	力が$H_W_GOOD10%$COLOR_END上昇します。	icon_crest.crestactiveattackup_tex
25020	Buff	True	True	False	耐久力上昇［保護の紋章］	耐久力が$H_W_GOOD20%$COLOR_END上昇します。	icon_crest.crestactivedefenceup_tex
25021	Buff	True	True	False	耐久力上昇［保護の紋章］	耐久力が$H_W_GOOD16$COLOR_END上昇します。	icon_crest.crestactivedefenceup_tex
25030	Buff	True	True	False	スキル威力増加［連闘の紋章］	連係して「フロストボール」使用時、スキル威力が$H_W_GOOD25%$COLOR_END増加します。	icon_crest.crestnextskillattackup_tex
25040	Buff	True	True	False	消費MP減少［連精の紋章］	連係して「フレイムピラー」使用時、消費MPが$H_W_GOOD-80$COLOR_END減少します。	icon_crest.crestnextskillmpdown_tex
25050	Buff	True	True	False	スキル威力増加［連闘の紋章］	連係して「メテオインパクト」使用時、スキル威力が$H_W_GOOD20%$COLOR_END増加します。	icon_crest.crestnextskillattackup_tex
25060	Buff	True	True	False	発動速度上昇［連迅の紋章］	連係して「チェイスフレイム」使用時、発動速度が$H_W_GOOD25%$COLOR_END上昇します。	icon_crest.crestnextskillattackspeedup_tex
25070	Buff	True	True	False	発動速度上昇［連迅の紋章］	連係して「フレイムピラー」使用時、発動速度が$H_W_GOOD25%$COLOR_END上昇します。	icon_crest.crestnextskillattackspeedup_tex
25080	Buff	True	True	False	スキル威力増加［連闘の紋章］	連係して「チェイスフレイム」使用時、スキル威力が$H_W_GOOD35%$COLOR_END増加します。	icon_crest.crestnextskillattackup_tex
25090	Buff	True	True	False	発動速度上昇［連迅の紋章］	連係して「サンダーオーブ」使用時、発動速度が$H_W_GOOD40%$COLOR_END上昇します。	icon_crest.crestnextskillattackspeedup_tex
25100	Buff	True	True	False	発動速度上昇［連迅の紋章］	連係して「メテオインパクト」使用時、発動速度が$H_W_GOOD25%$COLOR_END増加します。	icon_crest.crestnextskillattackspeedup_tex
25110	Buff	True	True	False	発動速度上昇［連迅の紋章］	連係して「スリープウィンド」使用時、発動速度が$H_W_GOOD40%$COLOR_END上昇します。	icon_crest.crestnextskillattackspeedup_tex
25120	WeakeningEffect	True	False	False	移動速度減少［怠惰の紋章］	移動速度が$H_W_BAD0,5$COLOR_END減少します。	icon_crest.crestactivespeeddown_tex
25130	Buff	True	True	False	スキル威力増加［連闘の紋章］	連係して使用するスキルの威力が、1度だけ$H_W_GOOD20%$COLOR_END増加します。	icon_crest.crestnextskillattackup_tex
25140	Buff	True	True	False	チャージ速度上昇［連迅の紋章］	連係して「アルケインパルス」使用時、チャージ速度が$H_W_GOOD30%$COLOR_END上昇します。	icon_crest.crestnextskillattackspeedup_tex
25150	Buff	True	True	False	マナシールド効果［助力の紋章］	MP1あたり14まで、最大$H_W_GOOD7063$COLOR_ENDのダメージを無効化します。最大値を超えたり、MPが0になると、効果は即解除されます。	icon_crest.crestpassivehpattackup_tex
25160	WeakeningEffect	True	True	False	HP回復減少［遮断の紋章］	HP回復効果適用時、HP回復量が$H_W_GOOD30%$COLOR_END減少します。	icon_crest.crestpassivetargethealdown_tex
25170	Buff	True	True	False	クリティカル率上昇［必殺の紋章］	クリティカル発生が$H_W_GOOD2倍$COLOR_END上昇します。	icon_crest.crestpassivecriticalup_tex
25171	Buff	True	True	False	クリティカル率上昇［必殺の紋章］	クリティカル発生が$H_W_GOOD2倍$COLOR_END上昇します。	icon_crest.crestpassivecriticalup_tex
25180	Buff	True	True	False	HP回復［忍耐の紋章］	全HPの$H_W_GOOD20％$COLOR_ENDが回復します。戦闘状態になると、効果は即解除されます。	icon_crest.crestpassivehpheal_tex
25190	Buff	True	True	False	移動速度上昇［活力の紋章］	移動速度が$H_W_BAD20%$COLOR_END上昇します。	icon_crest.crestactivespeedup_tex
25200	Buff	True	True	False	スキル威力増加［連闘の紋章］	連係して「チェイスフレイム」使用時、スキル威力が$H_W_GOOD25%$COLOR_END増加します。	icon_crest.crestnextskillattackup_tex
25201	Buff	True	True	False	クリティカル率上昇［必殺の紋章］	クリティカル発生が$H_W_GOOD2.5倍$COLOR_END上昇します。	icon_crest.crestpassivecriticalup_tex
25202	Buff	True	True	False	クリティカル率上昇［必殺の紋章］	クリティカル発生が$H_W_GOOD2.5倍$COLOR_END上昇します。	icon_crest.crestpassivecriticalup_tex
26010	WeakeningEffect	True	False	False	移動速度減少［怠惰の紋章］	移動速度が$H_W_BAD0,5$COLOR_END減少します。	icon_crest.crestactivespeeddown_tex
26020	Stun	True	False	False	気絶［気絶の紋章］	気絶しているため動けません。	icon_crest.crestactivestun_tex
26030	Buff	True	True	False	スキル威力増加［連闘の紋章］	連係して「コンボアロー」使用時、スキル威力が$H_W_GOOD25%$COLOR_END増加します。	icon_crest.crestnextskillattackup_tex
26040	Buff	True	True	False	消費MP減少［連精の紋章］	連係して「スパイダーラインアロー」使用時、消費MPが$H_W_GOOD-13$COLOR_END減少します。	icon_crest.crestnextskillmpdown_tex
26050	Buff	True	True	False	消費MP減少［連精の紋章］	連係して「ポイズンアロー」使用時、消費MPが$H_W_GOOD-38$COLOR_END減少します。	icon_crest.crestnextskillmpdown_tex
26060	Buff	True	True	False	消費MP減少［連精の紋章］	連係して「エクスプロージョントラップ」使用時、消費MPが$H_W_GOOD-75$COLOR_END減少します。	icon_crest.crestnextskillmpdown_tex
26070	Buff	True	True	False	スキル威力増加［連闘の紋章］	連係して「ペネトレーティングアロー」使用時、スキル威力が$H_W_GOOD25%$COLOR_END増加します。	icon_crest.crestnextskillattackup_tex
26080	Buff	True	False	False	移動速度上昇［活力の紋章］	戦闘中の移動速度が$H_W_GOOD10$COLOR_END上昇します。	icon_crest.crestactivespeedup_tex
26090	Stun	True	False	False	気絶［気絶の紋章］	気絶しているため動けません。	icon_crest.crestactivestun_tex
26100	Buff	True	True	False	発動速度上昇［連迅の紋章］	連係して「ポイズンアロー」使用時、発動速度が$H_W_GOOD25%$COLOR_END上昇します。	icon_crest.crestnextskillattackspeedup_tex
26110	Buff	True	True	False	発動速度上昇［連迅の紋章］	連係して「フェイントトラップ」使用時、発動速度が$H_W_GOOD40%$COLOR_END上昇します。	icon_crest.crestnextskillattackspeedup_tex
26111	Buff	True	True	False	発動速度上昇［連迅の紋章］	連係して「フェイントトラップ」使用時、発動速度が$H_W_GOOD50%$COLOR_END上昇します。	icon_crest.crestnextskillattackspeedup_tex
26120	Buff	True	True	False	移動速度上昇［活力の紋章］	戦闘中の移動速度が$H_W_GOOD10$COLOR_END上昇します。	icon_crest.crestactivespeedup_tex
26130	Buff	True	True	False	スキル威力増加［連闘の紋章］	連係して「エクスプロージョントラップ」使用時、スキル威力が$H_W_GOOD25%$COLOR_END増加します。	icon_crest.crestnextskillattackup_tex
26140	Buff	True	True	False	HP持続回復［忍耐の紋章］	$H_W_GOOD1$COLOR_END second毎に全HPの$H_W_GOOD2％$COLOR_ENDが回復します。	icon_crest.crestpassivehpheal_tex
26141	Buff	True	True	False	HP持続回復［忍耐の紋章］	$H_W_GOOD1$COLOR_END second毎に全HPの$H_W_GOOD3％$COLOR_ENDが回復します。	icon_crest.crestpassivehpheal_tex
26150	Buff	True	True	False	スキル威力増加［連闘の紋章］	連係して「コンボアロー」使用時、スキル威力が$H_W_GOOD25%$COLOR_END増加します。	icon_crest.crestnextskillattackup_tex
26160	Buff	True	True	False	チャージ速度上昇［連迅の紋章］	連係して「ペネトレーティングアロー」使用時、チャージ速度が$H_W_GOOD30%$COLOR_END上昇します。	icon_crest.crestnextskillattackspeedup_tex
26170	Buff	True	True	False	チャージ速度上昇［連迅の紋章］	連係して「ペネトレーティングアロー」使用時、チャージ速度が$H_W_GOOD30%$COLOR_END上昇します。	icon_crest.crestnextskillattackspeedup_tex
26171	Buff	True	True	False	チャージ速度上昇［連迅の紋章］	連係して「ペネトレーティングアロー」使用時、チャージ速度が$H_W_GOOD40%$COLOR_END上昇します。	icon_crest.crestnextskillattackspeedup_tex
26180	Buff	True	True	False	チャージ速度上昇［連迅の紋章］	連係して「ラバントアロー」使用時、チャージ速度が$H_W_GOOD30%$COLOR_END上昇します。	icon_crest.crestnextskillattackspeedup_tex
26190	Buff	True	True	False	チャージ速度上昇［連迅の紋章］	連係して「ペネトレーティングアロー」使用時、チャージ速度が$H_W_GOOD30%$COLOR_END上昇します。	icon_crest.crestnextskillattackspeedup_tex
26200	Buff	True	True	False	移動速度上昇［活力の紋章］	戦闘中の移動速度が$H_W_GOOD50$COLOR_END上昇します。	icon_crest.crestpassiveskilleffectup_tex
26210	WeakeningEffect	True	False	False	移動速度減少［怠惰の紋章］	移動速度が$H_W_BAD0,6$COLOR_END減少します。	icon_crest.crestactivespeeddown_tex
26220	WeakeningEffect	True	False	False	耐久力減少［弱化の紋章］	耐久力が$H_W_BAD4,55%$COLOR_END減少します。	icon_crest.crestactivedefencedown_tex
26230	Buff	True	True	False	MP持続回復［精神の紋章］	$H_W_GOOD1$COLOR_END second毎に全MPの$H_W_GOOD6％$COLOR_ENDが回復します。	icon_crest.crestpassivemprecoveryup_tex
26240	Buff	True	True	False	均衡上昇［均衡の紋章］	均衡が $H_W_GOOD1.5倍$COLOR_END上昇します。	icon_crest.crestactivereactionresist_tex
26241	Buff	True	True	False	均衡上昇［均衡の紋章］	均衡が$H_W_GOOD2倍$COLOR_END上昇します。	icon_crest.crestactivereactionresist_tex
26250	Buff	True	True	True	クリティカル率上昇［必殺の紋章］	クリティカル発生が$H_W_GOOD3倍$COLOR_END上昇します。	icon_crest.crestpassivecriticalup_tex
26251	WeakeningEffect	True	False	False	耐久力減少［弱化の紋章］	耐久力が$H_W_BAD4,55%$COLOR_END減少します。	icon_crest.crestactivedefencedown_tex
27010	WeakeningEffect	True	False	False	移動速度減少［怠惰の紋章］	移動速度が$H_W_BAD0,6$COLOR_END減少します。	icon_crest.crestpassivespeeddown_tex
27020	Buff	True	True	False	消費MP減少［連精の紋章］	連係して「懲罰の幕」使用時、消費MPが$H_W_GOOD-41$COLOR_END減少します。	icon_crest.crestnextskillmpdown_tex
27030	Buff	True	True	False	消費MP減少［連精の紋章］	連係して「ペインカーズ」使用時、消費MPが$H_W_GOOD-33$COLOR_END減少します。	icon_crest.crestnextskillmpdown_tex
27040	Buff	True	True	False	消費MP減少［連精の紋章］	連係して「ヒールエネルギー」使用時、消費MPが$H_W_GOOD-100$COLOR_END減少します。	icon_crest.crestnextskillmpdown_tex
27050	Buff	True	True	False	消費MP減少［連精の紋章］	連係して「マナエネルギー」使用時、消費MPが$H_W_GOOD-100$COLOR_END減少します。	icon_crest.crestnextskillmpdown_tex
27060	WeakeningEffect	True	False	False	攻撃速度減少［減速の紋章］	攻撃速度が$H_W_BAD30%$COLOR_END減少します。	icon_crest.crestactiveattackspeeddown_tex
27070	Buff	True	True	False	発動速度上昇［連迅の紋章］	連係して「ヒールエネルギー」使用時、発動速度が$H_W_GOOD25%$COLOR_END上昇します。	icon_crest.crestnextskillattackspeedup_tex
27080	Buff	True	True	False	発動速度上昇［連迅の紋章］	連係して「ヒールエネルギー」使用時、発動速度が$H_W_GOOD25%$COLOR_END上昇します。	icon_crest.crestnextskillattackspeedup_tex
27090	Buff	True	True	False	発動速度上昇［連迅の紋章］	連係して「ライフエレメント」使用時、発動速度が$H_W_GOOD25%$COLOR_END上昇します。	icon_crest.crestnextskillattackspeedup_tex
27100	Buff	True	True	False	発動速度上昇［連迅の紋章］	連係して「マナエネルギー」使用時、発動速度が$H_W_GOOD25%$COLOR_END上昇します。	icon_crest.crestnextskillattackspeedup_tex
27110	Buff	True	True	False	移動速度上昇［活力の紋章］	戦闘中の移動速度が$H_W_GOOD50$COLOR_END上昇します。	icon_crest.crestpassiveskilleffectup_tex
27120	Buff	True	True	False	耐久力上昇［協同の紋章］	耐久力が$H_W_GOOD10%$COLOR_END上昇します。	icon_crest.crestactivedefenceup_tex
27130	Buff	True	True	False	被撃時均衡上昇［均衡の紋章］	均衡が$H_W_GOOD5倍$COLOR_END上昇します。	icon_crest.crestactivereactionresist_tex
27140	Buff	True	True	False	HP回復［忍耐の紋章］	全HPの$H_W_GOOD20％$COLOR_ENDが回復します。	icon_crest.crestpassivehpheal_tex
27150	Buff	True	True	False	HP回復効果強化［救済の紋章］	HP回復量が$H_W_GOOD20%$COLOR_END増加します。	icon_crest.crestactivehprecoveryup_tex
27160	WeakeningEffect	True	False	False	耐久力減少［弱化の紋章］	耐久力が$H_W_BAD10%$COLOR_END減少します。	icon_crest.crestactivedefencedown_tex
27161	Buff	True	True	False	HP回復効果強化［救済の紋章］	HP回復量が$H_W_GOOD25%$COLOR_END増加します。	icon_crest.crestactivehprecoveryup_tex
27170	Buff	False	True	False	最大HP状態で回復「霊魂の紋章」	異常状態ツールチップ表示なし(isShow=False)このツールチップが見えたらBTS処理が必要！	icon_crest.crestpassivehpwhileheal_tex
28010	Buff	True	True	False	スキル威力増加［連闘の紋章］	連係して「パニシュメントハンド」使用時、スキル威力が$H_W_GOOD25%$COLOR_END増加します。	icon_crest.crestnextskillattackup_tex
28020	Buff	True	True	False	スキル威力増加［連闘の紋章］	連係して「懲罰の幕」使用時、スキル威力が$H_W_GOOD25%$COLOR_END増加します。	icon_crest.crestnextskillattackup_tex
28030	Buff	True	True	False	耐久力上昇［保護の紋章］	耐久力が$H_W_GOOD30%$COLOR_END上昇します。	icon_crest.crestactivedefenceup_tex
28040	Buff	True	True	False	消費MP減少［連精の紋章］	連係して「ヒールライト」使用時、消費MPが$H_W_GOOD-85$COLOR_END減少します。	icon_crest.crestnextskillmpdown_tex
28050	Buff	True	True	False	戦闘移動速度上昇［活力の紋章］	戦闘中の移動速度が$H_W_GOOD15$COLOR_END上昇します。	icon_crest.crestactivespeedup_tex
28060	Buff	True	True	False	スキル威力増加［連闘の紋章］	連係して「スカージングハンド」使用時、スキル威力が$H_W_GOOD25%$COLOR_END増加します。	icon_crest.crestnextskillattackup_tex
28070	WeakeningEffect	True	False	False	移動速度減少［怠惰の紋章］	移動速度が$H_W_BAD0,7$COLOR_END減少します。	icon_crest.crestactivespeeddown_tex
28080	WeakeningEffect	True	False	False	攻撃速度減少［減速の紋章］	攻撃速度が$H_W_BAD15%$COLOR_END減少します。	icon_crest.crestactiveattackspeeddown_tex
28090	WeakeningEffect	True	False	False	耐久力減少［弱化の紋章］	耐久力が$H_W_BAD10%$COLOR_END減少します。	icon_crest.crestactivedefencedown_tex
28100	Buff	True	True	False	HP持続回復［救済の紋章］	$H_W_GOOD2$COLOR_END second1毎に全HPの$H_W_GOOD5％$COLOR_ENDが回復します。	icon_crest.crestpassivehpwhileheal_tex
28101	Buff	False	True	False	HP持続回復［救済の紋章］	異常状態ツールチップ非表示（isShow=False）このツールチップが出たらBTS処理が必要です。	icon_crest.crestpassivehpwhileheal_tex
28110	WeakeningEffect	True	True	False	HP持続回復［救済の紋章］	$H_W_GOOD1$COLOR_END second毎に全HPの$H_W_GOOD15％$COLOR_ENDが回復します。	icon_crest.crestpassivehpwhileheal_tex
28111	Buff	False	True	False	最大HP状態で回復「霊魂の紋章」	異常状態ツールチップ表示なし(isShow=False)このツールチップが見えたらBTS処理が必要！	icon_crest.crestpassivehpwhileheal_tex
28120	Buff	True	True	False	被撃時均衡上昇［均衡の紋章］	均衡が$H_W_GOOD2倍$COLOR_END上昇します。	icon_crest.crestactivedefenceup_tex
28130	Buff	True	True	False	MP回復［精神の紋章］	$H_W_GOOD$H_W_GOOD1$COLOR_END second$COLOR_END毎に、$H_W_GOODMP50$COLOR_END回復します。	icon_crest.crestpassivemprecoveryup_tex
28131	Buff	True	True	False	スキル威力増加［連闘の紋章］	連係して「スカージングハンド」使用時、スキル威力が$H_W_GOOD40%$COLOR_END増加します。	icon_crest.crestnextskillattackup_tex
28132	Buff	True	True	False	スキル威力増加［連闘の紋章］	連係して「パニシュメントハンド」使用時、スキル威力が$H_W_GOOD40%$COLOR_END増加します。	icon_crest.crestnextskillattackup_tex
29010	Buff	True	True	False	攻撃速度上昇［迅速の紋章］	攻撃速度が$H_W_GOOD15%$COLOR_END上昇します。	icon_crest.crestactiveattackspeedup_tex
29011	Buff	True	True	True	クリティカル発生上昇［必殺の紋章］	クリティカル発生が$H_W_GOOD2倍$COLOR_END上昇します。	icon_crest.crestpassivecriticalup_tex
29020	Buff	True	True	False	スキル威力増加［連闘の紋章］	連係スキルでムーンスラッシュ使用時、スキル威力が$H_W_GOOD30%$COLOR_END増加します。	icon_crest.crestnextskillattackup_tex
29030	Buff	True	True	False	発動速度上昇［連迅の紋章］	連係スキルでデスクリーブ使用時、発動速度が$H_W_GOOD25%$COLOR_END上昇します。	icon_crest.crestnextskillattackspeedup_tex
29040	Buff	True	True	False	スキル威力増加［連闘の紋章］	連係スキルでデスクリーブ使用時、スキル威力が$H_W_GOOD20%$COLOR_END増加します。	icon_crest.crestnextskillattackup_tex
29041	Buff	True	True	False	スキル威力増加［連闘の紋章］	連係スキルでムーンスラッシュ使用時、スキル威力が$H_W_GOOD30%$COLOR_END増加します。	icon_crest.crestnextskillattackup_tex
29050	WeakeningEffect	True	False	False	攻撃速度減少［減速の紋章］	重複する度に、攻撃速度が$H_W_BAD10%$COLOR_END％ずつ減少します。	icon_crest.crestactiveattackspeeddown_tex
29060	Buff	True	True	False	スキル威力増加［連闘の紋章］	連係スキルでスピニングエッジ使用時、クリティカル発生率が$H_W_GOOD30％$COLOR_END上昇します。	icon_crest.crestnextskillattackup_tex
29070	WeakeningEffect	True	False	False	移動不可［怠惰の紋章］	効果持続中は、その場から動けません。ダウンすると効果は即解除されます。	icon_crest.crestactivespeeddown_tex
29090	Buff	True	True	False	攻撃速度上昇［迅速の紋章］	デッドリーリープ命中時、2.5秒間スキルの発動速度が50％上昇します。	icon_crest.e_crestpassiveskillspeedup_tex
29100	Buff	True	True	False	スキル威力増加［連闘の紋章］	連係スキルでダークエクスプロージョン使用時、スキル威力が$H_W_GOOD20%$COLOR_END増加します。	icon_crest.crestnextskillattackup_tex
29110	Buff	True	True	False	移動速度上昇［活力の紋章］	戦闘中の移動速度が$H_W_GOOD50$COLOR_END上昇します。	icon_crest.e_crestactivespeedup_tex
29111	Buff	True	True	True	クリティカル発生率上昇［必殺の紋章］	クリティカル発生が$H_W_GOOD2倍$COLOR_ENDに上昇します。	icon_crest.crestpassivecriticalup_tex
29112	Buff	True	True	False	スキル威力増加［連闘の紋章］	連係スキルでムーンスラッシュ使用時、スキル威力が$H_W_GOOD35%$COLOR_END増加します。	icon_crest.crestnextskillattackup_tex
29113	Buff	True	True	True	クリティカル確率増加 [必殺の紋章]	クリティカル発生が$H_W_GOOD3倍$COLOR_END上昇します。	icon_crest.crestpassivecriticalup_tex
30010	Buff	False	True	False	アルケイン回復[精神の紋章]	この異常状態が見えたらバグ	icon_crest.crestpassivemprecoveryup_tex
30020	Buff	True	True	False	攻撃速度上昇 [迅速の紋章]	攻撃速度が$H_W_GOOD15%$COLOR_END上昇します。	icon_crest.crestactiveattackspeeddown_tex
30030	Buff	False	True	False	死亡モーション減少[熟練の紋章]	死後モーションによって押し出される距離が40％減少します。	icon_crest.e_crestpassivepenaltydelete_tex
30040	Buff	False	True	False	アルケイン回復[精神の紋章]	この異常状態が見えたらバグ	icon_crest.crestpassivemprecoveryup_tex
30050	Buff	True	True	False	攻撃速度上昇 [助力の紋章]	攻撃速度が$H_W_GOOD30%$COLOR_END上昇します。	icon_crest.crestactiveattackspeeddown_tex
30060	Buff	False	True	False	アルケイン回復[精神の紋章]	この異常状態が見えたらバグ	icon_crest.crestpassivemprecoveryup_tex
30070	Buff	False	True	False	アルケイン回復[精神の紋章]	この異常状態が見えたらバグ	icon_crest.crestpassivemprecoveryup_tex
30080	Buff	True	True	False	移動速度上昇 [活力の紋章]	移動速度が$H_W_GOOD50%$COLOR_END上昇します。	icon_crest.crestactivespeedup_tex
30090	Buff	False	True	False	スキル威力増加 [連闘の紋章]	次のスキル使用時、スキル威力が$H_W_GOOD$ value$ COLOR_END増加します。	icon_crest.crestnextskillattackup_tex
30100	Buff	True	True	False	スキル威力増加 [連闘の紋章]	連係して「ショットガン」使用時、スキル威力が$H_W_GOOD20%$COLOR_END増加します。	icon_crest.crestnextskillattackup_tex
30200	Buff	True	True	False	クリティカル発生上昇［必殺の紋章］	クリティカル発生が$H_W_GOOD2倍$COLOR_END上昇します。	icon_crest.crestpassivecriticalup_tex
31010	Buff	True	True	False	攻撃速度上昇［迅速の紋章］	攻撃速度が$H_W_GOOD15%$COLOR_END上昇します。	icon_crest.e_crestactiveattackspeedup_tex
31020	Buff	True	True	False	スキル威力増加［連闘の紋章］	スキル威力が$H_W_GOOD50%$COLOR_END増加します。	icon_crest.crestnextskillattackup_tex
31030	Buff	True	True	False	スキル威力増加［連闘の紋章］	スキル威力が$H_W_GOOD10%$COLOR_END増加します。	icon_crest.crestnextskillattackup_tex
31040	Buff	False	True	False	アドレナリン回復[精神の紋章]	この異常状態が見えたらバグ	
31050	Buff	False	True	False	アドレナリン回復[精神の紋章]	この異常状態が見えたらバグ	
31060	Buff	False	True	False	アドレナリン回復[精神の紋章]	この異常状態が見えたらバグ	
31080	WeakeningEffect	True	False	False	移動速度減少［怠惰の紋章］	移動速度が $H_W_BAD0,5$COLOR_END 減少します。	icon_crest.crestactivespeeddown_tex
31090	Buff	False	True	False	アドレナリン回復[精神の紋章]	この異常状態が見えたらバグ	
31100	Buff	True	True	True	力上昇［力の紋章］	力が $H_W_GOOD25$COLOR_END 上昇します。	icon_crest.crestactiveattackup_tex
31110	Buff	True	True	False	スキル威力増加［連闘の紋章］	スキル威力が$H_W_GOOD15%$COLOR_END増加します。	icon_crest.crestnextskillattackup_tex
31120	Buff	True	True	False	(防御) ［保護の紋章］	次に使用するテンペスト/トルネードダイブ/デッドリーマグナムに前方防御効果が適用されます。	icon_crest.e_crestactivedefenceup_tex
31130	Buff	False	True	False			
31140	Buff	False	True	False			
32002	Buff	True	True	False	攻撃速度上昇 [迅速の紋章]	攻撃速度が$H_W_GOOD10%$COLOR_END上昇します。	icon_crest.e_crestactiveattackspeedup_tex
32005	Buff	True	True	False	スキル威力増加［連闘の紋章］	スキル威力が$H_W_GOOD10%$COLOR_END増加します。	icon_crest.crestnextskillattackup_tex
32010	Buff	False	True	False	クールタイム初期化[集中の紋章]	この異常状態が見えたらバグ	
32020	Buff	True	True	False	スキル威力増加［連闘の紋章］	連係して「天地落とし」使用時、スキル威力が$H_W_GOOD25%$COLOR_END増加します。	icon_crest.crestnextskillattackup_tex
32024	Buff	True	True	False	スキル威力増加［連闘の紋章］	連係して「三連殺」使用時、スキル威力が$H_W_GOOD25%$COLOR_END増加します。	icon_crest.crestnextskillattackup_tex
32033	Buff	True	True	False	発動速度上昇［連迅の紋章］	連係して「爆炎風車」および「火炎連弾」使用時、発動速度が$H_W_GOOD20%$COLOR_END上昇します。	icon_crest.crestnextskillattackspeedup_tex
32044	Buff	True	True	False	スキル威力増加［連闘の紋章］	連係して「天地落とし」使用時、スキル威力が$H_W_GOOD30%$COLOR_END増加します。	icon_crest.crestnextskillattackup_tex
32047	Buff	True	True	False	スキル威力増加［連闘の紋章］	連係して「三連殺」使用時、スキル威力が$H_W_GOOD30%$COLOR_END増加します。	icon_crest.crestnextskillattackup_tex
32058	Buff	True	True	False	発動速度上昇［連迅の紋章］	連係して「爆炎風車」および「火炎連弾」使用時、発動速度が$H_W_GOOD30%$COLOR_END上昇します。	icon_crest.crestnextskillattackspeedup_tex
32060	Buff	True	True	False	攻撃速度上昇 [迅速の紋章]	攻撃速度が$H_W_GOOD10%$COLOR_END上昇します。	icon_crest.e_crestactiveattackspeedup_tex
33010	Buff	True	True	False	攻撃速度上昇 [迅速の紋章]	攻撃速度が$H_W_GOOD15%$COLOR_END上昇します。	icon_crest.crestactiveattackspeedup_tex
33020	Buff	True	True	False	スキル威力増加 [連闘の紋章]	連係して「エクステンドスラッシュ」使用時、スキル威力が$H_W_GOOD25%$COLOR_END増加します。	icon_crest.crestnextskillattackup_tex
33070	Buff	False	True	False	スキル威力増加 [連闘の紋章]	3秒間全ての攻撃スキルの威力が15％増加します。	icon_crest.crestnextskillattackup_tex
33071	Buff	True	True	False	スキル威力増加 [連闘の紋章]	3秒間全ての攻撃スキルの威力が15％増加します。	icon_crest.crestnextskillattackup_tex
33072	Buff	False	True	False	スキル威力増加 [連闘の紋章]	3秒間全ての攻撃スキルの威力が20％増加します。	icon_crest.crestnextskillattackup_tex
33073	Buff	True	True	False	スキル威力増加 [連闘の紋章]	3秒間全ての攻撃スキルの威力が20％増加します。	icon_crest.crestnextskillattackup_tex
33100	WeakeningEffect	True	False	False	移動速度減少［怠惰の紋章］	移動速度が$H_W_BAD0,5$COLOR_END 減少します。	icon_crest.crestpassivespeeddown_tex
33130	Buff	True	True	False	スキル威力増加 [連闘の紋章]	連係して「エクステンドスラッシュ」使用時、スキル威力が$H_W_GOOD25%$COLOR_END増加します。	icon_crest.crestnextskillattackup_tex
33140	Buff	False	True	False			icon_crest.crestpassivecriticalup_tex
33150	Buff	True	True	False	スキル威力増加 [連闘の紋章]	連係して「エクステンドスラッシュ」使用時、スキル威力が$H_W_GOOD25%$COLOR_END増加します。	icon_crest.crestnextskillattackup_tex
33170	Buff	True	True	False	HP持続回復［忍耐の紋章］	$H_W_GOOD1$COLOR_END second毎に全HPの$H_W_GOOD3％$COLOR_ENDが回復します。	icon_crest.crestpassivehpheal_tex
33200	Buff	True	True	False	スキル威力増加［連闘の紋章］	次に使用するスキルの威力が30％増加します。	icon_crest.crestnextskillattackup_tex
33210	Buff	True	True	False	スキル威力増加 [連闘の紋章]	連係して「月鳴り」使用時、スキル威力が$H_W_GOOD25%$COLOR_END上昇します。	icon_crest.e_crestnextskillattackup_tex
45301	WeakeningEffect	True	False	False	強い衝撃	砲弾による強い衝撃を受けました。	icon_status.minusdefence_tex
45302	WeakeningEffect	True	False	False	均衡喪失	強い衝撃でバランスを崩し、倒れます。	icon_status.minuscriticalresist_tex
45303	DamageOverTime	False	False	False		13秒後にドリルが消えます。	
46700	WeakeningEffect	False	False	True	ターゲット確認用0		icon_skills.markingofarcher_tex
46701	WeakeningEffect	False	False	False	ターゲット確認用1		icon_skills.markingofarcher_tex
46702	WeakeningEffect	False	False	False	ターゲット確認用2		icon_skills.markingofarcher_tex
46703	WeakeningEffect	False	False	False	ターゲット確認用3		icon_skills.markingofarcher_tex
46704	WeakeningEffect	False	False	False	ターゲット確認用4		icon_skills.markingofarcher_tex
46705	WeakeningEffect	True	True	False	ディザスター	酸により耐久力が減少しています。この効果は重複し、解除できません。	icon_status.minusdefence_tex
46706	WeakeningEffect	True	True	False	カタストロフィ	酸により耐久力が大幅に減少しています。この効果は重複し、解除できません。	icon_status.minusdefence_tex
46710	Stun	True	False	False	時限爆弾	持続時間が経過すると、自身と周囲にダメージを与えます。	icon_skills.voidtrap_tex
46711	Buff	False	True	False	時限爆弾	ドン！	icon_skills.voidtrap_tex
46712	Buff	False	True	False	感染拡大	ドン！	icon_skills.voidtrap_tex
46713	Buff	False	True	False	感染拡大	ドン！	icon_skills.voidtrap_tex
46750	Buff	True	True	False	燃え上がる怒り	燃え上がる怒りによって、力が$H_W_GOOD20%$COLOR_END、防御力が$H_W_GOOD20%$COLOR_END上昇します。	icon_status.archerspirit_tex
46751	Buff	True	True	False	堅鎧	防御力が$H_W_GOOD20%$COLOR_END上昇します。	icon_status.balanceup_tex
46752	Buff	True	True	False	金剛鎧	防御力が大幅に上昇し、ダメージを受けません。	icon_status.plusedefence_tex
46753	Buff	True	True	False	咆哮	持続時間の間、咆哮が更に重複すると、「堅硬な鎧｣の効果が適用されます｡	icon_status.angerwarrior_tex
46754	Buff	False	True	False	金剛鎧	防御力が大幅に上昇し、ダメージを受けません。	icon_status.plusedefence_tex
46755	Buff	True	True	False	執着	お互いの切ない思いが増幅し、デバフ、ダウン、硬直、スタン状態になりません。	icon_skills.recallfriend_tex
46756	DamageOverTime	True	True	False	排水	汚水により、2秒毎にHPが15,000減少します。	icon_status.purifydagon_tex
46757	WeakeningEffect	False	False	False	ターゲッティング確認用プリマ		icon_skills.markingofarcher_tex
46758	Buff	True	True	False	燃える狂気	攻撃されると攻撃者に一定数値のダメージを反射します。	icon_skills.overhelm_tex
46759	Stun	True	False	False	ムカムカ	持続時間内に解除しないと、気分が悪くなり、しばらく気絶します。	icon_status.poisonstatus_tex
46760	Stun	True	False	False	嘔吐	気持ち悪くなって嘔吐します。この効果中は動けません。「ウェ～！」 	icon_status.poisonup_tex
46761	Stun	True	False	False	汚染された排水	体に漂う不思議な気により力が入りません。力が$H_W_BAD50%$COLOR_END、攻撃速度が$H_W_BAD70%$COLOR_END減少します。	icon_items.q_greenmucus_tex
46762	Buff	True	True	False	正体不明	全てのデバフを無視し、移動速度が上昇しますが、攻撃力は大幅に減少します。	icon_status.confusestatusnpc_tex
46763	Buff	False	True	True	正体不明の効果エフェクト	全てのデバフを無視し、移動速度が上昇しますが、攻撃力は大幅に減少します。	icon_status.confusestatusnpc_tex
48730	Buff	True	True	False	冷たっ	冷たいものを食べたため、涼しくなります。	icon_status.icedamage_tex
48731	Buff	True	True	False	かき氷	$H_W_GOOD1$COLOR_END second毎に全MPの$H_W_GOOD5％$COLOR_ENDが回復します。	icon_items.bluesmoothie_tex
48732	Stun	True	False	False	キーン	冷たいものを急いで食べたため、頭がキーンと痛くなります。体が冷えて、移動速度が$H_W_BAD10%$COLOR_END減少します。	icon_status.confusedown_tex
48733	Buff	True	True	False	ポイズンティアー	ロセッツの酒を飲んだため、酔いが回ります。	icon_items.q_bottlewine_tex
48734	Buff	True	True	False	酔い I	酔いが回って、視野が歪み感覚が麻痺します。耐久力が$H_W_GOOD1$COLOR_END上昇します。	icon_status.poisondown_tex
48735	Buff	True	True	False	酔い II	酔いが回って、視野が歪み感覚が麻痺します。耐久力が$H_W_GOOD2$COLOR_END上昇します。	icon_status.poisondown_tex
48736	Buff	True	True	False	酔い III	酔いが回って、視野が歪み感覚が麻痺します。耐久力が$H_W_GOOD3$COLOR_END上昇します。	icon_status.poisondown_tex
48737	Buff	True	True	False	酔い IV	酔いのためひどく吐き気がします。耐久力が$H_W_GOOD3$COLOR_END上昇します。	icon_status.poisondown_tex
48738	Buff	True	True	False	酔い V	これ以上は飲めません。耐久力が$H_W_GOOD3$COLOR_END上昇します。	icon_status.poisondown_tex
48739	Stun	True	False	False	悪酔い	悪酔い状態です。酒気が抜けるまで動くことができません。	icon_status.confuseup_tex
48740	Buff	True	True	True			
48741	Stun	True	False	False	ウキウキ	楽しい気分になって一人で踊り始めます。	icon_status.staminaup_tex
48742	Stun	True	False	False	ゆううつ	悲しみが込み上げて来ます。涙が止まりません。	icon_status.staminadown_tex
48743	Buff	False	True	False			
48744	Buff	True	True	False	フルーツかき氷	$H_W_GOOD1$COLOR_END second毎に$H_W_GOOD$170$COLOR_ENDずつMPが持続回復します。	icon_items.bluesmoothie_tex
50003	DamageOverTime	False	False	False	BTS	見えたらバグ	
50004	DamageOverTime	False	False	False	BTS	見えたらバグ	
50005	DamageOverTime	False	False	False	BTS	見えたらバグ	
50006	DamageOverTime	False	False	False	BTS	見えたらバグ	
50007	DamageOverTime	False	False	False	BTS	見えたらバグ	
60001	Buff	True	True	False	野獣の歓喜 III	力が$H_W_GOOD12$COLOR_END、攻撃速度が$H_W_GOOD4%$COLOR_END上昇します。	icon_items.weapon_enchant_scroll_3_tex
60002	Buff	True	True	False	野獣の戦慄 III	クリティカル発生が$H_W_GOOD20$COLOR_END、攻撃速度が$H_W_GOOD4%$COLOR_END上昇します。	icon_items.weapon_enchant_scroll_3_tex
60003	Buff	True	True	False	精霊の風 III	MPが$H_W_GOOD1$COLOR_END second毎に$H_W_GOOD300$COLOR_ENDずつ回復します。	icon_items.weapon_enchant_scroll_3_tex
60004	DamageOverTime	True	False	False	女神の懲戒 III	鋭利な鎧によって出血しました。HPが$H_W_BAD1$COLOR_END second毎に$H_W_BAD-900$COLOR_ENDずつ減少します。	icon_status.minuscriticalresist_tex
60005	Buff	True	True	False	女神の防壁 III	バリアが最大$H_W_GOOD8000$COLOR_ENDのダメージを無効化します。最大値を超えると持続時間に関わらず即解除されます。	icon_items.body_enchant_scroll_3_tex
60006	Buff	True	True	False	女神の免罪 III	$H_W_GOOD1$COLOR_END second毎にHPが$H_W_GOOD900$COLOR_ENDずつ、MPが$H_W_GOOD90$COLOR_ENDずつ回復します。	icon_items.body_enchant_scroll_3_tex
60007	Buff	True	True	False	神秘的な古代の霊壇	$H_W_GOOD$time$COLOR_END間、力/耐久力/衝撃/均衡/クリティカル発生/移動速度が$H_W_GOOD3$COLOR_END上昇します。	icon_items.drug_all_stats_up_tex
60008	DamageOverTime	True	False	False	魔獣の呪い：猛毒	強力な毒に侵されました。HPが$H_W_BAD1$COLOR_END second毎に$H_W_BAD-227$COLOR_ENDずつ減少します。	icon_status.poisonstatus_tex
60009	DamageOverTime	True	False	False	魔獣の呪い：雷	雷の衝撃により、移動速度が$H_W_BAD20%$COLOR_END減少し、$H_W_BAD1$COLOR_END second毎にHPが$H_W_BAD-882$COLOR_END減少します。	icon_status.minusmove_tex
60010	WeakeningEffect	True	False	False	魔獣の呪い：衝撃	強力な衝撃により防御力が$H_W_BAD7%$COLOR_END減少します。	icon_skills.armorbreak_tex
60011	DamageOverTime	True	False	False	魔獣の呪い：棘	鋭利な鎧によって出血しました。HPが$H_W_BAD1$COLOR_END second毎に$H_W_BAD-351$COLOR_ENDずつ減少します。	icon_status.minuscriticalresist_tex
60012	Buff	True	True	False	精霊の祝福：生存	祝福により耐久力が$H_W_GOOD10%$COLOR_END上昇します。	icon_status.plusedefence_tex
60013	Buff	True	True	False	精霊の祝福：保護	祝福により$H_W_GOOD1$COLOR_END second毎に全HPの$H_W_GOOD3％$COLOR_ENDが回復します。	icon_items.potion1_tex
60014	Buff	True	True	False	強力な野獣の歓喜 III	力が$H_W_GOOD15$COLOR_END、攻撃速度が$H_W_GOOD5%$COLOR_END上昇します。	icon_items.weapon_enchant_scroll_3_tex
60015	Buff	True	True	False	強力な野獣の戦慄 III	クリティカル発生が$H_W_GOOD25$COLOR_END、攻撃速度が$H_W_GOOD5%$COLOR_END上昇します。	icon_items.weapon_enchant_scroll_3_tex
60016	Buff	True	True	False	強力な精霊の風 III	MPが$H_W_GOOD1$COLOR_END second毎に$H_W_GOOD436$COLOR_ENDずつ持続回復します。	icon_items.weapon_enchant_scroll_3_tex
60017	DamageOverTime	True	False	False	強力な女神の懲戒 III	鋭利な鎧によって出血しました。HPが$H_W_BAD1$COLOR_END second毎に$H_W_BAD-1200$COLOR_ENDずつ減少します。	icon_status.minuscriticalresist_tex
60018	Buff	True	True	False	強力な女神の防壁 III	バリアが最大$H_W_GOOD12000$COLOR_ENDのダメージを無効化します。最大値を超えると持続時間に関わらず即解除されます。	icon_items.body_enchant_scroll_3_tex
60019	Buff	True	True	False	強力な女神の免罪 III	$H_W_GOOD1$COLOR_END second毎にHPが$H_W_GOOD1405$COLOR_ENDずつ、MPが$H_W_GOOD145$COLOR_ENDずつ回復します。	icon_items.body_enchant_scroll_3_tex
60020	DamageOverTime	True	False	False	衰弱の気（呪い）	体に不思議な気が漂っています。HPが$H_W_BAD1$COLOR_END second毎に$H_W_BAD-250$COLOR_ENDずつ減少し、移動速度も$H_W_BAD-250$COLOR_END減少します。	icon_status.minusmove_tex
60021	WeakeningEffect	True	False	False	好奇心の代償（呪い）	体に漂う不思議な気により力が入りません。力が$H_W_BAD50%$COLOR_END、攻撃速度が$H_W_BAD70%$COLOR_END減少します。	icon_skills.ribbreaker_tex
60022	Buff	True	True	False	野獣の歓喜IV	力が$H_W_GOOD15$COLOR_END、攻撃速度が$H_W_GOOD5%$COLOR_END上昇します。	icon_items.weapon_enchant_scroll_3_tex
60023	Buff	True	True	False	野獣の戦慄 IV	クリティカル発生が$H_W_GOOD25$COLOR_END、攻撃速度が$H_W_GOOD5%$COLOR_END上昇します。	icon_items.weapon_enchant_scroll_3_tex
60024	Buff	True	True	False	精霊の風 IV	MPが$H_W_GOOD1$COLOR_END second毎に$H_W_GOOD436$COLOR_ENDずつ回復します。	icon_items.weapon_enchant_scroll_3_tex
60025	DamageOverTime	True	False	False	女神の報復 IV	鋭利な鎧によって出血しました。HPが$H_W_BAD1$COLOR_END second毎に$H_W_BAD-1200$COLOR_ENDずつ減少します。	icon_status.minuscriticalresist_tex
60026	Buff	True	True	False	女神の防壁IV	バリアが最大$H_W_GOOD12000$COLOR_ENDのダメージを無効化します。最大値を超えると持続時間に関わらず即解除されます。	icon_items.body_enchant_scroll_3_tex
60027	Buff	True	True	False	女神の免罪IV	$H_W_GOOD1$COLOR_END second毎にHPが$H_W_GOOD1405$COLOR_ENDずつ、MPが$H_W_GOOD145$COLOR_ENDずつ回復します。	icon_items.body_enchant_scroll_3_tex
60029	Buff	True	True	False	精神集中 II	$H_W_GOOD1$COLOR_END second毎に全MPの$H_W_GOOD5％$COLOR_ENDが回復します。	icon_skills.neutralizepoison_tex
60030	Buff	True	True	False	精神集中 I	$H_W_GOOD1$COLOR_END second毎に全MPの$H_W_GOOD3％$COLOR_ENDが回復します。	icon_skills.neutralizepoison_tex
60031	Buff	True	True	False	精神集中 III	$H_W_GOOD1$COLOR_END second毎に全MPの$H_W_GOOD7％$COLOR_ENDが回復します。	icon_skills.neutralizepoison_tex
70201	Buff	True	True	False	ポップコーン	最大HPが$H_W_GOOD5%$COLOR_END増加します。	icon_items.fallfestival_popcorn_tex
70202	Buff	True	True	False	ポテトサラダ	$H_W_GOOD5$COLOR_END second1毎に全HPの$H_W_GOOD1％$COLOR_ENDが回復します。	icon_items.fallfestival_potatosalad_tex
70203	Buff	True	True	False	ピグリンソテー	$H_W_GOOD5$COLOR_END second1毎に$H_W_GOOD$1％$COLOR_ENDずつMPが持続回復します。	icon_items.q_roastmeat_tex
70211	Buff	True	True	False	ブロッコリースープ	最大HPが$H_W_GOOD5%$COLOR_END増加し、クリティカル発生が$H_W_GOOD10$COLOR_END上昇します。	icon_items.fallfestival_broccolisoup_tex
70212	Buff	True	True	False	パンプキンマフィン	$H_W_GOOD5$COLOR_END second1毎に全HPの$H_W_GOOD1％$COLOR_ENDが回復し、耐久力が$H_W_GOOD1$COLOR_END上昇します。	icon_items.fallfestival_pumpkinmuffin_tex
70213	Buff	True	True	False	ラズベリークッキー	$H_W_GOOD5$COLOR_END second1毎に全HPの$H_W_GOOD1％$COLOR_ENDのMPが回復し、力が$H_W_GOOD1$COLOR_END上昇します。	icon_items.fallfestival_cookies_tex
70221	Buff	True	True	False	ジンギスカン	最大HPが$H_W_GOOD5%$COLOR_END増加し、クリティカル発生が$H_W_GOOD20$COLOR_END、攻撃速度が$H_W_GOOD3$COLOR_END上昇します。	icon_items.fallfestival_bulgogi_tex
70222	Buff	True	True	False	ダチョウサラダ	$H_W_GOOD5$COLOR_END second1毎に全HPの$H_W_GOOD1％$COLOR_ENDが回復し、耐久力が$H_W_GOOD2$COLOR_END、攻撃速度が$H_W_GOOD3$COLOR_END上昇します。	icon_items.fallfestival_salad_tex
70223	Buff	True	True	False	ハーフムーンコロッケ	$H_W_GOOD5$COLOR_END second1毎に全HPの$H_W_GOOD1％$COLOR_ENDのMPが回復し、力が$H_W_GOOD2$COLOR_END、攻撃速度が$H_W_GOOD3$COLOR_END上昇します。	icon_items.fallfestival_croquette_tex
70231	Buff	True	True	False	リカノールファイヤーサラダ	最大HP、MPが$H_W_GOOD5％$COLOR_END 増加します。	icon_items.fallfestival_rikanosalad_tex
70232	Buff	True	True	False	ヴェリックウィング	クリティカル抵抗が$H_W_GOOD20$COLOR_END 上昇します。	icon_items.fallfestival_wing_tex
70233	Buff	True	True	False	カイアトール伝統BBQ	HP回復効果適用時、HP回復量が$H_W_GOOD9,00000000000001%$COLOR_END増加します。	icon_items.pigling_ribs_tex
70234	Buff	True	True	False	リカノールビール	$time間、気分が良くなりますが、強いめまいに襲われることがあります。	icon_items.solventd15_tex
70235	Buff	True	True	False	ラズベリーワイン	$time間、気分が良くなりますが、強いめまいに襲われることがあります。	icon_items.solventa12_tex
70236	Buff	True	True	False	天空蓮酒	$time間、ダウン/硬直に$H_W_GOOD100％$COLOR_END抵抗できますが、強いめまいに襲われることがあります。	icon_items.solventf16_tex
70237	Buff	True	True	False	レイナーの黒ビール	$time間、攻撃速度が$H_W_GOOD20$COLOR_END上昇しますが、強いめまいに襲われることがあります。	icon_items.solventc15_tex
70238	Buff	True	True	False	タッカーのカボチャ酒	$time間、耐久力が$H_W_GOOD10$COLOR_END増加しますが、強いめまいに襲われることがあります。	icon_items.solventd5_tex
70239	Buff	False	True	False	リカノールファイヤーサラダ	コンディションが$H_W_GOOD0$COLOR_END上昇します。	icon_items.fallfestival_rikanosalad_tex
70240	Buff	False	True	False	ヴェリックウィング	効果持続時間中、コンディションが減少しません。	icon_items.fallfestival_wing_tex
70241	Buff	True	True	False	カイアトール伝統BBQ	HP回復効果適用時、HP回復量が$H_W_GOOD9,00000000000001%$COLOR_END増加します。	icon_items.pigling_ribs_tex
70242	Buff	False	True	False	メリサの高級宴会セット	リカノールサラダ、ヴェリックウィング、カイアトール伝統BBQ効果を持ちます。	icon_items.pigling_ribs_tex
70243	Buff	False	True	False	カイアトール伝統BBQ	HP回復効果適用時、HP回復量が$H_W_GOOD70233$COLOR_END増加します。	icon_items.pigling_ribs_tex
70244	Buff	False	True	False	ヴェリックウィング	効果持続時間中、コンディションが減少しません。	icon_items.pigling_ribs_tex
70245	Buff	True	True	False	高級リカノールファイヤーサラダ	最大HPが$H_W_GOOD5％$COLOR_END、最大MPが$H_W_GOOD10％$COLOR_END増加し、$H_W_GOOD5$COLOR_END second1毎に全MPの$H_W_GOOD1％$COLOR_ENDが回復します。	icon_items.fallfestival_rikanosalad_tex
70246	Buff	False	True	False	パーティーテーブル	ジンギスカン、高級リカノールファイヤーサラダ、ヴェリックウィング、カイアトール伝統BBQの効果を持ちます。	icon_items.pigling_ribs_tex
70301	Buff	True	True	False	聖域_精霊の波紋(臨時)	戦闘中の移動速度が$H_W_GOOD2$COLOR_END上昇します。効果は最大3回まで重複します。	icon_status.aura_of_wind_tex
70302	Buff	True	True	False	聖域_集中の気運(臨時)	スキル命中時、ダメージが$H_W_GOOD20$COLOR_END増加します。	icon_status.aura_of_damage_tex
70303	Buff	True	True	False	聖域_活力の波紋(臨時)	最大コンディションが$H_W_GOOD5$COLOR_END上昇します。効果は最大3回まで重複します。	icon_status.aura_of_condition_tex
70304	Buff	True	True	False	聖域_再生の波紋(臨時)	$H_W_GOOD3$COLOR_END second1毎に全HPの$H_W_GOOD0.5％$COLOR_ENDが回復します。効果は最大3回まで重複します。	icon_status.aura_of_regeneration_hp_tex
70305	Buff	True	True	False	聖域_魔力の波紋(臨時)	$H_W_GOOD3$COLOR_END second1毎に全MPの$H_W_GOOD0.5％$COLOR_ENDが回復します。効果は最大3回まで重複します。	icon_status.aura_of_regeneration_mp_tex
70403	WeakeningEffect	True	False	False	時空の亀裂_減速	移動速度が$H_W_BAD50%$COLOR_END 減少します。	icon_status.minusmove_tex
70406	Stun	True	False	False	時空の亀裂_恐怖	恐怖に慄き、逃げ出します。	icon_status.fearstatus_tex
70407	Stun	True	False	False	無力化	全身から力が抜けます。効果が持続している間、亀裂のオーラを受けていない対象はスキルを使用することができません。	icon_status.sealskill_tex
70408	Stun	False	False	False			
70409	Stun	True	False	False	精神錯乱	精神錯乱状態に陥りました！　【移動キー】入力時の移動方向が反対になります。	icon_status.confusestatuspc_tex
70410	Buff	True	True	False	時空の亀裂_攻撃力増加	力が$H_W_GOOD20%$COLOR_END上昇します。	icon_status.plusattack_tex
70411	DamageOverTime	True	False	False	猛毒	致命的な毒に中毒されて $H_W_BAD1$COLOR_END second毎に全HPの$H_W_BAD0.5%$COLOR_ENDに達するHPが持続的に減少され、移動速度が $H_W_BAD20%$COLOR_END 減少します。	icon_status.poisonstatus_tex
70416	DamageOverTime	False	False	False			
70439	Buff	True	True	False	亀裂のオーラ	$timeの間、強力な力を使用することができ、効果持続中はダウン/硬直が発生しません。ジャンプすると亀裂のオーラが解除されます。	icon_status.darkriftdestroy_tex
70440	Buff	True	True	False			
70441	Buff	True	True	False			
70442	Stun	True	False	False	気絶	気絶した状態で動けません。	icon_status.confuseup_tex
70445	Buff	False	True	False			
70446	Buff	True	True	False	憤怒爆発	怒りにより力が $H_W_GOOD10%$COLOR_END上昇します。この効果は、最大5回まで重複します。	icon_status.plusattack_tex
70447	Buff	True	True	False	オリンの加護	効果持続中に死亡した場合、その場で即時に復活します。	icon_status.darkriftareafunny_tex
70448	WeakeningEffect	False	True	False			
70449	Buff	True	False	False	束縛	アクタンのトラップに引っかかりました。持続時間の間身動きが取れません。	icon_status.staminadown_tex
70450	Buff	False	False	False			
70451	Buff	True	True	False	尾行	しばらく姿が見えなくなります。	icon_status.staminadown_tex
70452	WeakeningEffect	False	True	False			
70453	WeakeningEffect	False	True	False			
70454	Buff	True	True	False	潜入	しばらく姿が見えなくなります。	icon_status.staminadown_tex
70455	WeakeningEffect	False	True	False			
70456	WeakeningEffect	False	True	False			
70457	WeakeningEffect	False	True	False	アグロチェック		
70458	WeakeningEffect	False	True	False	アグロ無視		
70459	WeakeningEffect	True	True	False	あがき	グリーンデラが空腹に耐えきれずあがきます。あがく度に攻撃速度が$H_W_GOOD1%$COLOR_END増加し、この効果は解除できません。	icon_status.plusattack_tex
70460	Buff	False	True	False	エネルギー充電	見えない異常状態	icon_status.plusedefence_tex
70461	WeakeningEffect	True	False	False	感電	感電し、移動速度が$H_W_BAD0,8$COLOR_END減少します。	icon_status.plusfocus_tex
70462	WeakeningEffect	True	True	False	防御バリア	強力なエネルギーで充電されました。ダメージを吸収します。	icon_status.balanceup_tex
70463	DamageOverTime	True	False	False	猛毒	致命的な毒に侵され全体HP対比$H_W_BAD3%$COLOR_ENDに達するHPが持続的に減少します。	icon_status.poisonstatus_tex
70464	WeakeningEffect	False	True	False			
76756	DamageOverTime	True	True	False	排水	汚水により、2秒毎にHPが7,000減少します。	icon_status.purifydagon_tex
76901	Buff	True	True	False	凶暴化警告	持続時間が終了すると、凶暴化します。	icon_status.darkriftwill_tex
76902	Buff	True	True	True	凶暴化	凶暴化し何人たりとも、止めることはできません。	icon_status.darkriftarearage_tex
76903	DamageOverTime	True	True	False	火傷	移動速度が $H_W_BAD10％$COLOR_END 減少されて$H_W_BAD2秒$COLOR_END毎に $H_W_BADHP 5％$COLOR_ENDが減少します。この効果は重複し、解除できません。	icon_status.minuscriticalresist_tex
76904	WeakeningEffect	True	True	False	精霊の花火	精霊の花火が防具の中に跳ね入り、$H_W_BAD1秒$COLOR_ENDごとに  $H_W_BADHP 6％$COLOR_ENDのダメージを与えます。この効果は解除できません。	icon_status.mprecoverup_tex
76905	Stun	True	False	False	発火	解除せずに持続時間が経過すると、間もなく爆発し、自分と周りにダメージを与えます。	icon_status.minushp_tex
76906	WeakeningEffect	False	True	False			
76907	Buff	False	True	False			
76908	Buff	False	True	False			
76909	Buff	False	True	False			
81163	WeakeningEffect	True	True	False	熱き友情	フレンド召喚により、友情が加熱しました。この効果が発生している間は、フレンド召喚ができません。	icon_status.darkriftareatimeshift_tex
82101	WeakeningEffect	False	True	False			
82102	Buff	True	True	False	砲弾抵抗ポーション	$timeの間、砲弾によるダメージを減少させます。	icon_items.potion16_tex
82601	Buff	True	False	False	闇の結界	デュリオンの黒魔法により身動きが取れません。	icon_status.staminadown_tex
82602	Buff	False	True	False			icon_status.immunedebuff_tex
82603	WeakeningEffect	False	True	False			
82604	Stun	False	False	False			
82605	WeakeningEffect	True	True	False	暗黒の壁	デュリオンが邪悪な魔法で防御しています。<br>精神集中を乱すことで、解除することができます。	icon_skills.darkexplosion_tex
82606	WeakeningEffect	True	True	False	暗黒の壁	デュリオンが邪悪な魔法で防御しています。<br>精神集中を乱すことで、解除することができます。	icon_skills.darkexplosion_tex
82607	Buff	True	False	False	暗黒の結界	デュリオンの黒魔法により身動きが取れません。	icon_status.staminadown_tex
82608	WeakeningEffect	False	True	False			
82609	Buff	False	False	False			
88601	WeakeningEffect	False	False	False	アラームエフェクト	見えたらBTS	icon_status.fullelectriceffect_tex
88602	WeakeningEffect	True	False	False	溶けた防具	防御力が重複毎に10％ずつ減少します。この効果は解除で解除できません。	icon_status.minusdefence_tex
88603	WeakeningEffect	False	False	False	ターゲット確認用		icon_skills.markingofarcher_tex
88604	Stun	True	True	False	爆弾の火種	体内に得体のしれない力が入り込みました。　今にも爆発しそうです！！	icon_skills.voidtrap_tex
88605	Buff	False	True	False	爆発 -移動式爆弾	爆発	icon_skills.voidtrap_tex
88606	Buff	False	True	False	爆発 -移動式爆弾	爆発	icon_skills.voidtrap_tex
88607	Buff	False	True	False	爆発 -移動式爆弾	爆発	icon_skills.voidtrap_tex
88608	Buff	False	True	False	爆発 -移動式爆弾	爆発	icon_skills.voidtrap_tex
88609	Buff	True	True	False	表皮強化	カシュバルの殻が硬化し、あらゆるダメージを無効化します。	icon_status.plusedefence_tex
88610	WeakeningEffect	True	True	False	蛇の毒	蛇の頭の中にいます。毒によって持続的にHPが減ります。	icon_status.poisonup_tex
88611	Buff	True	False	True	外皮強化	硬化したカシュバルの外皮が一定のダメージを無効化します。	icon_status.plusedefence_tex
88612	Buff	True	False	False	鉄のカーテン	鉄のカーテンが最大$H_W_GOOD10000000$COLOR_ENDのダメージを無効化します。最大値を超えると持続時間に関わらず即解除されます。	icon_skills.manashield_tex
88613	Buff	True	True	False	収まらない怒り	収まらない憤怒に突入して力が$H_W_GOOD10%$COLOR_END上昇し、攻撃速度が$H_W_GOOD10%$COLOR_END上昇します。	icon_status.plusattack_tex
88614	WeakeningEffect	True	False	False	注視対象	全てのモンスターに見られています。	icon_items.q_animaleyeball_tex
90100	Buff	True	True	False	決闘の覇者	プレイヤーから攻撃された時のダウン/硬直発生率が大幅に減少します。	icon_skills.duelmastery_tex
90101	Buff	True	True	False	強靭な魂	$H_W_GOOD$H_W_GOOD1$COLOR_END second$COLOR_END毎に全HPの$H_W_GOOD5％$COLOR_ENDが回復します。	icon_skills.toughnut_tex
90200	Buff	True	True	False	コアの祝福	$H_W_GOOD$H_W_GOOD1$COLOR_END second$COLOR_END毎に全MPの$H_W_GOOD5％$COLOR_ENDが回復します。	icon_skills.arcanebirthright_tex
90300	Buff	True	True	False	紋章覚醒	戦闘中の移動速度が$H_W_GOOD30$COLOR_END上昇し、ダウン発生率が$H_W_BAD20%$COLOR_END上昇します。ダウンすると即解除されます。	icon_skills.markoflok_tex
90400	Buff	True	True	False	逆転の闘士	ダウン/硬直発生率が減少します。	icon_skills.expertfighter_tex
90500	Buff	True	True	False	万物の盟友	移動速度が$H_W_BAD0,6$COLOR_END減少しますが、モンスターから先制攻撃を受けなくなります。スキルやアイテムの使用、または戦闘状態に入ると即解除されます。	icon_skills.naturesfriend_tex
90510	Buff	True	True	False	旅の眼福	非戦闘状態での移動速度が$H_W_GOOD20$COLOR_END上昇します。	icon_skills.journeyman_tex
90600	Buff	False	True	False	万物融和	異常状態ツールチップ非表示（isShow=False）このツールチップが出たらBTS処理が必要です。	icon_skills.earthmeld_tex
96901	Buff	True	True	False	凶暴化警告	持続時間が終了したら、凶暴化しました。	icon_status.darkriftwill_tex
96902	Buff	True	True	True	凶暴化	凶暴化し何人たりとも、止めることはできません。	icon_status.darkriftarearage_tex
96903	DamageOverTime	True	True	False	火傷	移動速度が $H_W_BAD10％$COLOR_END 減少されて$H_W_BAD2秒$COLOR_END毎に $H_W_BADHP 5％$COLOR_ENDが減少します。この効果は重複し、解除できません。	icon_status.minuscriticalresist_tex
96904	WeakeningEffect	True	True	False	精霊の花火	精霊の花火が防具の中に跳ね入り、$H_W_BAD1秒$COLOR_ENDごとに  $H_W_BADHP 6％$COLOR_ENDのダメージを与えます。この効果は解除できません。	icon_status.mprecoverup_tex
96905	Stun	True	False	False	発火	解除せずに持続時間が経過すると、間もなく爆発し、自分と周りにダメージを与えます。	icon_status.minushp_tex
96907	Buff	False	True	False			
96908	Buff	False	True	False			
96909	Buff	False	True	False			
100100	Buff	True	True	True	ブレードスタンス I	力$H_W_GOOD5$COLOR_ENDとクリティカル発生$H_W_GOOD30$COLOR_END、モンスター攻撃時、スキル威力が$H_W_GOOD10％$COLOR_END上昇するが、耐久力は$H_W_BAD10%$COLOR_END減少します。	icon_skills.ironwilla_tex
100101	Buff	True	True	True	ブレードスタンス II	力$H_W_GOOD10$COLOR_ENDとクリティカル発生$H_W_GOOD40$COLOR_END、モンスター攻撃時、スキル威力が$H_W_GOOD10％$COLOR_END上昇するが、耐久力は$H_W_BAD10%$COLOR_END減少します。	icon_skills.ironwilla_tex
100102	Buff	True	True	True	ブレードスタンス III	力$H_W_GOOD15$COLOR_ENDとクリティカル発生$H_W_GOOD50$COLOR_END、モンスター攻撃時、スキル威力が$H_W_GOOD10％$COLOR_END上昇するが、耐久力は$H_W_BAD10%$COLOR_END減少します。	icon_skills.ironwilla_tex
100103	Buff	True	True	True	ブレードスタンス IV	力$H_W_GOOD18$COLOR_ENDとクリティカル発生$H_W_GOOD55$COLOR_END、モンスター攻撃時、スキル威力が$H_W_GOOD10％$COLOR_END上昇するが、耐久力は$H_W_BAD10%$COLOR_END減少します。	icon_skills.ironwilla_tex
100150	Buff	False	True	True	見えない異常状態（出たらBTS）	モンスター攻撃時ダメージ10％追加ダメージ	
100200	Buff	True	True	True	ディフェンススタンス I	耐久力が$H_W_GOOD20%$COLOR_END、均衡が$H_W_GOOD20$COLOR_END、モンスター攻撃時クリティカル発生率が$H_W_GOOD15％$COLOR_END増加します。追加ですべての攻撃スキルによる敵対値が$H_W_GOOD100%$COLOR_END上昇し、戦闘時、一部の特殊攻撃を除きモンスターの攻撃で後退しません。	icon_skills.ironwillb_tex
100201	Buff	True	True	True	ディフェンススタンス II	耐久力が$H_W_GOOD25%$COLOR_END、均衡が$H_W_GOOD30$COLOR_END、モンスター攻撃時クリティカル発生率が$H_W_GOOD15％$COLOR_END増加します。追加ですべての攻撃スキルによる敵対値が$H_W_GOOD120%$COLOR_END上昇し、戦闘時、一部の特殊攻撃を除きモンスターの攻撃で後退しません。	icon_skills.ironwillb_tex
100202	Buff	True	True	True	ディフェンススタンス III	耐久力が$H_W_GOOD10029500%$COLOR_END、均衡が$H_W_GOOD20$COLOR_END、モンスター攻撃時クリティカル発生率が$H_W_GOOD15％$COLOR_END増加します。追加ですべての攻撃スキルによる敵対値が$H_W_GOOD100%$COLOR_END上昇し、戦闘時、一部の特殊攻撃を除きモンスターの攻撃で後退しません。	icon_skills.ironwillb_tex
100203	Buff	True	True	True	ディフェンススタンス IV	耐久力が$H_W_GOOD25%$COLOR_END、均衡が$H_W_GOOD30$COLOR_END、モンスター攻撃時クリティカル発生率が$H_W_GOOD15％$COLOR_END増加します。追加ですべての攻撃スキルによる敵対値が$H_W_GOOD120%$COLOR_END上昇し、戦闘時、一部の特殊攻撃を除きモンスターの攻撃で後退しません。	icon_skills.ironwillb_tex
100293	Buff	False	True	False	双剣ブロック基本異常状態	異常状態ツールチップ表示なし(isShow=False)このツールチップが見えたらBTS処理が必要！	icon_skills.twinswordsdefence_tex
100294	Buff	True	True	False	闘争心Ⅰ	闘争心Ⅰの効果でMPが5％回復します。	icon_skills.twinswordsdefence_tex
100295	Buff	False	True	False	疾風 I	疾風 I 効果でゲイルレイザーのクールタイムが0.5秒減少します。	icon_skills.twinswordsdefence_tex
100296	Buff	False	True	True	ディフェンススタンス(モンスター相手にクリティカル発生率追加)	モンスター相手にクリティカル発生率15％追加(見えない異常状態)	icon_skills.ironwillb_tex
100297	Buff	False	True	True			
100298	Buff	False	True	True	ディフェンススタンス IV-2	異常状態ツールチップ表示不可(isShow=False)このツールチップが見えるとBTS処理必要！	icon_skills.ironwillb_tex
100299	Buff	False	True	True	ディフェンススタンス IV-3	異常状態ツールチップ表示不可(isShow=False)このツールチップが見えるとBTS処理必要！	icon_skills.ironwillb_tex
100300	Stun	True	False	False	バトルクライ	鼓膜を引き裂かんばかりの雄叫びにより、気絶しました。	icon_skills.thunderingroar_tex
100301	Stun	True	False	False	削除_バトルクライ II	鼓膜を引き裂かんばかりの雄叫びにより、気絶しました。	icon_skills.thunderingroar_tex
100400	Buff	True	True	False	ウィンドスラッシュ発動	「ウィンドスラッシュ」を使用できます。	icon_skills.allroundslash_tex
100500	DamageOverTime	True	False	False	ポイズンストライク I	致命的な猛毒により、$H_W_BAD2$COLOR_END second1毎にHPが$H_W_BAD-40$COLOR_END減少します。	icon_skills.poisonblowattack_tex
100501	DamageOverTime	True	False	False	ポイズンストライク II	致命的な猛毒により、$H_W_BAD2$COLOR_END second1毎にHPが$H_W_BAD-60$COLOR_END減少します。	icon_skills.poisonblowattack_tex
100502	DamageOverTime	True	False	False	ポイズンストライク III	致命的な猛毒により、$H_W_BAD2$COLOR_END second1毎にHPが$H_W_BAD-90$COLOR_END減少します。	icon_skills.poisonblowattack_tex
100503	DamageOverTime	True	False	False	ポイズンストライク IV	致命的な猛毒により、$H_W_BAD2$COLOR_END second1毎にHPが$H_W_BAD-136$COLOR_END減少します。	icon_skills.poisonblowattack_tex
100504	DamageOverTime	True	False	False	ポイズンストライク V	致命的な猛毒により、$H_W_BAD2$COLOR_END second1毎にHPが$H_W_BAD-214$COLOR_END減少します。	icon_skills.poisonblowattack_tex
100505	DamageOverTime	True	False	False	ポイズンストライク VI	致命的な猛毒により、$H_W_BAD2$COLOR_END second1毎にHPが$H_W_BAD-341$COLOR_END減少します。	icon_skills.poisonblowattack_tex
100506	DamageOverTime	True	False	False	ポイズンストライク VII	致命的な猛毒により、$H_W_BAD2$COLOR_END second1毎にHPが$H_W_BAD-496$COLOR_END減少します。	icon_skills.poisonblowattack_tex
100507	DamageOverTime	True	False	False	ポイズンストライク VIII	致命的な猛毒により、$H_W_BAD2$COLOR_END second1毎にHPが$H_W_BAD-690$COLOR_END減少します。	icon_skills.poisonblowattack_tex
100508	DamageOverTime	True	False	False	ポイズンストライク IX	致命的な猛毒により、$H_W_BAD2$COLOR_END second1毎にHPが$H_W_BAD-1039$COLOR_END減少します。	icon_skills.poisonblowattack_tex
100509	DamageOverTime	True	False	False	ポイズンストライク X	致命的な猛毒により、$H_W_BAD2$COLOR_END second1毎にHPが$H_W_BAD-1582$COLOR_ENDずつ減少します。	icon_skills.poisonblowattack_tex
100510	DamageOverTime	True	False	False	ポイズンストライク XI	致命的な猛毒により、$H_W_BAD2$COLOR_END second1毎にHPが$H_W_BAD-1892$COLOR_ENDずつ減少します。	icon_skills.poisonblowattack_tex
100520	DamageOverTime	True	False	False	ポイズンストライク I	致命的な猛毒により、$H_W_BAD2$COLOR_END second1毎にHPが$H_W_BAD-36$COLOR_END減少します。	icon_skills.poisonblowattack_tex
100521	DamageOverTime	True	False	False	ポイズンストライク II	致命的な猛毒により、$H_W_BAD2$COLOR_END second1毎にHPが$H_W_BAD-55$COLOR_END減少します。	icon_skills.poisonblowattack_tex
100522	DamageOverTime	True	False	False	ポイズンストライク III	致命的な猛毒により、$H_W_BAD2$COLOR_END second1毎にHPが$H_W_BAD-75$COLOR_END減少します。	icon_skills.poisonblowattack_tex
100523	DamageOverTime	True	False	False	ポイズンストライク IV	致命的な猛毒により、$H_W_BAD2$COLOR_END second1毎にHPが$H_W_BAD-104$COLOR_END減少します。	icon_skills.poisonblowattack_tex
100524	DamageOverTime	True	False	False	ポイズンストライク V	致命的な猛毒により、$H_W_BAD2$COLOR_END second1毎にHPが$H_W_BAD-143$COLOR_END減少します。	icon_skills.poisonblowattack_tex
100525	DamageOverTime	True	False	False	ポイズンストライク VI	致命的な猛毒により、$H_W_BAD2$COLOR_END second1毎にHPが$H_W_BAD-197$COLOR_END減少します。	icon_skills.poisonblowattack_tex
100526	DamageOverTime	True	False	False	ポイズンストライク VII	致命的な猛毒により、$H_W_BAD2$COLOR_END second1毎にHPが$H_W_BAD-273$COLOR_END減少します。	icon_skills.poisonblowattack_tex
100527	DamageOverTime	True	False	False	ポイズンストライク VIII	致命的な猛毒により、$H_W_BAD2$COLOR_END second1毎にHPが$H_W_BAD-376$COLOR_END減少します。	icon_skills.poisonblowattack_tex
100528	DamageOverTime	True	False	False	ポイズンストライク IX	致命的な猛毒により、$H_W_BAD2$COLOR_END second1毎にHPが$H_W_BAD-547$COLOR_END減少します。	icon_skills.poisonblowattack_tex
100529	DamageOverTime	True	False	False	ポイズンストライク X	致命的な猛毒により、$H_W_BAD2$COLOR_END second1毎にHPが$H_W_BAD-798$COLOR_ENDずつ減少します。	icon_skills.poisonblowattack_tex
100530	DamageOverTime	True	False	False	ポイズンストライク XI	致命的な猛毒により、$H_W_BAD2$COLOR_END second1毎にHPが$H_W_BAD-954$COLOR_ENDずつ減少します。	icon_skills.poisonblowattack_tex
100600	Buff	True	True	True	アンクルスラッシュ I	一定の確率で対象の移動速度と攻撃速度を$H_W_GOOD15％$COLOR_END減少させます。$H_W_BAD2$COLOR_END second1毎にMPが$H_W_BAD-10$COLOR_END減少します。「連撃」使用時にのみ効果が発生します。	icon_skills.aimingankle_tex
100630	WeakeningEffect	True	False	False	足首負傷	移動速度と攻撃速度が$H_W_BAD0,85$COLOR_END減少します。	icon_skills.aimingankle_tex
100700	Buff	False	True	False	カウンターストライク発動	「カウンターストライク」が使用できます。	icon_skills.reversalturningattack_tex
100800	Buff	True	True	False	デッドリーウィル I	$time間クリティカル率が$H_W_GOOD35%$COLOR_END上昇します。	icon_skills.deadlywill_tex
100801	Buff	True	True	False	デッドリーウィル II	$time間クリティカル率が$H_W_GOOD50%$COLOR_END上昇します。&#xA;効果持続時間中に使用した近接攻撃スキルのクールタイムが半分に減少し、持続時間中以下のスキルが強化されます。$BR - [ランブローIX]：ストックポイントが通常の2倍蓄積され、10％の追加ダメージ。$BR - [ワイルドレイジ - ディセクト IX]： ストックポイントが通常の2倍蓄積され、10％の追加ダメージ。$BR - [ゲイルレイザー IX]： スキルの威力が10%、範囲が20%増加します。	icon_skills.deadlywill_tex
100802	Buff	False	True	False	デッドリーウィル I_再利用減少	見えない異常状態	
100803	Buff	False	True	False	デッドリーウィル I_再利用減少1	見えない異常状態	
100900	Stun	True	False	False	ストロングスラッシュ I	気絶しているため動けません。	icon_skills.hardslash_tex
100901	Stun	True	False	False	ストロングスラッシュ II	気絶しているため動けません。	icon_skills.hardslash_tex
100902	Stun	True	False	False	ストロングスラッシュ III	気絶した状態で動けません。	icon_skills.hardslash_tex
100903	Stun	True	False	False	ストロングスラッシュ IX	気絶した状態で動けません。	icon_skills.hardslash_tex
100904	Stun	True	False	False	ストロングスラッシュ X	気絶した状態で動けません。	icon_skills.hardslash_tex
101000	Stun	True	False	False	回り込み I	気絶しているため動けません。	icon_skills.backattack_tex
101001	Stun	True	False	False	回り込み II	気絶しているため動けません。	icon_skills.backattack_tex
101100	Stun	True	False	False	カウンターストライク I	気絶しているため動けません。	icon_skills.reversalturningattack_tex
101101	Stun	True	False	False	カウンターストライク II	気絶しているため動けません。	icon_skills.reversalturningattack_tex
101102	Stun	True	False	False	カウンターストライク III	気絶した状態で動けません。	icon_skills.reversalturningattack_tex
101103	Stun	True	False	False	カウンターストライク IX	気絶した状態で動けません。	icon_skills.reversalturningattack_tex
101104	Stun	True	False	False	カウンターストライク X	気絶した状態で動けません。	icon_skills.reversalturningattack_tex
101105	Stun	True	False	False	カウンターストライク XI	気絶した状態で動けません。	icon_skills.reversalturningattack_tex
101200	WeakeningEffect	True	False	False	コンバットストライク	耐久力が$H_W_BAD8%$COLOR_END減少します。	icon_skills.aggravatingstrike_tex
101210	WeakeningEffect	True	False	False	コンバットストライク	耐久力が$H_W_BAD10%$COLOR_END減少します。	icon_skills.aggravatingstrike_tex
101220	WeakeningEffect	True	False	False	コンバットストライク	耐久力が$H_W_BAD8%$COLOR_END、HP回復効果が$H_W_BAD30%$COLOR_END減少します。	icon_skills.aggravatingstrike_tex
101300	Buff	True	True	False	ワイルドレイジ - スラスト	重複する度に、攻撃者の攻撃速度が0.9％ずつ上昇します。この効果は、最大13回まで重複します。	icon_skills.dualrapidpiercing_tex
101400	WeakeningEffect	True	False	False	バイトスプリット	移動速度が$H_W_BAD0,5$COLOR_END減少します。	icon_skills.heavybite_tex
101500	WeakeningEffect	True	False	False	シュレッド	「ゲイルレイザー」命中時、スキル威力が$H_W_BAD25%$COLOR_END増加します。	icon_skills.rupture_tex
101501	Stun	True	False	False	シュレッド	全身が破裂するような痛みを感じながら$H_W_BAD$time$COLOR_END間気絶します。	icon_skills.rupture_tex
101600	Buff	True	True	False	シャドウチェンジ	維持時間は「シャドウツイン」と同じです。	icon_skills.voidtrap_tex
101700	Buff	True	True	False	連撃	連撃が14回成功時、連撃の速度が上昇します。	icon_skills.comboattack_tex
101750	Buff	True	True	False	連撃	連撃の速度が$H_W_GOOD20%$COLOR_END上昇します。	icon_skills.comboattack_tex
101800	Buff	False	True	False	ソードバインド I	異常状態ツールチップ表示不可(isShow=False)このツールチップが見えるとBTS処理必要！	icon_skills.bindingblade_tex
101801	Buff	False	True	False	ソードバインド I	異常状態ツールチップ表示不可(isShow=False)このツールチップが見えるとBTS処理必要！	icon_skills.bindingblade_tex
101900	WeakeningEffect	False	False	False	ソードバインド I	異常状態ツールチップ表示不可(isShow=False)このツールチップが見えるとBTS処理必要！	icon_skills.bindingblade_tex
102010	Buff	False	True	False	ソードディフェンス強化I	異常状態ツールチップ表示不可(isShow=False)このツールチップが見えるとBTS処理必要！	icon_skills.comboattack2_tex
102500	WeakeningEffect	True	True	False	レイジインダクション	効果持続中は「ディフェンススタンス」、「ブレードスタンス」を使用できません。	icon_skills.provokerage_tex
102600	Buff	True	True	True	シャドウツイン	受けたダメージの$H_W_GOOD50％$COLOR_ENDをシャドウに移します。シャドウ周辺20m範囲内にいる時のみ效果を受けることができます。PVPの場合、20％移すことができます。	icon_skills.decoy_tex
200100	Stun	True	False	False	リーシュ	気絶しているため動けません。	icon_skills.hookthrow_tex
200200	Buff	True	True	False	ガーディアンシャウト I	自身を含む40ｍ範囲内のパーティメンバーに$H_W_GOOD「信頼の力」$COLOR_END効果を与えます。攻撃を受け、ダウンすると即解除されます。	icon_skills.inspiringroar_tex
200201	Buff	True	True	False	ガーディアンシャウト II	自身を含む40ｍ範囲内のパーティメンバーに$H_W_GOOD「信頼の力」$COLOR_END効果を与えます。攻撃を受け、ダウンすると即解除されます。	icon_skills.inspiringroar_tex
200202	Buff	True	True	False	ガーディアンシャウト III	自身を含む40ｍ範囲内のパーティメンバーに$H_W_GOOD「信頼の力」$COLOR_END効果を与えます。攻撃を受け、ダウンすると即解除されます。	icon_skills.inspiringroar_tex
200230	Buff	True	True	True	信頼の力 I	耐久力が$H_W_GOOD91%$COLOR_END、力が$H_W_GOOD30%$COLOR_END上昇します。有効範囲は使用者の周囲約40mです。	icon_status.plusedefence_tex
200231	Buff	True	True	True	信頼の力 II	耐久力が$H_W_GOOD91%$COLOR_END、力が$H_W_GOOD30%$COLOR_END上昇します。有効範囲は使用者の周囲約40mです。	icon_status.plusedefence_tex
200232	Buff	True	True	True	信頼の力 III	耐久力が$H_W_GOOD91%$COLOR_END、力が$H_W_GOOD30%$COLOR_END上昇します。有効範囲は使用者の周囲約40mです。	icon_status.plusedefence_tex
200300	WeakeningEffect	True	False	False	アーマーブレイク I	重複する度に、耐久力が$H_W_BAD4%$COLOR_END減少します。効果は最大3回まで重複します。また、PvP時、重複と関係なくHP回復効果が$H_W_BAD 30％$COLOR_END減少します。	icon_skills.armorbreak_tex
200301	WeakeningEffect	True	False	False	アーマーブレイク II	重複する度に、耐久力が$H_W_BAD4%$COLOR_END減少します。効果は最大3回まで重複します。また、PvP時、重複と関係なくHP回復効果が$H_W_BAD 30％$COLOR_END減少します。	icon_skills.armorbreak_tex
200302	WeakeningEffect	True	False	False	アーマーブレイク III	重複する度に、耐久力が$H_W_BAD4%$COLOR_END減少します。効果は最大3回まで重複します。また、PvP時、重複と関係なくHP回復効果が$H_W_BAD 30％$COLOR_END減少します。	icon_skills.armorbreak_tex
200350	WeakeningEffect	False	False	False	アーマーブレイク I	異常状態ツールチップ非表示（isShow=False）このツールチップが出たらBTS処理が必要です。	
200351	WeakeningEffect	False	False	False	アーマーブレイク II	異常状態ツールチップ非表示（isShow=False）このツールチップが出たらBTS処理が必要です。	
200352	WeakeningEffect	False	False	False	アーマーブレイク III	異常状態ツールチップ非表示（isShow=False）このツールチップが出たらBTS処理が必要です。	
200400	Stun	True	False	False	シールドバッシュ I	盾で殴られ気絶しました。	icon_skills.shieldstrike_tex
200500	Buff	False	True	False	魔力創出 I	異常状態ツールチップ非表示（isShow=False）このツールチップが出たらBTS処理が必要です。	icon_skills.useholywater_tex
200700	Buff	True	True	False	バトルウィル I	攻撃速度が$H_W_GOOD15%$COLOR_END上昇し、モンスター攻撃時、追加ダメージが5％増加します。	icon_skills.fightingwill_tex
200701	Buff	True	True	False	バトルウィル II	攻撃速度が$H_W_GOOD20%$COLOR_END上昇し、モンスター攻撃時、追加ダメージが5％増加します。	icon_skills.fightingwill_tex
200731	Buff	True	True	False	バトルウィル II	全ての攻撃スキルによる敵対値が$H_W_GOOD8％$COLOR_END上昇します。近距離攻撃スキルのクールタイムが$H_W_GOOD50％$COLOR_END減少します。	icon_skills.fightingwill_tex
200732	Buff	False	True	False	バトルウィル II_モンスター追加ダメージ	見えない異常状態	icon_skills.fightingwill_tex
200800	Stun	True	False	False	シールドバレッジ	盾で殴られ気絶しました。	icon_skills.shieldattack_tex
200900	Buff	True	True	False	ガードプロミス I - 放出	自身を除くパーティーメンバーに$H_W_GOOD「ガードプロミス」$COLOR_ENDの効果を与えます。有効範囲は周囲約20mです。	icon_skills.vowofprotection_tex
200901	Buff	True	True	False	ガードプロミス II- 放出	自身を除くパーティーメンバーに$H_W_GOOD「ガードプロミス」$COLOR_ENDの効果を与えます。有効範囲は周囲約20mです。	icon_skills.vowofprotection_tex
200930	Buff	True	True	True	ガードプロミス I	スキルを使用したランサーに、受けたダメージの$H_W_GOOD20％$COLOR_ENDを移し、ダメージも$H_W_GOOD20%$COLOR_END減少します。有効範囲は周囲約20mです。	icon_skills.vowofprotection_tex
200931	Buff	True	True	True	ガードプロミス II	スキルを使用したランサーに、受けたダメージの$H_W_GOOD20％$COLOR_ENDを移し、ダメージも$H_W_GOOD20%$COLOR_END減少します。有効範囲は周囲約20mです。	icon_skills.vowofprotection_tex
201000	Buff	True	True	False	チェインリーシュ発動	「チェインリーシュ」を使用できます。	icon_skills.chaincapture_tex
201100	WeakeningEffect	True	False	False	インパクトスラッグ I	移動速度が$value減少します。	icon_skills.shockblow_tex
201101	WeakeningEffect	True	False	False	インパクトスラッグ II	移動速度が$value減少します。	icon_skills.shockblow_tex
201102	WeakeningEffect	True	False	False	インパクトスラッグ III	移動速度が$value減少します。	icon_skills.shockblow_tex
201103	WeakeningEffect	True	False	False	インパクトスラッグ IV	移動速度が$value減少します。	icon_skills.shockblow_tex
201104	WeakeningEffect	True	False	False	インパクトスラッグ V	移動速度が$value減少します。	icon_skills.shockblow_tex
201200	WeakeningEffect	True	False	False	メナスウェーブ I	移動速度と攻撃速度が各$valueずつ減少します。	icon_skills.menacewave_tex
201300	Buff	True	True	False	アイアンウィル I	MP1あたり20まで、最大$H_W_GOOD3359$COLOR_ENDのダメージを無効化します。最大値を超えたり、MPが0になると、効果は即解除されます。	icon_skills.armoredwill_tex
201301	Buff	True	True	False	アイアンウィル II	MP1あたり33まで、最大$H_W_GOOD4637$COLOR_ENDのダメージを無効化します。最大値を超えたり、MPが0になると、効果は即解除されます。	icon_skills.armoredwill_tex
201302	Buff	True	True	False	アイアンウィル III	MP1あたり50まで、最大$H_W_GOOD6401$COLOR_ENDのダメージを無効化します。最大値を超えたり、MPが0になると、効果は即解除されます。	icon_skills.armoredwill_tex
201303	Buff	True	True	False	アイアンウィル IV	MP1あたり50まで、最大$H_W_GOOD8845$COLOR_ENDのダメージを無効化します。最大値を超えたり、MPが0になると、効果は即解除されます。	icon_skills.armoredwill_tex
201304	Buff	True	True	False	アイアンウィル V	MP1あたり100まで、最大$H_W_GOOD24774$COLOR_ENDのダメージを無効化します。最大値を超えたり、MPが0になると、効果は即解除されます。	icon_skills.armoredwill_tex
201305	Buff	True	True	False	アイアンウィル VI	MP1あたり100まで、最大$H_W_GOOD32834$COLOR_ENDのダメージを無効化します。最大値を超えたり、MPが0になると、効果は即解除されます。	icon_skills.armoredwill_tex
201400	Stun	True	False	False	チェインアンカー	気絶しているため動けません。	icon_skills.harpoonshot_tex
201401	Stun	True	False	False	チェインアンカー	気絶しているため動けません。	icon_skills.harpoonshot_tex
201500	Buff	True	True	False	連撃	連撃が8回成功時、シールドバレッジの発動速度が上昇します。	icon_skills.comboattack_tex
201550	Buff	True	True	False	連撃	次の攻撃時、シールドバレッジの発動速度が上昇します。	icon_skills.comboattack_tex
201600	Buff	True	True	False	戦線維持 I	効果持続中、ダウン/硬直抵抗が増加します。	icon_skills.holdtheline_tex
201700	Buff	False	True	False	スタンドファスト I	見えない異常状態	icon_skills.defence_tex
201701	Buff	True	True	False	スタンドファスト I	敵対値が$H_W_GOOD4％$COLOR_END、力&#xA;$H_W_GOOD4$COLOR_END、クリティカル発生が$H_W_GOOD6$COLOR_END上昇します。最大10回まで重複し、ダウンすると解除されます。	icon_skills.defence_tex
201702	Buff	True	True	False	チャレンジシャウト	戦闘時、一部の特殊攻撃を除きモンスターの攻撃で後退しません。	icon_skills.roar_tex
300100	Buff	True	True	False	気合 I	効果持続中、MPの自然減少を防ぎます。	icon_skills.shout_tex
300101	Buff	True	True	False	気合 II	効果持続中、MPの自然減少を防ぎます。	icon_skills.shout_tex
300200	Stun	True	False	False	回り込み I	効果持続中は、その場から動けません。ダウンすると効果は即解除されます。	icon_skills.turnaroundattack_tex
300201	Stun	True	False	False	回り込み II	効果持続中は、その場から動けません。ダウンすると効果は即解除されます。	icon_skills.turnaroundattack_tex
300300	Buff	True	True	False	パワーセーブ I	次の一撃のダメージが$H_W_GOOD30%$COLOR_END増加します。	icon_skills.gatheringstrength_tex
300301	Buff	True	True	False	パワーセーブ II	次の一撃のダメージが$H_W_GOOD33%$COLOR_END増加します。	icon_skills.gatheringstrength_tex
300400	Stun	True	False	False	レトリートキック	気絶しているため動けません。	icon_skills.retreatingkick_tex
300500	Buff	True	True	False	アドバンスジャンプ I	次の一撃の攻撃速度が$H_W_GOOD40%$COLOR_END上昇します。	icon_skills.advancingleap_tex
300501	Buff	True	True	False	アドバンスジャンプ II	次の一撃の攻撃速度が$H_W_GOOD50%$COLOR_END上昇します。	icon_skills.advancingleap_tex
300502	Buff	True	True	False	アドバンスジャンプ III	次の一撃の攻撃速度が$H_W_GOOD60%$COLOR_END上昇します。	icon_skills.advancingleap_tex
300503	Buff	True	True	False	アドバンスジャンプ IV	次の一撃の攻撃速度が$H_W_GOOD60%$COLOR_END上昇します。	icon_skills.advancingleap_tex
300600	Buff	True	True	False	疾駆 I	移動速度が$H_W_GOOD50%$COLOR_END上昇します。	icon_skills.dash_tex
300601	Buff	True	True	False	疾駆 II	移動速度が$H_W_GOOD50%$COLOR_END上昇します。	icon_skills.dash_tex
300602	Buff	True	True	False	疾駆 III	移動速度が$H_W_GOOD55%$COLOR_END上昇します。	icon_skills.dash_tex
300700	Stun	True	False	False	フォルスエッジストライク	気絶しているため動けません。	icon_skills.flatblade_tex
300800	Buff	True	True	False	スピリットデストラクション I	力が$H_W_GOOD26$COLOR_END上昇し、攻撃速度が$H_W_GOOD6%$COLOR_END上昇します。	icon_skills.destructionvigor_tex
300801	Buff	True	True	False	スピリットデストラクション II	力が$H_W_GOOD29$COLOR_END上昇し、攻撃速度が$H_W_GOOD8%$COLOR_END上昇します。真・ブレードビセクションの使用が可能になります。	icon_skills.destructionvigor_tex
300802	Buff	False	True	False	真・ブレードビセクション 初期化	真・ブレードビセクションが初期化されます。	icon_skills.destructionvigor_tex
300900	WeakeningEffect	True	False	False	ネーブスラッシュ I	効果持続中は、全てのスキルのクールタイムが$H_W_BAD1,5$COLOR_END延長されます。	icon_skills.veinslash_tex
300901	WeakeningEffect	True	False	False	ネーブスラッシュ II	効果持続中は、全てのスキルのクールタイムが$H_W_BAD1,53$COLOR_END延長されます。	icon_skills.veinslash_tex
300902	WeakeningEffect	True	False	False	ネーブスラッシュ III	効果持続中は、全てのスキルのクールタイムが$H_W_BAD1,55$COLOR_END延長されます。	icon_skills.veinslash_tex
301000	WeakeningEffect	True	False	False	モータルスラッシュ I	デバフ終了時、即死します。	icon_skills.cuthead_tex
301001	WeakeningEffect	True	False	False	モータルスラッシュ I	デバフ終了時、即死します。	icon_skills.cuthead_tex
301002	WeakeningEffect	True	False	False	モータルスラッシュ I	デバフ終了時、HPが$H_W_BAD5%$COLOR_END減少します。	icon_skills.cuthead_tex
301020	WeakeningEffect	True	False	False	モータルスラッシュ I	デバフ終了時、HPが$H_W_BAD30%$COLOR_END減少します。	icon_skills.cuthead_tex
301030	WeakeningEffect	True	False	False	フューリーストライク	HP回復効果が$H_W_BAD30%$COLOR_END減少します。	icon_skills.ragingstrike_tex
301040	Buff	True	True	False	執念	デバフ【行動不能】抵抗が大幅に上昇します。	icon_skills.tenacity_tex
301100	Buff	True	True	False	連撃	連撃が4回成功時、ホイールウィンドの発動速度が上昇します。	icon_skills.comboattack_tex
301150	Buff	True	True	False	連撃	次の攻撃時、ホイールウィンドの発動速度が上昇します。	icon_skills.comboattack_tex
301200	Buff	True	True	False	緊急回避連係	$time以内に回避を再度使用できますが、クールタイムが適用されます。	icon_skills.tumbling_tex
400100	Buff	True	True	False	フェリーレイジ I	力が$H_W_GOOD20%$COLOR_END、クリティカル発生が$H_W_GOOD10%$COLOR_END上昇し、耐久力が$H_W_BAD10%$COLOR_END減少します。	icon_skills.berserk_tex
400101	Buff	True	True	False	フェリーレイジ II	力が$H_W_GOOD20%$COLOR_END、クリティカル発生が$H_W_GOOD10%$COLOR_END上昇し、耐久力が$H_W_BAD10%$COLOR_END減少します。	icon_skills.berserk_tex
400102	Buff	True	True	False	フェリーレイジ III	力が$H_W_GOOD20%$COLOR_END、クリティカル発生が$H_W_GOOD10%$COLOR_END上昇し、耐久力が$H_W_BAD10%$COLOR_END減少します。	icon_skills.berserk_tex
400103	Buff	True	True	False	フェリーレイジ IV	力が$H_W_GOOD20%$COLOR_END、クリティカル発生が$H_W_GOOD10%$COLOR_END上昇し、耐久力が$H_W_BAD10%$COLOR_END減少します。	icon_skills.berserk_tex
400104	Buff	True	True	False	フェリーレイジ V	力が$H_W_GOOD20%$COLOR_END、クリティカル発生が$H_W_GOOD10%$COLOR_END上昇し、耐久力が$H_W_BAD10%$COLOR_END減少します。	icon_skills.berserk_tex
400105	Buff	True	True	False	フェリーレイジ VI	力が$H_W_GOOD20%$COLOR_END、クリティカル発生が$H_W_GOOD10%$COLOR_END上昇し、耐久力が$H_W_BAD10%$COLOR_END減少します。	icon_skills.berserk_tex
400200	Stun	True	False	False	方向感覚喪失 I	強打により方向感覚を失い、気絶しました。	icon_skills.turnback_tex
400201	Stun	True	False	False	気絶I	強く打たれた攻撃により一瞬気絶しました。	icon_skills.turnback_tex
400300	Buff	True	True	False	疾駆 I	移動速度が$H_W_GOOD50%$COLOR_END上昇します。	icon_skills.dash_tex
400301	Buff	True	True	False	疾駆 II	移動速度が$H_W_GOOD50%$COLOR_END上昇します。	icon_skills.dash_tex
400302	Buff	True	True	False	疾駆 III	移動速度が$H_W_GOOD50%$COLOR_END上昇します。	icon_skills.dash_tex
400303	Buff	True	True	False	疾駆_憤激 III	移動速度が$H_W_GOOD120%$COLOR_END上昇します。	icon_skills.dash_tex
400400	Buff	True	True	False	気合 I	効果持続中、MPの自然減少を防ぎます。	icon_skills.shout_tex
400401	Buff	True	True	False	気合 II	効果持続中、MPの自然減少を防ぎます。	icon_skills.shout_tex
400500	Buff	True	True	False	フリューリーブロー I	攻撃速度とチャージ速度が$H_W_GOOD20%$COLOR_END上昇します。	icon_skills.gatheringrage_tex
400501	Buff	True	True	False	フリューリーブロー II	攻撃速度とチャージ速度が$H_W_GOOD40%$COLOR_END上昇します。	icon_skills.gatheringrage_tex
400508	Buff	True	True	False	フリューリーブロー II	攻撃速度とチャージ速度が$H_W_GOOD40%$COLOR_END上昇します。	icon_skills.gatheringrage_tex
400509	Buff	True	True	False	内に秘めた狂気	フェリーレイジを使用してもフリューリーブロー効果を得られません。	icon_skills.relax_tex
400600	Stun	True	False	False	シャーピングシャウト I	雄叫びに驚いて逃げています！　対象がモンスターの場合、攻撃によってダウンすると恐怖効果は直ちに解除され、プレイヤーの場合、攻撃を受けると恐怖の効果は直ちに解除されます。	icon_skills.piercingshout_tex
400601	Stun	True	False	False	シャーピングシャウト II	雄叫びに驚いて逃げています！　対象がモンスターの場合、攻撃によってダウンすると恐怖効果は直ちに解除され、プレイヤーの場合、攻撃を受けると恐怖の効果は直ちに解除されます。	icon_skills.piercingshout_tex
400602	Stun	True	False	False	シャーピングシャウト III	雄叫びに驚いて逃げています！　対象がモンスターの場合、攻撃によってダウンすると恐怖効果は直ちに解除され、プレイヤーの場合、攻撃を受けると恐怖の効果は直ちに解除されます。	icon_skills.piercingshout_tex
400603	Stun	True	False	False	シャーピングシャウト IV	雄叫びに驚いて逃げています！　対象がモンスターの場合、攻撃によってダウンすると恐怖効果は直ちに解除され、プレイヤーの場合、攻撃を受けると恐怖の効果は直ちに解除されます。	icon_skills.piercingshout_tex
400604	Stun	True	False	False	シャーピングシャウト V	雄叫びに驚いて逃げています！　対象がモンスターの場合、攻撃によってダウンすると恐怖効果は直ちに解除され、プレイヤーの場合、攻撃を受けると恐怖の効果は直ちに解除されます。	icon_skills.piercingshout_tex
400620	Stun	True	False	False	シャーピングシャウト I	雄叫びに驚いて逃げています！　対象がモンスターの場合、攻撃によってダウンすると恐怖効果は直ちに解除され、プレイヤーの場合、攻撃を受けると恐怖の効果は直ちに解除されます。	icon_skills.piercingshout_tex
400621	Stun	True	False	False	シャーピングシャウト II	雄叫びに驚いて逃げています！　対象がモンスターの場合、攻撃によってダウンすると恐怖効果は直ちに解除され、プレイヤーの場合、攻撃を受けると恐怖の効果は直ちに解除されます。	icon_skills.piercingshout_tex
400622	Stun	True	False	False	シャーピングシャウト III	雄叫びに驚いて逃げています！　対象がモンスターの場合、攻撃によってダウンすると恐怖効果は直ちに解除され、プレイヤーの場合、攻撃を受けると恐怖の効果は直ちに解除されます。	icon_skills.piercingshout_tex
400623	Stun	True	False	False	シャーピングシャウト IV	雄叫びに驚いて逃げています！　対象がモンスターの場合、攻撃によってダウンすると恐怖効果は直ちに解除され、プレイヤーの場合、攻撃を受けると恐怖の効果は直ちに解除されます。	icon_skills.piercingshout_tex
400624	Stun	True	False	False	シャーピングシャウト V	雄叫びに驚いて逃げています！　対象がモンスターの場合、攻撃によってダウンすると恐怖効果は直ちに解除され、プレイヤーの場合、攻撃を受けると恐怖の効果は直ちに解除されます。	icon_skills.piercingshout_tex
400700	Buff	True	True	False	レイジ I	力が$H_W_GOOD26$COLOR_END、衝撃と均衡が各々$H_W_GOOD50%$COLOR_END上昇します。モンスター攻撃時、スキルダメージが$H_W_GOOD10%$COLOR_END増加します。	icon_skills.fury_tex
400701	Buff	True	True	False	レイジ II	力が$H_W_GOOD29$COLOR_END、衝撃と均衡が各々$H_W_GOOD60%$COLOR_END上昇します。モンスター攻撃時、スキルダメージが$H_W_GOOD10%$COLOR_END増加します。	icon_skills.fury_tex
400710	Buff	False	True	False	フリューリーブロー I	攻撃速度とチャージ速度が$H_W_GOOD20%$COLOR_END 上昇させます。	icon_skills.gatheringrage_tex
400711	Buff	False	True	False	フリューリーブロー II	攻撃速度とチャージ速度が$H_W_GOOD20%$COLOR_END上昇させます。	icon_skills.gatheringrage_tex
400800	Stun	True	False	False	ホミサイドオーラ I	移動速度が$H_W_BAD0,4$COLOR_END減少します。対象がプレイヤーの場合、効果持続中は回避及び移動系スキルを封印します。	icon_skills.murderousvent_tex
400801	Stun	True	False	False	ホミサイドオーラ II	移動速度が$H_W_BAD0,38$COLOR_END減少します。対象がプレイヤーの場合、効果持続中は回避及び移動系スキルを封印します。	icon_skills.murderousvent_tex
400900	Buff	True	True	False	アクシスブレイク I	「アクシスブレイク」を使用できます。	icon_skills.ribbreaker_tex
400910	Buff	False	True	False	サイクロン加速特性を削除(見えちゃダメ)		icon_skills.shockingshout_tex
401000	Buff	True	True	False	モッキングシャウト I	効果持続中、ダウン/硬直状態になりません。状態弱化抵抗が上昇します。	icon_skills.shockingshout_tex
401001	Buff	True	True	False	モッキングシャウト II	効果持続中、ダウン/硬直状態になりません。状態弱化抵抗が上昇します。	icon_skills.shockingshout_tex
401002	Buff	True	True	False	モッキングシャウト III	効果持続中、ダウン/硬直状態になりません。状態弱化抵抗が上昇します。	icon_skills.shockingshout_tex
401100	Buff	True	True	False	連撃	連撃が4回成功時、チャージ速度が上昇します。	icon_skills.comboattack_tex
401150	Buff	True	True	False	連撃	次のチャージ攻撃のチャージ速度が上昇します。	icon_skills.comboattack_tex
401200	Buff	True	True	False	執念	【行動不能】抵抗が大幅に上昇します。	icon_skills.tenacity_tex
401300	Buff	True	True	False	イモータルバーサーカー I	効果持続中、攻撃を受けてもHPが1以下になりません。ただし、最大HPを超えるダメージを一度に受けると死亡します。	icon_skills.selfbuff_tex
401400	Buff	True	True	True	バックドラフト I	周囲8mに怒りを放出します。全ての攻撃スキルによる敵対値が$H_W_GOOD40%$COLOR_END増加します。 	icon_skills.toughspirit_tex
401401	DamageOverTime	False	True	False	拡大する怒り	狂戦士の怒りを感じ、毎秒敵対値が上昇します。	icon_skills.criticalupaura_tex
401402	Buff	False	True	False	狂戦士_見えてはいけない状態_アックスカウンター使用可能	異常状態ツールチップ表示不可(isShow=False)このツールチップが見えるとBTS処理必要！	
401403	Buff	False	True	True	狂戦士_見えてはいけない状態_アックスカウンター使用可能２	異常状態ツールチップ表示不可(isShow=False)このツールチップが見えるとBTS処理必要！	icon_skills.ironwillb_tex
401404	Buff	False	True	False	狂戦士_見えてはいけない状態_アックスカウンター使用可能３	異常状態ツールチップ表示不可(isShow=False)このツールチップが見えるとBTS処理必要！	icon_skills.comboattack2_tex
401410	Buff	False	True	False	狂戦士_憤激の逆流時、スキルに効果	狂戦士_バックドラフト時、スキル関連効果	icon_skills.criticalupaura_tex
401411	Buff	False	True	True	狂戦士_見えてはいけない状態_フェリーレイジクールタイム短縮	狂戦士_見えてはいけない状態_狂暴化クールタイム減少	
401412	Buff	False	True	True	狂戦士_見えてはいけない状態_ラウンドスラッシュクールタイム短縮	狂戦士_見えてはいけない状態_前進横斬りクールタイム減少	
401413	Buff	False	True	True	狂戦士_見えてはいけない状態_緊急回避使用可能	狂戦士_見えてはいけない状態_緊急回避使用可能	
401415	Buff	False	True	True	狂戦士_見えてはいけない状態_アックスカウンター使用可能	狂戦士_見えてはいけない状態_アックスカウンター使用可能	
401416	Buff	False	True	True	狂戦士_見えてはいけない状態_アースストライククールタイム短縮	狂戦士_見えてはいけない状態_アーススマトライククールタイム減少	
401417	Buff	False	True	True	狂戦士_見えてはいけない状態_ライジングスラッシュ使用可能	狂戦士_見えてはいけない状態_ライジングスラッシュ使用可能	
401419	Buff	False	True	True	狂戦士_見えてはいけない状態_マーチャントゴッドクールタイム上昇	狂戦士_見えてはいけない状態_狂神降臨クールタイム増加	
401420	Buff	False	True	False	狂戦士_憤激の逆流時、スキル使用禁止効果	狂戦士_憤激の逆流時、スキル使用禁止効果	icon_skills.criticalupaura_tex
401421	Buff	False	True	True	狂戦士_見えてはいけない状態_サイクロン使用不可能	狂戦士_見えてはいけない状態_サイクロン使用不可能	
401422	Buff	False	True	True			
401423	Buff	False	True	True	狂戦士_見えてはいけない状態_サイクロン使用不可能	狂戦士_見えてはいけない状態_サイクロン使用不可能	
401424	Buff	False	True	True	狂戦士_見えてはいけない状態_サイクロン使用不可能	狂戦士_見えてはいけない状態_サイクロン使用不可能	
401498	Buff	False	True	False	狂戦士_見えてはいけない状態_アクシス使用時、	異常状態ツールチップ表示不可(isShow=False)このツールチップが見えるとBTS処理必要！	icon_status.darkwater_tex
401499	Buff	False	True	False	狂戦士_見えてはいけない状態_	異常状態ツールチップ表示不可(isShow=False)このツールチップが見えるとBTS処理必要！	icon_status.darkwater_tex
401500	WeakeningEffect	True	False	False	スラッシュアッパー	耐久力が$H_W_BAD4%$COLOR_END減少します。この效果は最大2回まで重複します。	icon_skills.upperslashcombo_tex
401600	WeakeningEffect	False	False	False			
401601	Buff	False	True	False			
401602	Buff	False	True	False			
425001	Buff	False	True	True	敵対値	周囲8mに怒りを放出します。全ての攻撃スキルによる敵対値が$H_W_GOOD40%$COLOR_END増加します。 	icon_skills.toughspirit_tex
429001	Buff	True	True	False	絶対防御	復活のコルヌスが防御に集中しています。耐久力が$H_W_GOOD500$COLOR_END上昇します。この效果は最大10回まで重複します。	icon_status.plusedefence_tex
429002	WeakeningEffect	True	False	False	武器分解	コルヌスによって武器が破壊されました。武器の防御ダメージ量が約$H_W_BAD70%$COLOR_END減少します。この效果は最大10回まで重複します。	icon_items.q_brokensword_tex
429003	WeakeningEffect	True	False	False	コルヌスの標的	復活のコルヌスに狙われています！	icon_skills.markingofarcher_tex
429004	WeakeningEffect	True	False	False	コルヌスの標的	カプリコーンに狙われています！ 鋭い視線が突き刺さります。カプリコーンに狙われている間、死ぬことはありません。	icon_skills.markingofarcher_tex
429005	Buff	True	False	False	カプリコーンの鎖	カプリコーンの鎖に捕えられました。	icon_status.positionswap_tex
429006	WeakeningEffect	True	True	False	蛇の毒	蛇の頭の中にいます。毒によって持続的にHPが減ります。	icon_status.poisonup_tex
429007	DamageOverTime	True	False	False	出血	ドリルに巻き込まれて出血しています。出血により意識がもうろうとして力が入らず、HPが持続的に減ります。	icon_status.blooduanty_tex
429008	WeakeningEffect	True	False	False	耐久力減少	プリーストの呪いにより、耐久力が減少します。	icon_status.minushp_tex
429009	WeakeningEffect	True	False	False	危険地域！	結界の中では力と耐久力が減少し、HPが持続的に減ります。	icon_status.blooduanty_tex
429010	DamageOverTime	True	False	False	氷結	ブリザードにより、体が冷えてしまいました。攻撃力が減少します。	icon_skills.icicle_tex
429011	DamageOverTime	True	False	False	カプリコーンの呪い	五芒星の呪いを受けました。全身が呪いの炎に焼かれて持続的にHPが減少します。またカプリコーンから受けるダメージが1.3倍増加します。	icon_status.curse_tex
429012	DamageOverTime	False	False	True	見えたらBTS!	見ちゃだめ～	icon_status.blooduanty_tex
429013	Buff	True	True	True	ボール_基本的に持っている異常状態	異常状態ツールチップ表示不可(isShow=False)このツールチップが見えるとBTS処理必要！	icon_status.blooduanty_tex
429014	Buff	True	True	True	コルヌスの消え去り	空間どこかが消えている。	icon_status.calldimension_tex
429015	Buff	False	True	True	ボール_基本的に持っている異常状態	異常状態ツールチップ表示不可(isShow=False)このツールチップが見えるとBTS処理必要！	icon_status.blooduanty_tex
429016	WeakeningEffect	True	True	True	召喚中	地獄からログランを召喚しています。	icon_skills.fury_tex
429017	WeakeningEffect	False	False	False	ドリルの痛み	異常状態ツールチップ表示不可(isShow=False)このツールチップが見えるとBTS処理必要！	icon_skills.markingofarcher_tex
429018	WeakeningEffect	False	False	False	360度回転斬り	異常状態ツールチップ表示不可(isShow=False)このツールチップが見えるとBTS処理必要！	icon_skills.markingofarcher_tex
429019	WeakeningEffect	True	False	False	カプリコーンの標的	カプリコーンに狙われています！	icon_skills.markingofarcher_tex
429020	DamageOverTime	True	False	False	出血	カプリコーンの鋭い鎌に触れて出血しています。持続的にHPが減少します。	icon_status.blooduanty_tex
429021	WeakeningEffect	False	False	False	消滅	持続時間経過後に対象者を即死させる「消滅」が発動します。$BR「消滅」は解除できません。	icon_status.delaydamage_tex
457001	Buff	False	False	False	見えてはいけない	見えてはいけない	icon_status.firedamage_tex
457002	Buff	True	False	True	燃え上がれ	ゴーレムの怒りによって、周囲が熱気に包まれます。半径21m以内にいる対象は「熱気」状態になります。	icon_status.firedamage_tex
457003	Buff	True	False	True	燃え上がれ	ゴーレムの怒りがピークに達し、体に火が付きました。半径3m以内にいる対象は「熱気」状態になります。	icon_status.firedamage_tex
457004	Stun	True	True	False	熱気	ゴーレムの熱気で体が溶けそうです。	icon_status.firedamage_tex
457005	Stun	True	False	False	不知火	溶岩の熱気により、体が焼けます。	icon_status.firedamage_tex
457006	Buff	True	True	False	焔の華	近づくと「熱気」状態となります。状態異常が解除されると強力な攻撃が広がります。	icon_skills.selfbuff_tex
457007	Stun	True	False	True	見えてはいけない	見えてはいけない(見えたらBTS登録)	icon_skills.selfbuff_tex
457008	Stun	True	True	False	見えてはいけない	見えてはいけない(見えたらBTS登録)	icon_skills.selfbuff_tex
457009	WeakeningEffect	False	True	False	消滅	異常状態ツールチップ非表示 (isShow=False)このツールチップが出たらBTS処理が必要です!	icon_status.delaydamage_tex
457010	Buff	False	True	False	浮遊	異常状態ツールチップ非表示 (isShow=False)このツールチップが出たらBTS処理が必要です!	icon_skills.godbreath_tex
457011	Buff	True	True	False	爆発の衝撃	魔石の爆発で衝撃を受けました。この効果が重複すると、ダウンする場合があります。	icon_skills.selfbuff_tex
457012	WeakeningEffect	True	False	False	ドカン	衝撃を受け続けたことにより、ダウンしました。	icon_status.minuscriticalresist_tex
457013	WeakeningEffect	False	False	False	封印剣	封印剣は持続的にHPが回復します。	icon_status.minuscriticalresist_tex
457014	DamageOverTime	True	False	False	見えてはいけない	見えてはいけない(BTS登録のお願い)	icon_status.minuscriticalresist_tex
457015	Buff	True	False	False	吸収	溶岩怪物が水蒸気を吸収しています。水蒸気を吸収する前に倒しましょう。	icon_skills.paralysistrap_tex
457016	Buff	True	True	True	硬くなる	溶岩怪物が水蒸気を吸収するために横たわっています。 耐久力が$H_W_GOOD1900%$COLOR_END上昇します。	icon_status.dimensionguard_tex
457017	WeakeningEffect	True	True	True	アケロンの保護	アケロンの保護を受けています。	icon_skills.manashield_tex
457018	Stun	True	False	False	武器分解	熱気で防具が溶けだしました。	icon_status.balancedown_tex
457019	Stun	True	True	True	アケロンの視線	アケロンに指名されました。敵はどこまでもあなたを追うでしょう。	icon_status.plusattack_tex
457020	Buff	False	False	False	しっかり！	しっかり！	icon_status.minuscriticalresist_tex
457021	Buff	False	False	False	見えてはいけない	見えてはいけない(BTS登録のお願い)	icon_status.minuscriticalresist_tex
457022	Buff	True	True	False	アケロンの命令	アケロンの命令により、ぼ～っとします。今が攻撃のチャンスです。	icon_status.diffusionabnormality_tex
457023	Buff	False	False	False	しっかり！	しっかり！	icon_status.minuscriticalresist_tex
457024	Buff	False	True	False	見えてはいけない	見えてはいけない(BTS登録のお願い)	icon_skills.selfbuff_tex
457025	DamageOverTime	False	False	True	見えてはいけない	見えてはいけない(BTS登録のお願い)	
457026	DamageOverTime	False	False	False	見えてはいけない	見えてはいけない(BTS登録のお願い)	
457027	Buff	False	True	False	見えてはいけない	見えてはいけない(BTS登録のお願い)	
457028	WeakeningEffect	True	True	False	深呼吸	大きく息を吸い込んでいます。リアクション抵抗力が非常に減少します。	icon_status.darkriftarearage_tex
457029	Stun	True	False	True	アケロンの呪い[腐食]	アケロンの呪いで武器が腐食し始めます。	icon_skills.selfbuff_tex
457030	Buff	True	True	True	アケロンの祝福[強靭な体]	アケロンの祝福を受けて強くなります。 耐久力が$H_W_GOOD9900%$COLOR_END上昇します。	icon_status.plusedefence_tex
457031	Stun	True	False	True	アケロンの呪い[腐食]	アケロンの呪いで武器が腐食し始めます。	icon_skills.selfbuff_tex
457032	Stun	True	False	True	アケロンの呪い[腐食]	アケロンの呪いで武器が腐食し始めます。	icon_skills.selfbuff_tex
457033	Stun	True	False	True	アケロンの呪い[腐食]	アケロンの呪いで武器が腐食し始めます。	icon_skills.selfbuff_tex
457034	Buff	True	True	True	アケロンの祝福[強靭な体]	アケロンの祝福を受けて強くなります。 耐久力が$H_W_GOOD20%$COLOR_END上昇します。	icon_status.plusedefence_tex
457035	Buff	True	True	True	アケロンの祝福[強靭な体]	アケロンの祝福を受けて強くなります。 耐久力が$H_W_GOOD40%$COLOR_END上昇します。	icon_status.plusedefence_tex
457036	Buff	True	True	True	アケロンの祝福[強靭な体]	アケロンの祝福を受けて強くなります。 耐久力が$H_W_GOOD60%$COLOR_END上昇します。	icon_status.plusedefence_tex
457037	Buff	True	True	True	アケロンの祝福[強靭な体]	アケロンの祝福を受けて強くなります。 耐久力が$H_W_GOOD80%$COLOR_END上昇します。	icon_status.plusedefence_tex
457038	Buff	True	True	False	巫女の祝福	巫女の祝福を受けて強くなります。 攻撃力が$H_W_GOOD20%$COLOR_END上昇します。	icon_status.pluswill_tex
457039	Buff	True	False	False	聖剣 -グレイムの祝福	聖剣の祝福を受けて強くなります。 攻撃力が$H_W_GOOD40%$COLOR_END上昇します。	
457040	Buff	True	False	False	聖剣 -グレイムの祝福	聖剣の祝福を受けて強くなります。 攻撃力が$H_W_GOOD60%$COLOR_END上昇します。	
457041	Buff	True	False	False	聖剣 -グレイムの祝福	聖剣の祝福を受けて強くなります。 攻撃力が$H_W_GOOD80%$COLOR_END上昇します。	
457042	Buff	True	True	False	聖剣 -グレイムの力	聖剣が弱まるほど強くなります。 攻撃力が$H_W_GOOD60%$COLOR_END上昇します。	icon_status.confusestatusnpc_tex
457043	Buff	True	True	False	死者の魂	死者の魂をグレイムの元に誘ってください。	icon_status.holybless_tex
457044	Buff	False	True	False	消滅	異常状態ツールチップ非表示 (isShow=False)このツールチップが出たらBTS処理が必要です!	icon_status.delaydamage_tex
457045	Buff	True	True	False	命令	命令に気を取られています。スタンが使えるようになります。	icon_status.darkriftwill_tex
457046	Stun	True	False	False	眠気の手	深い眠りに落ちました。ダメージを受けると、すぐに目を覚まします。	icon_skills.sleepwind_tex
457047	Buff	False	True	True			
457048	Buff	False	True	True			
457049	Stun	True	False	False	闇の呪い[精神錯乱]	精神錯乱状態に陥りました！方向キーの入力時、移動方向が逆になります。	icon_status.confusestatuspc_tex
457050	Buff	True	True	True	アケロンの祝福[強靭な体]	アケロンの祝福を受けて強くなります。 耐久力が$H_W_GOOD9900%$COLOR_END上昇します。	icon_status.plusedefence_tex
457051	Buff	True	True	False	巫女の祝福[迅速]	巫女の祝福を受けて攻撃速度が$H_W_GOOD10％$COLOR_END 上昇します。	icon_status.cruel_slayer_3_tex
457052	Buff	True	True	True	アケロンの呼びかけ	アケロンの呼びかけと共に保護を受けています。保護を受けたダークリッパーは強くなります。	icon_skills.manashield_tex
457053	Buff	True	True	False	アケロンの祝福[狂暴]	アケロンの祝福を受けて狂暴になりました。	icon_status.darkriftgravity_tex
457054	Stun	True	False	False	出血	鋭い爪によって、怪我をしました。HPが持続的に減少します。	icon_status.blooduanty_tex
457055	Buff	False	True	False	見えてはいけない	見えてはいけない	icon_status.darkriftgravity_tex
457056	WeakeningEffect	False	True	False	消滅	異常状態ツールチップ表示不可(isShow=False)このツールチップが見えるとBTS処理必要！	icon_status.delaydamage_tex
460001	WeakeningEffect	True	False	False	ボンバーの標的	自爆兵に狙われています。	icon_skills.markingofarcher_tex
460002	Buff	False	True	False	浮遊	異常状態ToolTipが表示されない (isShow=False) このToolTipが見えたらBTS処理必要！	icon_skills.godbreath_tex
460003	WeakeningEffect	True	True	False	感電 - オーバーロード	ケリーヴァンの電撃により感電しています。負荷が高まると恐ろしいことになりそうです。水に近づかないように注意してください。	icon_skills.excesselectron_tex
460004	Stun	False	True	False	感電ショック	電気ショックにより身体が思うように動きません。	icon_skills.electricshock_tex
460005	Stun	True	True	False	感電ショック	電気ショックにより身体が思うように動きません。	icon_skills.electricshock2_tex
460006	DamageOverTime	True	False	False	オーバーヒート	感電により、持続的にHPが減少します。	icon_status.fullelectriceffect_tex
460007	WeakeningEffect	False	True	False	ケリーヴァンの標的	ケリーヴァンに狙われています！ 素早く回避してください！	icon_skills.markingofarcher_tex
460008	WeakeningEffect	False	False	False	削除 -絶縁状態	見えたらBTS	icon_skills.electricshock_tex
460009	Stun	True	True	False	雷の怒り	あまりの恐怖で身動きが取れません。 誰かの手を借りないと死んでしまうかもしれません。	icon_status.electriccharge1_tex
460010	Buff	False	True	False	絶縁地帯	絶縁地帯	icon_skills.excesselectron_tex
460011	Buff	True	True	False	スリップ！	床一面に水が溜まっています！　「スリップ！」効果により移動速度が2倍に増加します！	icon_skills.kumas_frontjump_tex
460012	WeakeningEffect	False	False	False	削除 -内なる雷	見えたらBTS	icon_status.fullelectriceffect_tex
460013	WeakeningEffect	False	False	False	アラームエフェクト	見えたらBTS	icon_status.fullelectriceffect_tex
460015	WeakeningEffect	False	False	True	水床エフェクト	見えたらBTS	icon_status.fullelectriceffect_tex
460016	WeakeningEffect	True	True	False	気力爆発	モンスターが気力を振り絞り、力が上昇しています。その代わりに移動速度が遅くなります。	icon_status.firedamage_tex
460017	WeakeningEffect	False	True	True	弱化	気絶とスリープに対する抵抗が極端に低くなります。	icon_status.holybless_tex
460018	Stun	False	False	False	混乱	激しい揺れにより船酔いに陥りました！　【移動キー】入力時の移動方向が反対になります。	icon_status.confusestatuspc_tex
460019	Stun	True	False	False	恐怖	船が揺れて方向感覚を失いました！ 姿勢を制御できません！	icon_status.fearstatus_tex
460020	Stun	True	False	False	気絶	爆発のダメージ余波で、しばらくの間混乱します。	icon_status.confuseup_tex
460021	WeakeningEffect	False	False	True	アラームエフェクト	見えたらBTS	icon_status.fullelectriceffect_tex
460022	Stun	True	False	False	石化進行	ポリーペモスと目が合いました！ あまりの恐ろしさに体が硬直しています。	icon_status.sealskill_tex
460023	Stun	True	True	False	石化	ポリーペモスと目が合いました！ 体が動きません。	icon_status.sealskill_tex
460024	Stun	True	False	False	爆弾の火種	ポリーペモスの攻撃により体内に得体のしれない力が入り込みました。　今にも爆発しそうです！！	icon_skills.voidtrap_tex
460025	Buff	False	True	False	爆発 -移動式爆弾	爆発	icon_skills.voidtrap_tex
460026	Buff	False	True	False	爆発 -移動式爆弾	爆発	icon_skills.voidtrap_tex
460027	Buff	False	True	False	爆発 -移動式爆弾	爆発	icon_skills.voidtrap_tex
460028	Buff	False	True	False	爆発 -移動式爆弾	爆発	icon_skills.voidtrap_tex
460029	WeakeningEffect	False	True	True	先天	異常状態が見えたらBTS	icon_skills.markingofarcher_tex
460030	WeakeningEffect	False	True	True	透明人間の攻撃	異常状態が見えたらBTS	icon_skills.markingofarcher_tex
460031	WeakeningEffect	True	True	False	火炎地帯！	火炎地帯の中にいます！HPと移動速度が減少します。	icon_status.minusmove_tex
460032	Buff	True	True	False	魔法の火薬	魔法の火薬が全身に付着しています。	icon_status.firedamage_tex
460033	Buff	False	True	True	魔法の火薬（非食用）	見えたらBTS	icon_status.firedamage_tex
460034	Buff	False	True	True	火炎地帯（非食用）	見えたらBTS	icon_status.firedamage_tex
460035	Buff	False	True	True			
468001	Buff	False	True	True	暗黒の宝玉	見えたらBTS	icon_status.firedamage_tex
468002	Buff	False	True	False	デュリオンテレポート	空間のどこかに消えている。	icon_status.calldimension_tex
468003	Buff	False	True	False			icon_status.calldimension_tex
468004	WeakeningEffect	True	True	False	宝玉の呪い	黒魔法の玉に飲み込まれました。HPが減少します。	icon_skills.darkexplosion_tex
468005	Buff	True	True	False	闇の結界	デュリオンが変形した黒魔石から力を吸収しています。急いでデュリオンを阻止してください。	icon_status.battlefieldbuff02_tex
468006	WeakeningEffect	True	True	False	黒魔法の束縛	デュリオンの黒魔法により身動きが取れません。	icon_status.staminadown_tex
468007	WeakeningEffect	False	True	True			
468008	WeakeningEffect	True	True	False	暗黒覇気	完全体デュリオンの黒魔法により身動きが取れません。	icon_status.staminadown_tex
468009	WeakeningEffect	True	True	False	貫通	デュリオンの槍に貫かれ動けません。	icon_status.blooduanty_tex
468010	WeakeningEffect	True	True	False	暗黒の鎖	変身したデュリオンの鎖に捕えられました。	icon_status.positionswap_tex
468011	Buff	False	True	False			
468012	Buff	False	False	False	残酷な呪い	味方にダメージを与える醜い化け物になりました。 もう一度受けると、大変なことが起きそうです。	icon_status.darkriftdestroy_tex
468013	WeakeningEffect	True	True	False	注視	完全体デュリオンが見つめています。不吉です。	icon_skills.markingofarcher_tex
468014	WeakeningEffect	True	True	False	集中注視対象	完全体デュリオンが見つめています。何か嫌な予感がします！	icon_skills.througharrow_tex
468015	WeakeningEffect	True	True	False	暗黒強化	魔石を食べて暗黒守護ゴーレムがさらに強くなりました！	icon_status.valrhona_devil_tex
468016	WeakeningEffect	True	True	False	黒魔法転移	完全体デュリオンの槍に貫かれて身動きがとれません。	icon_status.fearstatus_tex
468017	WeakeningEffect	False	False	False	宝玉主	玉に変わる異常状態	icon_skills.paralysistrap_tex
468018	WeakeningEffect	True	False	False	ラカンの呪い	ラカンの呪いを受けました。解除しないと死亡します。	icon_status.damagedown_tex
468019	WeakeningEffect	True	True	False	黒魔力集中	完全体デュリオンの黒魔法が周囲に集中しています。何か不吉な予感がします。	icon_status.minusfocus_tex
468020	Buff	True	True	False	変形した魔力の結晶	暗黒守護ゴーレムが変形した黒魔石から魔力を吸収しています。この時とても不安定なので、保護膜で自分を保護しています。	icon_status.immunedebuff_tex
468021	WeakeningEffect	True	True	False	魔力浸透	体に何かが満ちています。何かとんでもないことが起こりそうです。	icon_status.minusfocus_tex
468022	Buff	True	True	True	魔力チャージ	暗黒守護ゴーレムが変形した黒魔石から魔力を吸収し、エネルギーを確保しました。残酷な結果が待っています。	icon_status.cruel_slayer_2_tex
468023	Buff	False	True	False			
468024	Buff	True	True	False			
468025	Buff	True	True	False			
468026	Buff	True	True	False			
468027	Buff	True	True	False			
468028	Stun	True	True	False	絶望	絶望に満ちていた時間を思い出しました…酷いです。	icon_status.cruel_slayer_1_tex
468029	Stun	True	True	False	貪欲	貪欲から起きた酷い事件を思い出しました…酷いです。	icon_status.cruel_slayer_2_tex
468030	Stun	True	True	False	殺生	殺傷で死んでいった生命を思い出しました…酷いです。	icon_status.cruel_slayer_3_tex
468031	Stun	True	True	False	憎悪	憎悪から起きた数々のことを思い出しました…酷いです。	icon_status.cruel_slayer_4_tex
468032	Buff	False	False	False	絶望	戻る	
468033	Buff	False	False	False	貪欲	戻る	
468034	Buff	False	False	False	殺生	戻る	
468035	Buff	False	False	False	憎悪	戻る	
468036	Buff	False	True	False	呪い開始	呪いスタート確認	
468037	Stun	True	False	False	魔力	デュリオンの魔力により、HPが持続的に減少します。	icon_status.blooduanty_tex
468038	Buff	True	False	False	不安定な魔力	完全体デュリオンがラカンの力を借りて、魔力を爆発させました。完全体デュリオンの攻撃力、攻撃速度がさらに増加し、不安定な魔力に包まれます。もし、魔力を安定化する隙を与えてしまうと、防ぐ術がありません。	icon_status.darkriftarearage_tex
468039	WeakeningEffect	True	True	False	黒魔法の呪い	黒魔法の呪いにかかりました。呪いを解かないと大変なことが起こりそうです。	icon_status.cruel_slayer_3_tex
468040	Buff	False	False	False			
468041	Stun	True	False	False	不安定な魔力	デュリオンの魔力により、HPが持続的に減少します。	icon_status.minushp_tex
468042	Buff	True	True	False	黒魔力シールド	完全体デュリオンが邪悪な黒魔力で防御しています。	icon_skills.manashield_tex
468043	Buff	True	False	True	黒魔法	デュリオンが邪悪な黒魔法を使い防御力が上昇しています。	icon_status.plusedefence_tex
468044	Stun	True	True	False	ラカンの呪い	ラカンの呪いにかかりました。HPが持続的に減少し、3回以上呪いにかかると即死します。全てのパーティーメンバーに呪いが掛けられた場合、ラカンの権能が発動します。	icon_status.delayheal_tex
468045	WeakeningEffect	False	True	False			
468046	WeakeningEffect	False	True	False			
468047	Buff	True	True	True	安定した魔力（フェリーレイジ）	完全体デュリオンが爆発した魔石の魔力を安定化させました。もう彼を止める事はできません！	icon_status.darkriftarearage_tex
468048	WeakeningEffect	True	True	False	黒魔法転移	完全体デュリオンの槍に貫かれて身動きがとれません。	icon_status.fearstatus_tex
468049	Buff	True	True	True	魔石の力（フェリーレイジ）	暗黒守護ゴーレムが自身に封印されている魔石の力を覚醒させました。攻撃力と攻撃速度が急激に増加します。	icon_skills.rampage_tex
468050	WeakeningEffect	False	True	True	異常状態免疫	デバフ免疫	icon_skills.rampage_tex
470000	Buff	False	True	True		見えてはいけない	icon_status.minddomination_tex
470001	Buff	False	True	False	タルスキの気まぐれ	このゲージが一定以上貯まると、タルスキが嘘を言います。嘘を言う頻度はタルスキの気まぐれです。	icon_status.minddomination_tex
470002	Buff	False	True	True	見えてはいけない	見えてはいけない	
470003	Buff	False	True	True	見えてはいけない	見えてはいけない	
470004	Buff	False	True	True	見えてはいけない	見えてはいけない	
470005	Buff	False	True	True	見えてはいけない		
470006	Buff	False	True	False	見えてはいけない		
470007	Buff	False	True	True	見えてはいけない		
470008	Buff	False	True	False	見えてはいけない		
470009	Buff	False	True	True	見えてはいけない		
470010	Buff	False	True	True	見えてはいけない		
470011	WeakeningEffect	False	True	False	見えてはいけない		
470012	WeakeningEffect	False	True	False	無敵	現在、タルスキは無敵です。	
470013	WeakeningEffect	False	True	False	見えてはいけない		
470014	Buff	False	True	False	見えてはいけない		
470015	Stun	True	False	False	スノーマン	タルスキの部下に騙されましたね？1秒当たりHPが5%ずつ減少し、連続でジャンプをすれば解除されます。	icon_status.icedamage_tex
470016	Stun	False	False	False			
470017	Stun	True	False	False	スノーマン	タルスキの部下に騙されましたね？1秒当たりHPが5%ずつ減少し、連続でジャンプをすれば解除されます。	icon_status.icedamage_tex
470018	Stun	True	False	False	スノーマン	タルスキの部下に騙されましたね？1秒当たりHPが5%ずつ減少し、連続でジャンプをすれば解除されます。	icon_status.icedamage_tex
470019	WeakeningEffect	False	True	False			
470020	Stun	True	True	False	気絶	気絶しました。仲間の助けを待ちましょう。	icon_status.confuseup_tex
470022	Buff	False	True	False		見えてはいけない	
470023	Buff	False	True	False		見えてはいけない	
470024	Buff	False	True	False	気まぐれ：力増加	タルスキの嘘を見破りました。力が増加します。	
470025	Buff	False	True	False	気まぐれ：即死	タルスキに騙されましたね。間もなく死亡します。	
470026	Stun	True	False	False	スノーマン	タルスキに騙されましたね？1秒当たりHPが25％ずつ減少し、連続でジャンプをすれば解除されます。	icon_status.icedamage_tex
470027	Stun	True	False	False	スノーマン	タルスキに騙されましたね？1秒当たりHPが25％ずつ減少し、連続でジャンプをすれば解除されます。	icon_status.icedamage_tex
470028	Stun	True	False	False	スノーマン	タルスキに騙されましたね？1秒当たりHPが25％ずつ減少し、連続でジャンプをすれば解除されます。	icon_status.icedamage_tex
470029	WeakeningEffect	False	True	False			
470030	Buff	True	True	False	気まぐれ：力増加	タルスキの嘘を見破りました。力が増加します。	icon_skills.handyslash_tex
470031	Buff	False	True	False	気まぐれ	タルスキは気まぐれです。5/4/3単位で嘘をつくかつかないか迷っています。	icon_status.battlecommand03_tex
470032	Buff	False	True	False			icon_status.battlecommand04_tex
470033	Buff	False	True	False			icon_status.battlecommand01_tex
470034	DamageOverTime	True	False	False	出血	1秒当たりHPが15％ずつ減少。	icon_status.injuredbtdarkness_tex
470035	WeakeningEffect	False	True	False			icon_status.battlecommand02_tex
470036	Buff	False	False	False			
470037	WeakeningEffect	True	True	False	混乱	タルスキに攻撃されたので、回復が不可能な状態です。	icon_status.battlefieldbuff02_tex
470038	Stun	False	False	False			
470039	WeakeningEffect	False	True	False			
470040	WeakeningEffect	False	True	False			
470041	Stun	False	True	False			
470042	WeakeningEffect	False	False	False			
470043	WeakeningEffect	False	True	False			
470044	WeakeningEffect	False	True	False			
470045	WeakeningEffect	False	True	True			
470046	WeakeningEffect	True	True	True	3への執着	3という数字が入った時、嘘をつきます。また、耐久力が5％増加します。	icon_items.fireworks_num_3_tex
470047	WeakeningEffect	True	True	True	6への執着	6という数字が入った時、嘘をつきます。また、耐久力が5％増加します。	icon_items.fireworks_num_6_tex
470048	WeakeningEffect	True	True	True	9への執着	9という数字が入った時、嘘をつきます。また、耐久力が5％増加します。	icon_items.fireworks_num_9_tex
470049	Buff	True	True	False	凶暴化	つまらない戦いにタルスキが激怒します。	icon_status.archerspirit_tex
470050	Stun	True	False	False	内出血	内出血を受けて動けません。移動速度が$H_W_BAD50%$COLOR_END減少されて、１秒ことに全体HP対比$H_W_BAD6%$COLOR_END減少します。	icon_status.minuscriticalresist_tex
470051	Buff	True	True	True	楽しい！めっちゃ楽しい！	タルスキがとても楽しんでます！攻撃力と移動速度が上昇しました！	icon_status.plusattack_tex
470052	WeakeningEffect	False	False	False			
470053	DamageOverTime	False	True	False			
470054	Buff	False	True	True			
470055	Buff	False	True	True			
470056	Buff	False	True	False			
473650	Stun	True	False	False	転移した恐怖	気絶しているため動けません。	icon_status.fearstatus_tex
475150	Buff	True	True	False	破滅の憤怒	ケルサイクが怒り狂っています！　もはや何人といえどもケルサイクを止めることはできません……。	icon_status.confusestatusnpc_tex
475151	WeakeningEffect	True	False	True	無能の結界	スキル威力が$H_W_BAD50%$COLOR_END減少します。自身とパーティーメンバーから「業火の呪い - オーラ」の効果が完全に解除されるまで持続します。	icon_status.minusattack_tex
476106	Stun	True	False	False	電気放出［効果］	気絶しているため動けません。	icon_status.confuseup_tex
476107	WeakeningEffect	True	False	False	ビビッシュの呪い［減速］	移動速度が$H_W_BAD90%$COLOR_END減少します。この効果は解除できません。	icon_status.minusmove_tex
476108	WeakeningEffect	True	False	False	ビビッシュの呪い［弱化］	力が$H_W_BAD90%$COLOR_END減少します。この効果は解除できません。	icon_status.diseaseup_tex
476109	Buff	True	True	False	ビビッシュの呪い［破壊］	持続時間が過ぎると対象者は即死します。この効果は解除できません。	icon_status.firedamage_tex
476110	Stun	True	False	False	ビビッシュの呪い［混乱］	精神錯乱状態に陥りました！　移動する方向が、入力方向と反対になります。$BRこの効果は解除できません。	icon_status.fearstatus_tex
476111	Stun	True	False	False	ビビッシュの呪い［恐怖］	恐怖に慄き、逃げ出します。この効果はダウン時のみ解除されます。	icon_status.fearstatus_tex
476112	Stun	True	False	False	ビビッシュの呪い［沈黙］	効果持続中は全てのスキルを使用できません！　この効果は解除できません。	icon_status.sealskill_tex
476211	WeakeningEffect	True	False	False	オーカンの呪い［無気力 II］	移動速度が$H_W_BAD0,8$COLOR_END、力が$H_W_BAD20%$COLOR_END減少します。	icon_status.minusattack_tex
476212	WeakeningEffect	True	False	False	オーカンの呪い［無気力 III］	移動速度が$H_W_BAD0,7$COLOR_END、力が$H_W_BAD30%$COLOR_END減少します。	icon_status.minusattack_tex
476213	WeakeningEffect	True	False	False	オーカンの呪い［無気力 IV］	移動速度が$H_W_BAD0,6$COLOR_END、力が$H_W_BAD40%$COLOR_END減少します。	icon_status.minusattack_tex
476214	WeakeningEffect	True	False	False	オーカンの呪い［無気力 V］	移動速度が$H_W_BAD0,5$COLOR_END、力が$H_W_BAD50%$COLOR_END減少します。	icon_status.minusattack_tex
476215	WeakeningEffect	True	False	False	オーカンの呪い［無気力 VI］	移動速度が$H_W_BAD0,4$COLOR_END、力が$H_W_BAD60%$COLOR_END減少します。	icon_status.minusattack_tex
476216	WeakeningEffect	True	False	False	オーカンの呪い［無気力 VII］	移動速度が$H_W_BAD0,3$COLOR_END、力が$H_W_BAD70%$COLOR_END減少します。この効果は解除できません。	icon_status.minusattack_tex
476217	WeakeningEffect	True	False	False	諸刃の剣［防御 II］	耐久力が$H_W_GOOD20%$COLOR_END上昇し、力が$H_W_BAD476218$COLOR_END減少します。	icon_status.plusedefence_tex
476218	WeakeningEffect	True	False	False	諸刃の剣［防御 III］	耐久力が$H_W_GOOD30%$COLOR_END上昇し、力が$H_W_BAD476219$COLOR_END減少します。	icon_status.plusedefence_tex
476219	WeakeningEffect	True	False	False	諸刃の剣［防御 IV］	耐久力が$H_W_GOOD40%$COLOR_END上昇し、力が$H_W_BAD476220$COLOR_END減少します。	icon_status.plusedefence_tex
476220	WeakeningEffect	True	False	False	諸刃の剣［防御 V］	耐久力が$H_W_GOOD50%$COLOR_END上昇し、力が$H_W_BAD50%$COLOR_END減少します。この効果は解除できません。	icon_status.plusedefence_tex
476221	WeakeningEffect	True	False	False	諸刃の剣［攻撃 II］	耐久力が$H_W_BAD20%$COLOR_END減少し、力が$H_W_GOOD20%$COLOR_END上昇します。	icon_status.plusattack_tex
476222	WeakeningEffect	True	False	False	諸刃の剣［攻撃 III］	耐久力が$H_W_BAD30%$COLOR_END減少し、力が$H_W_GOOD30%$COLOR_END上昇します。	icon_status.plusattack_tex
476223	WeakeningEffect	True	False	False	諸刃の剣［攻撃 IV］	耐久力が$H_W_BAD40%$COLOR_END減少し、力が$H_W_GOOD40%$COLOR_END上昇します。	icon_status.plusattack_tex
476224	WeakeningEffect	True	False	False	諸刃の剣［攻撃 V］	耐久力が$H_W_BAD50%$COLOR_END減少し、力が$H_W_GOOD50%$COLOR_END上昇します。この効果は解除できません。	icon_status.plusattack_tex
476225	Stun	True	False	False	神経圧迫［スタン］	気絶しているため動けません。	icon_status.confuseup_tex
476226	Stun	True	False	False	ジャバルマンの気迫	気絶により、動けません。	
476302	Stun	True	False	False	スタニングフラッシュ	気絶しているため動けません。$BRこの効果は解除できません。	icon_status.confuseup_tex
476602	DamageOverTime	True	False	False	ビリビリ電気	気絶したため動くことができません。この効果は解除できません。	icon_status.confuseup_tex
476611	Buff	True	False	True	電気充電1段階	力が$H_W_GOOD5%$COLOR_END上昇します。充電は4回まで重複します。この効果は解除できません。	icon_status.electriccharge1_tex
476612	Buff	True	False	True	電気充電2段階	力が$H_W_GOOD5%$COLOR_END上昇します。充電は4回まで重複します。この効果は解除できません。	icon_status.electriccharge2_tex
476613	Buff	True	False	True	電気充電3段階	力が$H_W_GOOD5%$COLOR_END上昇します。充電は4回まで重複します。この効果は解除できません。	icon_status.electriccharge3_tex
476614	Buff	True	False	False	充電完了	充電が完了しました。力が$H_W_GOOD50%$COLOR_END、攻撃速度が$H_W_GOOD50%$COLOR_END上昇します。この効果は解除できません。	icon_status.fullcharge_tex
476615	WeakeningEffect	True	False	False	ライトニングショック1段階	ライトニングショックを受けました。電気属性の攻撃によるダメージが$H_W_BAD5%$COLOR_END増加します。効果は最大4回まで重複します。	icon_status.electriceffect1_tex
476616	WeakeningEffect	True	False	False	ライトニングショック2段階	ライトニングショックを受けました。電気属性の攻撃によるダメージが$H_W_BAD5%$COLOR_END増加します。効果は最大4回まで重複します。	icon_status.electriceffect2_tex
476617	WeakeningEffect	True	False	False	ライトニングショック3段階	ライトニングショックを受けました。電気属性の攻撃によるダメージが$H_W_BAD5%$COLOR_END増加します。効果は最大4回まで重複します。	icon_status.electriceffect3_tex
476618	WeakeningEffect	True	False	False	ストロングインパクト	気絶状態のため動くことができず、数秒後に全HPの$H_W_BAD60％$COLOR_ENDが減少します。この効果は解除できません。	icon_status.fullelectriceffect_tex
476619	WeakeningEffect	False	False	False	ライトニングショック除去	このツールチップが出たら、異常状態が間違って指定されています。BTS処理が必要です。	icon_skills.voidtrap_tex
476621	Buff	True	True	False	熟睡	$H_W_GOOD1$COLOR_END second毎に全HPの$H_W_GOOD20％$COLOR_ENDが回復します。	icon_status.delayheal_tex
476625	WeakeningEffect	True	False	False	ライトニングショック1段階	ライトニングショックを受けました。攻撃をされるとHPが$H_W_BAD5%$COLOR_END減少します。効果は最大4回まで重複します。	icon_status.electriceffect1_tex
476626	WeakeningEffect	True	False	False	ライトニングショック2段階	ライトニングショックを受けました。攻撃をされるとHPが$H_W_BAD5%$COLOR_END減少します。効果は最大4回まで重複します。	icon_status.electriceffect2_tex
476627	WeakeningEffect	True	False	False	ライトニングショック3段階	ライトニングショックを受けました。攻撃をされるとHPが$H_W_BAD5%$COLOR_END減少します。効果は最大4回まで重複します。	icon_status.electriceffect3_tex
476628	WeakeningEffect	True	False	False	ストロングインパクト	ストロングインパクトによる気絶状態のため動くことができません。また、効果解除後に全HPの$H_W_BAD30％$COLOR_ENDが減少します。この効果は解除できません。	icon_status.fullelectriceffect_tex
476629	WeakeningEffect	False	False	False	ライトニングショック除去	このツールチップが出たら、異常状態が間違って指定されています。BTS処理が必要です。	icon_skills.voidtrap_tex
476705	DamageOverTime	True	False	False	ダゴンの浄化効果	浄化により、$H_W_BAD1$COLOR_END second毎に全MPの$H_W_BAD50％$COLOR_ENDが減少します。この効果は解除できません。	icon_status.purifydagon_tex
476806	WeakeningEffect	True	False	False	時空崩壊！	解除しなければ、$H_W_BAD$time$COLOR_END後に死亡します。	icon_status.darkriftdestroy_tex
476814	Stun	True	False	False	レッツダンス！	「次元の群舞」の効果重複により、体が勝手に踊りだします！　この効果は解除できません。	icon_status.confusestatusnpc_tex
476815	Buff	True	True	False	ジャンピングハイ！	次元の活力の効果により、ジャンプする度に力が$H_W_GOOD15%$COLOR_ENDずつ、最大$H_W_GOOD75％$COLOR_END上昇します。	icon_status.plusepoisonresist_tex
476818	Buff	True	True	False	黒次元の本能	力が$H_W_GOOD50%$COLOR_END、攻撃速度が$H_W_GOOD20%$COLOR_END上昇します。	icon_status.darkriftarearage_tex
476905	WeakeningEffect	True	False	False	放電 - 効果	$H_W_GOOD2$COLOR_END second1毎にダウン/硬直が発生します。$BRこの効果は解除できません。	icon_status.paralyzestatus_tex
476906	WeakeningEffect	True	False	False	死の宣告	$H_W_GOOD1$COLOR_END second毎にデバフを伝播し、$H_W_BAD1$COLOR_END second毎に全HPの$H_W_BAD50％$COLOR_ENDが減少します。	icon_status.poisonstatus_tex
476907	DamageOverTime	True	False	False	精神崩壊 - 効果	気絶状態のため動くことができず、$H_W_BAD1$COLOR_END second毎に全HPの$H_W_BAD2％$COLOR_ENDが減少します。$BRこの効果は解除できません。	icon_status.confuseup_tex
476908	WeakeningEffect	True	False	False	放電 - 効果	効果無し	icon_status.paralyzestatus_tex
477007	DamageOverTime	True	False	False	アルゴンパラサイト	全HPの$H_W_BAD50％$COLOR_ENDが減少します。	icon_status.delaydamage_tex
477008	Buff	True	True	False	リムーブパラサイト	移動速度が$H_W_GOOD10%$COLOR_END上昇します。$BRこの効果は解除できません。	icon_status.plusattack_tex
477014	DamageOverTime	True	False	False	アルゴンのウィルス	ウィルスに感染しました！　$H_W_BAD1$COLOR_END second毎に全HPの$H_W_BAD50％$COLOR_END、移動速度が$H_W_GOOD50%$COLOR_END減少します。また、目まいの効果を誘発します。$BRこの効果は解除できません。	icon_status.poisonstatus_tex
477018	Buff	True	True	False	女王の咆哮1段階	女王の咆哮1段階	icon_status.plusattack_tex
477019	Buff	True	True	False	女王の咆哮2段階	女王の咆哮2段階	icon_status.plusattack_tex
477020	Buff	True	True	False	女王の咆哮3段階	女王の咆哮3段階	icon_status.plusattack_tex
477022	DamageOverTime	True	False	False	女王の呪い	HPを$H_W_BAD100$COLOR_ENDに固定します。	icon_status.delaydamage_tex
477023	Buff	True	True	False	女王の挑発	力が$H_W_GOOD30%$COLOR_END上昇します。	icon_status.plusattack_tex
477026	Buff	True	False	True	女王の激怒	力が$H_W_GOOD200%$COLOR_END、攻撃速度が$H_W_GOOD20%$COLOR_END上昇します。	icon_status.plusattack_tex
477101	Buff	True	True	True	コアバリア	均衡が$H_W_GOOD100%$COLOR_END、クリティカル抵抗が$H_W_GOOD100%$COLOR_END、耐久力が$H_W_GOOD100%$COLOR_END上昇します。$BRこの効果は解除できません。	icon_status.plusedefence_tex
494550	DamageOverTime	True	False	True	ポイズンブラッド	感染源が近くにあります！　$H_W_BAD1$COLOR_END second毎に全HPの$H_W_BAD2％$COLOR_ENDが減少します。	icon_status.poisonstatus_tex
495006	WeakeningEffect	True	False	True	業火の呪い - 効果	スキル威力が$H_W_BAD50%$COLOR_END減少します。自身とパーティーメンバーから「無能の結界－放出」の効果が完全に解除されるまで持続します。	icon_status.minusattack_tex
500100	Buff	True	True	False	マナイグニッション I	攻撃速度が20％上昇し、モンスター攻撃時、スキルダメージが$H_W_GOOD10%$COLOR_END 増加します。	icon_skills.c5_strengthenmana
500150	Buff	True	True	False	マナイグニッション II	攻撃速度が30％増加し、モンスター攻撃時、スキルダメージが$H_W_GOOD20%$COLOR_END 増加します。	icon_skills.c5_strengthenmana
500200	WeakeningEffect	True	False	False	フリーズグラウンド	凍てつく冷気により、移動速度が$H_W_BAD0,3$COLOR_END減少します。	icon_skills.freezingtheearth_tex
500300	Buff	True	True	False	マナアグロメレーション I	$H_W_GOOD2$COLOR_END second1毎にMPが$H_W_GOOD120$COLOR_END回復します。	icon_skills.mpcondensing_tex
500301	Buff	True	True	False	マナアグロメレーション II	$H_W_GOOD1$COLOR_END second毎にMPが$H_W_GOOD120$COLOR_END回復します。	icon_skills.mpcondensing_tex
500500	WeakeningEffect	True	False	False	氷結 I	体が凍り付き、移動速度が$H_W_BAD0,8$COLOR_END減少します。	icon_skills.icicle_tex
500600	Buff	True	True	False	マナシールド I	MP1あたり14まで、最大$H_W_GOOD7063$COLOR_ENDのダメージを無効化します。最大値を超えたり、MPが0になると、効果は即解除されます。	icon_skills.manashield_tex
500601	Buff	True	True	False	マナシールド II	MP1あたり33まで、最大$H_W_GOOD13529$COLOR_ENDのダメージを無効化します。最大値を超えたり、MPが0になると、効果は即解除されます。	icon_skills.manashield_tex
500602	Buff	True	True	False	マナシールド III	MP1あたり33まで、最大$H_W_GOOD17346$COLOR_ENDのダメージを無効化します。最大値を超えたり、MPが0になると、効果は即解除されます。	icon_skills.manashield_tex
500700	DamageOverTime	True	False	False	パンブラスト I	怨念により、$H_W_BAD2$COLOR_END second1毎にHPが$H_W_BAD-40$COLOR_END減少します。	icon_skills.disease_tex
500701	DamageOverTime	True	False	False	パンブラスト II	怨念により、$H_W_BAD2$COLOR_END second1毎にHPが$H_W_BAD-58$COLOR_END減少します。	icon_skills.disease_tex
500702	DamageOverTime	True	False	False	パンブラスト III	怨念により、$H_W_BAD2$COLOR_END second1毎にHPが$H_W_BAD-85$COLOR_END減少します。	icon_skills.disease_tex
500703	DamageOverTime	True	False	False	パンブラスト IV	怨念により、$H_W_BAD2$COLOR_END second1毎にHPが$H_W_BAD-121$COLOR_END減少します。	icon_skills.disease_tex
500704	DamageOverTime	True	False	False	パンブラスト V	怨念により、$H_W_BAD2$COLOR_END second1毎にHPが$H_W_BAD-174$COLOR_END減少します。	icon_skills.disease_tex
500705	DamageOverTime	True	False	False	パンブラスト VI	怨念により、$H_W_BAD2$COLOR_END second1毎にHPが$H_W_BAD-241$COLOR_END減少します。	icon_skills.disease_tex
500706	DamageOverTime	True	False	False	パンブラスト VII	怨念により、$H_W_BAD2$COLOR_END second1毎にHPが$H_W_BAD-341$COLOR_END減少します。	icon_skills.disease_tex
500707	DamageOverTime	True	False	False	パンブラスト VIII	怨念により、$H_W_BAD2$COLOR_END second1毎にHPが$H_W_BAD-516$COLOR_END減少します。	icon_skills.disease_tex
500720	DamageOverTime	True	False	False	パンブラスト I	怨念により、$H_W_BAD2$COLOR_END second1毎にHPが$H_W_BAD-37$COLOR_END減少します。	icon_skills.disease_tex
500721	DamageOverTime	True	False	False	パンブラスト II	怨念により、$H_W_BAD2$COLOR_END second1毎にHPが$H_W_BAD-51$COLOR_END減少します。	icon_skills.disease_tex
500722	DamageOverTime	True	False	False	パンブラスト III	怨念により、$H_W_BAD2$COLOR_END second1毎にHPが$H_W_BAD-71$COLOR_END減少します。	icon_skills.disease_tex
500723	DamageOverTime	True	False	False	パンブラスト IV	怨念により、$H_W_BAD2$COLOR_END second1毎にHPが$H_W_BAD-97$COLOR_END減少します。	icon_skills.disease_tex
500724	DamageOverTime	True	False	False	パンブラスト V	怨念により、$H_W_BAD2$COLOR_END second1毎にHPが$H_W_BAD-134$COLOR_END減少します。	icon_skills.disease_tex
500725	DamageOverTime	True	False	False	パンブラスト VI	怨念により、$H_W_BAD2$COLOR_END second1毎にHPが$H_W_BAD-186$COLOR_END減少します。	icon_skills.disease_tex
500726	DamageOverTime	True	False	False	パンブラスト VII	怨念により、$H_W_BAD2$COLOR_END second1毎にHPが$H_W_BAD-258$COLOR_END減少します。	icon_skills.disease_tex
500727	DamageOverTime	True	False	False	パンブラスト VIII	怨念により、$H_W_BAD2$COLOR_END second1毎にHPが$H_W_BAD-382$COLOR_END減少します。	icon_skills.disease_tex
500800	Stun	True	False	False	スリープウィンド I	深い眠りにつきました。ダメージを受けるとすぐに目覚めます。	icon_skills.sleepwind_tex
500801	Stun	True	False	False	スリープウィンド II	深い眠りにつきました。ダメージを受けるとすぐに目覚めます。	icon_skills.sleepwind_tex
500802	Stun	True	False	False	スリープウィンド III	深い眠りにつきました。ダメージを受けるとすぐに目覚めます。	icon_skills.sleepwind_tex
500900	Stun	True	False	False	ネーブウィーク I	衰弱により、全てのスキルを使用できません。この効果は、プレイヤーにのみ適用され、攻撃を受けたりダウンすると解除されます。	icon_skills.neurasthenia_tex
501000	DamageOverTime	True	False	False	ブレイジングブレス I	灼熱の息吹により、$H_W_BAD2$COLOR_END second1毎にHPが$H_W_BAD-443$COLOR_END減少します。	icon_skills.burningbreath_tex
501001	DamageOverTime	True	False	False	ブレイジングブレス II	灼熱の息吹により、$H_W_BAD2$COLOR_END second1毎にHPが$H_W_BAD-613$COLOR_END減少します。	icon_skills.burningbreath_tex
501002	DamageOverTime	True	False	False	ブレイジングブレス III	灼熱の息吹により、$H_W_BAD2$COLOR_END second1毎にHPが$H_W_BAD-849$COLOR_END減少します。	icon_skills.burningbreath_tex
501003	DamageOverTime	True	False	False	ブレイジングブレス IV	灼熱の息吹により、$H_W_BAD2$COLOR_END second1毎にHPが$H_W_BAD-1175$COLOR_END減少します。	icon_skills.burningbreath_tex
501004	DamageOverTime	True	False	False	ブレイジングブレス V	灼熱の息吹により、$H_W_BAD2$COLOR_END second1毎にHPが$H_W_BAD-1631$COLOR_END減少します。	icon_skills.burningbreath_tex
501005	DamageOverTime	True	False	False	ブレイジングブレス VI	灼熱の息吹により、$H_W_BAD2$COLOR_END second1毎にHPが$H_W_BAD-2305$COLOR_END減少します。	icon_skills.burningbreath_tex
501006	DamageOverTime	True	False	False	ブレイジングブレス VII	灼熱の息吹により、$H_W_BAD2$COLOR_END second1毎にHPが$H_W_BAD-3120$COLOR_END減少します。	icon_skills.burningbreath_tex
501020	DamageOverTime	True	False	False	ブレイジングブレス I	灼熱の息吹により、$H_W_BAD2$COLOR_END second1毎にHPが$H_W_BAD-338$COLOR_END減少します。	icon_skills.burningbreath_tex
501021	DamageOverTime	True	False	False	ブレイジングブレス II	灼熱の息吹により、$H_W_BAD2$COLOR_END second1毎にHPが$H_W_BAD-467$COLOR_END減少します。	icon_skills.burningbreath_tex
501022	DamageOverTime	True	False	False	ブレイジングブレス III	灼熱の息吹により、$H_W_BAD2$COLOR_END second1毎にHPが$H_W_BAD-645$COLOR_END減少します。	icon_skills.burningbreath_tex
501023	DamageOverTime	True	False	False	ブレイジングブレス IV	灼熱の息吹により、$H_W_BAD2$COLOR_END second1毎にHPが$H_W_BAD-890$COLOR_END減少します。	icon_skills.burningbreath_tex
501024	DamageOverTime	True	False	False	ブレイジングブレス V	灼熱の息吹により、$H_W_BAD2$COLOR_END second1毎にHPが$H_W_BAD-1228$COLOR_END減少します。	icon_skills.burningbreath_tex
501025	DamageOverTime	True	False	False	ブレイジングブレス VI	灼熱の息吹により、$H_W_BAD2$COLOR_END second1毎にHPが$H_W_BAD-1704$COLOR_END減少します。	icon_skills.burningbreath_tex
501026	DamageOverTime	True	False	False	ブレイジングブレス VII	灼熱の息吹により、$H_W_BAD2$COLOR_END second1毎にHPが$H_W_BAD-2259$COLOR_END減少します。	icon_skills.burningbreath_tex
501100	DamageOverTime	True	False	False	マインドドライ I	精も根も尽き果てています！　$H_W_BAD2$COLOR_END second1毎にMPが$H_W_BAD-172$COLOR_END減少します。	icon_skills.mpsink_tex
501101	DamageOverTime	True	False	False	マインドドライ II	精も根も尽き果てています！　$H_W_BAD2$COLOR_END second1毎にMPが$H_W_BAD-206$COLOR_END減少します。	icon_skills.mpsink_tex
501150	DamageOverTime	False	False	False	マインドドライ I	異常状態ツールチップ非表示（isShow=False）このツールチップが出たらBTS処理が必要です。	icon_skills.mpsink_tex
501151	DamageOverTime	False	False	False	マインドドライ II	異常状態ツールチップ非表示（isShow=False）このツールチップが出たらBTS処理が必要です。	icon_skills.mpsink_tex
501160	DamageOverTime	False	True	False			
501161	DamageOverTime	False	True	False			
501200	Buff	True	True	False	ヘイストコントラクト I	持続時間の間、攻撃速度が上昇します。	icon_skills.contractofquickness_tex
501300	Stun	True	False	False	レストレントカーズ I	効果持続中は、その場から動けません。一定以上ダメージを受けたり、ダウンすると効果は即解除されます。	icon_skills.curseofshackle_tex
501301	Stun	True	False	False	レストレントカーズ II	効果持続中は、その場から動けません。一定以上ダメージを受けたり、ダウンすると効果は即解除されます。	icon_skills.curseofshackle_tex
501302	Stun	True	False	False	レストレントカーズ III	効果持続中は、その場から動けません。一定以上ダメージを受けたり、ダウンすると効果は即解除されます。	icon_skills.curseofshackle_tex
501303	Stun	True	False	False	レストレントカーズ IV	効果持続中は、その場から動けません。一定以上ダメージを受けたり、ダウンすると効果は即解除されます。	icon_skills.curseofshackle_tex
501320	Stun	True	False	False	レストレントカーズ I	効果持続中はその場から動けず、回避及び移動系スキルも封印されます。一定以上ダメージを受けたり、ダウンすると効果は即解除されます。	icon_skills.curseofshackle_tex
501321	Stun	True	False	False	レストレントカーズ II	効果持続中はその場から動けず、回避及び移動系スキルも封印されます。一定以上ダメージを受けたり、ダウンすると効果は即解除されます。	icon_skills.curseofshackle_tex
501322	Stun	True	False	False	レストレントカーズ III	効果持続中はその場から動けず、回避及び移動系スキルも封印されます。一定以上ダメージを受けたり、ダウンすると効果は即解除されます。	icon_skills.curseofshackle_tex
501323	Stun	True	False	False	レストレントカーズ IV	効果持続中はその場から動けず、回避及び移動系スキルも封印されます。一定以上ダメージを受けたり、ダウンすると効果は即解除されます。	icon_skills.curseofshackle_tex
501400	WeakeningEffect	True	False	False	アイスブラスト	凍てつく氷爆風のために体が凍り付き、重複する度に、移動速度が$H_W_BAD10%$COLOR_END減少します。効果は最大4回まで重複します。	icon_skills.icestorm_tex
501402	WeakeningEffect	True	False	False	アイスブラスト	凍てつく氷爆風のために体が凍り付き、重複する度に、移動速度が$H_W_BAD10%$COLOR_END減少します。効果は最大4回まで重複します。	icon_skills.icestorm_tex
501500	Buff	True	True	False	ペトリファイドスケイル	効果持続中、全てのデバフを防ぎます。	icon_skills.stoneshape_tex
501501	Buff	False	True	False	ペトリファイドスケイル I - 敵対値免疫	異常状態ツールチップ非表示（isShow=False）このツールチップが出たらBTS処理が必要です。	icon_skills.voidtrap_tex
501600	Buff	True	True	False	ディストーションフィールド I	$time間、ダメージを無効化し、最大MPの5％を回復します。状態異常が適用されている間、マナイグニッションIIの効果が適用されません。	icon_skills.distortionfield_tex
501601	Buff	False	True	False			
501602	Buff	False	True	False			
501603	Buff	False	True	False			
501604	Buff	False	True	False			
501605	Buff	False	True	False			
501606	Buff	False	True	False			
501607	Buff	False	True	False			
501608	Buff	False	True	False			
501650	Buff	True	True	False	ディストーションフィールド I	$time間、ダメージを無効化させ、最大MPの5％を回復します。異常状態が持続される間、マナイグニッション IIの効果が適用されません。	icon_skills.distortionfield_tex
501700	Buff	False	True	False	マナバースト I	プレイヤーからのダメージが$H_W_GOOD50%$COLOR_END減少します。	icon_skills.manaburst_tex
600100	Buff	True	True	False	デッドプレイ  I	死んだふりをしています。スキルを使用したりダメージを受けると効果は即解除されます。	icon_skills.feigndeath_tex
600101	Buff	True	True	False	デッドプレイ II	死んだふりをしています。スキルを使用したりダメージを受けると効果は即解除されます。	icon_skills.feigndeath_tex
600102	Buff	True	True	False	デッドプレイ III 	死んだふりをしています。スキルを使用したりダメージを受けると効果は即解除されます。	icon_skills.feigndeath_tex
600103	Buff	True	True	False	デッドプレイ IV	死んだふりをしています。スキルを使用したりダメージを受けると効果は即解除されます。	icon_skills.feigndeath_tex
600200	Buff	True	True	False	クイックシュート発動	「クイックシュート」を使用できます。	icon_skills.chain_arrow
600300	Stun	True	False	False	フェイントトラップ	衝撃により気絶しました。	icon_skills.paralysistrap_tex
600400	WeakeningEffect	True	False	False	スロウトラップ	移動速度が$H_W_BAD0,3$COLOR_END減少します。	icon_skills.webtrap_tex
600500	WeakeningEffect	True	False	False	アーチャープルーフ I	標的にされました！効果持続中、アーチャークラスに攻撃されるとダメージが$H_W_BAD10%$COLOR_END追加されます。	icon_skills.markingofarcher_tex
600501	WeakeningEffect	True	False	False	アーチャープルーフ II	標的にされました！効果持続中、アーチャークラスに攻撃されるとダメージが$H_W_BAD10%$COLOR_END追加されます。	icon_skills.markingofarcher_tex
600502	WeakeningEffect	True	False	False	アーチャープルーフ III	標的にされました！効果持続中、アーチャークラスに攻撃されるとダメージが$H_W_BAD10%$COLOR_END追加されます。	icon_skills.markingofarcher_tex
600600	DamageOverTime	True	False	False	ポイズントラップ I	致命的な猛毒により、$H_W_BAD2$COLOR_END second1毎にHPが$H_W_BAD-58$COLOR_END減少します。	icon_skills.venomtrap_tex
600601	DamageOverTime	True	False	False	ポイズントラップ II	致命的な猛毒により、$H_W_BAD2$COLOR_END second1毎にHPが$H_W_BAD-124$COLOR_END減少します。	icon_skills.venomtrap_tex
600602	DamageOverTime	True	False	False	ポイズントラップ III	致命的な猛毒により、$H_W_BAD2$COLOR_END second1毎にHPが$H_W_BAD-271$COLOR_END減少します。	icon_skills.venomtrap_tex
600603	DamageOverTime	True	False	False	ポイズントラップ IV	致命的な猛毒により、$H_W_BAD2$COLOR_END second1毎にHPが$H_W_BAD-518$COLOR_END減少します。	icon_skills.venomtrap_tex
600604	DamageOverTime	True	False	False	ポイズントラップ V	致命的な猛毒により、$H_W_BAD2$COLOR_END second1毎にHPが$H_W_BAD-1048$COLOR_END減少します。	icon_skills.venomtrap_tex
600605	DamageOverTime	True	False	False	ポイズントラップ VI	致命的な猛毒により、$H_W_BAD2$COLOR_END second1毎にHPが$H_W_BAD-1575$COLOR_END減少します。	icon_skills.venomtrap_tex
600620	DamageOverTime	True	False	False	ポイズントラップ I	致命的な猛毒により、$H_W_BAD2$COLOR_END second1毎にHPが$H_W_BAD-57$COLOR_END減少します。	icon_skills.venomtrap_tex
600621	DamageOverTime	True	False	False	ポイズントラップ II	致命的な猛毒により、$H_W_BAD2$COLOR_END second1毎にHPが$H_W_BAD-109$COLOR_END減少します。	icon_skills.venomtrap_tex
600622	DamageOverTime	True	False	False	ポイズントラップ III	致命的な猛毒により、$H_W_BAD2$COLOR_END second1毎にHPが$H_W_BAD-209$COLOR_END減少します。	icon_skills.venomtrap_tex
600623	DamageOverTime	True	False	False	ポイズントラップ IV	致命的な猛毒により、$H_W_BAD2$COLOR_END second1毎にHPが$H_W_BAD-398$COLOR_END減少します。	icon_skills.venomtrap_tex
600624	DamageOverTime	True	False	False	ポイズントラップ V	致命的な猛毒により、$H_W_BAD2$COLOR_END second1毎にHPが$H_W_BAD-778$COLOR_END減少します。	icon_skills.venomtrap_tex
600625	DamageOverTime	True	False	False	ポイズントラップ VI	致命的な猛毒により、$H_W_BAD2$COLOR_END second1毎にHPが$H_W_BAD-1091$COLOR_END減少します。	icon_skills.venomtrap_tex
600700	WeakeningEffect	True	False	False	スパイダーラインアロー I	移動速度が$H_W_BAD0,8$COLOR_END減少します。	icon_skills.spiderarrow_tex
600701	WeakeningEffect	True	False	False	スパイダーラインアロー II	移動速度が$H_W_BAD0,7$COLOR_END減少します。	icon_skills.spiderarrow_tex
600702	WeakeningEffect	True	False	False	スパイダーラインアロー III	移動速度が$H_W_BAD0,67$COLOR_END減少します。	icon_skills.spiderarrow_tex
600800	Stun	True	False	False	ターニングキック	顎を蹴られて気絶しました。	icon_skills.turningkick_tex
600900	DamageOverTime	True	False	False	ポイズンアロー I	$H_W_BAD2$COLOR_END second1毎にHPが$H_W_BAD-215$COLOR_END減少します。効果は最大3回まで重複します。	icon_skills.venomarrow_tex
600901	DamageOverTime	True	False	False	ポイズンアロー II	$H_W_BAD2$COLOR_END second1毎にHPが$H_W_BAD-310$COLOR_END減少します。効果は最大3回まで重複します。	icon_skills.venomarrow_tex
600902	DamageOverTime	True	False	False	ポイズンアロー III	$H_W_BAD2$COLOR_END second1毎にHPが$H_W_BAD-456$COLOR_END減少します。効果は最大3回まで重複します。	icon_skills.venomarrow_tex
600903	DamageOverTime	True	False	False	ポイズンアロー IV	$H_W_BAD2$COLOR_END second1毎にHPが$H_W_BAD-676$COLOR_END減少します。効果は最大3回まで重複します。	icon_skills.venomarrow_tex
600904	DamageOverTime	True	False	False	ポイズンアロー V	$H_W_BAD2$COLOR_END second1毎にHPが$H_W_BAD-959$COLOR_END減少します。効果は最大3回まで重複します。	icon_skills.venomarrow_tex
600905	DamageOverTime	True	False	False	ポイズンアロー VI	$H_W_BAD2$COLOR_END second1毎にHPが$H_W_BAD-1328$COLOR_END減少します。効果は最大3回まで重複します。	icon_skills.venomarrow_tex
600906	DamageOverTime	True	False	False	ポイズンアロー VII	$H_W_BAD2$COLOR_END second1毎にHPが$H_W_BAD-1871$COLOR_END減少します。効果は最大3回まで重複します。	icon_skills.venomarrow_tex
600907	DamageOverTime	True	False	False	ポイズンアロー VIII	$H_W_BAD2$COLOR_END second1毎にHPが$H_W_BAD-3128$COLOR_END減少します。効果は最大3回まで重複します。	icon_skills.venomarrow_tex
600908	DamageOverTime	True	False	False	ポイズンアロー IX	$H_W_BAD2$COLOR_END second1毎にHPが$H_W_BAD-3780$COLOR_END減少します。効果は最大3回まで重複します。	icon_skills.venomarrow_tex
600920	DamageOverTime	True	False	False	ポイズンアロー I	$H_W_BAD2$COLOR_END second1毎にHPが$H_W_BAD-95$COLOR_END減少します。効果は最大3回まで重複します。	icon_skills.venomarrow_tex
600921	DamageOverTime	True	False	False	ポイズンアロー II	$H_W_BAD2$COLOR_END second1毎にHPが$H_W_BAD-131$COLOR_END減少します。効果は最大3回まで重複します。	icon_skills.venomarrow_tex
600922	DamageOverTime	True	False	False	ポイズンアロー III	$H_W_BAD2$COLOR_END second1毎にHPが$H_W_BAD-249$COLOR_END減少します。効果は最大3回まで重複します。	icon_skills.venomarrow_tex
600923	DamageOverTime	True	False	False	ポイズンアロー IV	$H_W_BAD2$COLOR_END second1毎にHPが$H_W_BAD-345$COLOR_END減少します。効果は最大3回まで重複します。	icon_skills.venomarrow_tex
600924	DamageOverTime	True	False	False	ポイズンアロー V	$H_W_BAD2$COLOR_END second1毎にHPが$H_W_BAD-476$COLOR_END減少します。効果は最大3回まで重複します。	icon_skills.venomarrow_tex
600925	DamageOverTime	True	False	False	ポイズンアロー VI	$H_W_BAD2$COLOR_END second1毎にHPが$H_W_BAD-660$COLOR_END減少します。効果は最大3回まで重複します。	icon_skills.venomarrow_tex
600926	DamageOverTime	True	False	False	ポイズンアロー VII	$H_W_BAD2$COLOR_END second1毎にHPが$H_W_BAD-1078$COLOR_END減少します。効果は最大3回まで重複します。	icon_skills.venomarrow_tex
600927	DamageOverTime	True	False	False	ポイズンアロー VIII	$H_W_BAD2$COLOR_END second1毎にHPが$H_W_BAD-1427$COLOR_END減少します。効果は最大3回まで重複します。	icon_skills.venomarrow_tex
600928	DamageOverTime	True	False	False	ポイズンアロー IX	$H_W_BAD2$COLOR_END second1毎にHPが$H_W_BAD-1427$COLOR_END減少します。効果は最大3回まで重複します。	icon_skills.venomarrow_tex
601000	WeakeningEffect	True	False	False	レストレントアロー I	移動速度が$value2、攻撃速度が$value減少します。	icon_skills.contaningshot_tex
601001	WeakeningEffect	True	False	False	レストレントアロー II	移動速度が$value2、攻撃速度が$value減少します。	icon_skills.contaningshot_tex
601100	Buff	True	True	True	シヴァルリックスタンス I	攻撃速度と力がそれぞれ$value2と$value上昇し、移動速度が$value3上昇します。モンスター攻撃時のダメージが$H_W_GOOD7％$COLOR_END、プレイヤー攻撃時のダメージが$H_W_GOOD10％$COLOR_END増加します。	icon_skills.focusstance_tex
601101	Buff	True	True	True	シヴァルリックスタンス II	攻撃速度と力がそれぞれ$value2と$value上昇し、移動速度が$value3上昇します。モンスター攻撃時のダメージが$H_W_GOOD7％$COLOR_END、プレイヤー攻撃時のダメージが$H_W_GOOD10％$COLOR_END増加します。	icon_skills.focusstance_tex
601110	Buff	True	True	True	バーバリックスタンス I	攻撃速度と力がそれぞれ$value2と$value上昇し、耐久力が$value3上昇します。一般モンスターを攻撃時、ダメージが$H_W_GOOD10％$COLOR_END増加します。	icon_skills.focusstance_moveslow_tex
601111	Buff	True	True	True	バーバリックスタンス II	攻撃速度と力がそれぞれ$value2と$value上昇し、耐久力が$value3上昇します。一般モンスターを攻撃時、ダメージが$H_W_GOOD10％$COLOR_END増加します。	icon_skills.focusstance_moveslow_tex
601130	Buff	False	True	True	シヴァルリックスタンス I_中型追加ダメージ	中型モンスター追加ダメージ(見えない異常状態)	icon_skills.focusstance_tex
601131	Buff	False	True	True	シヴァルリックスタンス II_中型追加ダメージ	中型モンスター追加ダメージ(見えない異常状態)	icon_skills.focusstance_tex
601132	Buff	False	True	True		プレイヤー追加ダメージ(見えない異常状態)	icon_skills.focusstance_tex
601133	Buff	False	True	True		プレイヤー追加ダメージ(見えない異常状態)	icon_skills.focusstance_tex
601140	Buff	False	True	True	バーバリックスタンス I_一般追加ダメージ	一般モンスター追加ダメージ(見えない異常状態)	icon_skills.focusstance_tex
601141	Buff	False	True	True	バーバリックスタンス II_一般追加ダメージ	一般モンスター追加ダメージ(見えない異常状態)	icon_skills.focusstance_tex
601200	Stun	True	False	False	パラライズアロー I	気絶しているため動けません。	icon_skills.paralysistraparrow_tex
601201	Stun	True	False	False	パラライズアロー II	気絶しているため動けません。	icon_skills.paralysistraparrow_tex
601300	WeakeningEffect	True	False	False	アラクノイドアロー I	移動速度が$H_W_BAD90%$COLOR_END減少します。	icon_skills.webtraparrow_tex
601301	WeakeningEffect	True	False	False	アラクノイドアロー II	移動速度が$H_W_BAD90%$COLOR_END減少します。	icon_skills.webtraparrow_tex
601310	WeakeningEffect	True	False	False	アラクノイドアローI	移動速度が$H_W_BAD20%$COLOR_END減少します。	icon_skills.webtraparrow_tex
601311	WeakeningEffect	True	False	False	アラクノイドアローII	移動速度が$H_W_BAD20%$COLOR_END減少します。	icon_skills.webtraparrow_tex
601400	Buff	True	True	False	集中準備	アロー、クイックフィリング、クイックシュート10回成功時、ペネトレーティングアロー、ラバントアローのチャージ速度が上昇します。	icon_skills.focusstance_moveslow_tex
601450	Buff	True	True	False	集中	10秒間ペネトレーティングアロー、ラバントアローのチャージ速度が上昇します。	icon_skills.focusstance_moveslow_tex
601500	Buff	True	True	False	執念	デバフ【行動不能】抵抗が大幅に上昇します。	icon_skills.tenacity_tex
601600	Buff	True	True	False	フェイタルヴィジョン	次の1回目の攻撃のみ、どの位置からでも後方攻撃と等しいダメージを与えます。	icon_skills.weak_point_observed
601700	Buff	False	True	False	アラクノイドアロー爆発	（見えてはいけない異常状態）	icon_skills.arcaneshockshot02_tex
601800	Buff	False	True	False	アローレイン強化 I	アローレインのダメージが分散されません。（見えてはいけない異常状態）	icon_skills.arrowfall_tex
601900	Buff	False	True	False			
700100	Buff	True	True	False	リバースブレシング I	効果持続中に死亡した場合、祝福の力により、その場で即時に復活します。	icon_skills.autoresurrect_tex
700200	Buff	True	True	True	フォグオーラ I - 放出	使用者とパーティーメンバーに「フォグオーラ」の効果を与えます。$H_W_BAD2$COLOR_END second1毎にMPが$H_W_BAD-30$COLOR_END減少します。有効範囲は周囲約30mです。	icon_skills.areahpgain_tex
700201	Buff	True	True	True	フォグオーラ II - 放出	使用者とパーティーメンバーに「フォグオーラ」の効果を与えます。$H_W_BAD2$COLOR_END second1毎にMPが$H_W_BAD-30$COLOR_END減少します。有効範囲は周囲約30mです。	icon_skills.areahpgain_tex
700202	Buff	True	True	True	フォグオーラ III - 放出	使用者とパーティーメンバーに「フォグオーラ」の効果を与えます。$H_W_BAD2$COLOR_END second1毎にMPが$H_W_BAD-30$COLOR_END減少します。有効範囲は周囲約30mです。	icon_skills.areahpgain_tex
700203	Buff	True	True	True	フォグオーラ IV - 放出	使用者とパーティーメンバーに「フォグオーラ」の効果を与えます。$H_W_BAD2$COLOR_END second1毎にMPが$H_W_BAD-30$COLOR_END減少します。有効範囲は周囲約30mです。	icon_skills.areahpgain_tex
700230	Buff	True	True	True	フォグオーラ I	クリティカル抵抗が$H_W_GOOD10%$COLOR_END上昇します。有効範囲は周囲約30mです。	icon_status.plusciriticalresist_tex
700231	Buff	True	True	True	フォグオーラ II	クリティカル抵抗が$H_W_GOOD20%$COLOR_END上昇します。有効範囲は周囲約30mです。	icon_status.plusciriticalresist_tex
700232	Buff	True	True	True	フォグオーラ III	クリティカル抵抗が$H_W_GOOD30%$COLOR_END上昇します。有効範囲は周囲約30mです。	icon_status.plusciriticalresist_tex
700233	Buff	True	True	True	フォグオーラ IV	クリティカル抵抗が$H_W_GOOD40%$COLOR_END上昇します。有効範囲は周囲約30mです。	icon_status.plusciriticalresist_tex
700300	Buff	True	True	True	マインドオーラ I - 放出	自身を除くパーティーメンバーに「マインドオーラ」の効果を与えます。$H_W_BAD2$COLOR_END second1毎にMPが$H_W_BAD-30$COLOR_END減少します。有効範囲は周囲約30mです。	icon_skills.areampgain_tex
700330	Buff	True	True	True	マインドオーラ I	$H_W_GOOD1$COLOR_END second毎にMPが$H_W_GOOD20$COLOR_END回復します。有効範囲は周囲約30mです。	icon_status.mprecoverup_tex
700400	Buff	False	True	False	リカバリーバレット I	$H_W_GOOD1$COLOR_END second毎にHPが回復します。	icon_skills.healshot_tex
700401	Buff	False	True	False	リカバリーバレット II	$H_W_GOOD1$COLOR_END second毎にHPが回復します。	icon_skills.healshot_tex
700402	Buff	False	True	False	リカバリーバレット III	$H_W_GOOD1$COLOR_END second毎にHPが回復します。	icon_skills.healshot_tex
700403	Buff	False	True	False	リカバリーバレット IV	$H_W_GOOD1$COLOR_END second毎にHPが回復します。	icon_skills.healshot_tex
700404	Buff	False	True	False	リカバリーバレット V	$H_W_GOOD1$COLOR_END second毎にHPが回復します。	icon_skills.healshot_tex
700405	Buff	False	True	False	リカバリーバレット VI	$H_W_GOOD1$COLOR_END second毎にHPが回復します。	icon_skills.healshot_tex
700406	Buff	False	True	False	リカバリーバレット VII	$H_W_GOOD1$COLOR_END second毎にHPが回復します。	icon_skills.healshot_tex
700407	Buff	False	True	False	リカバリーバレット VIII	$H_W_GOOD1$COLOR_END second毎にHPが回復します。	icon_skills.healshot_tex
700408	Buff	False	True	False	リカバリーバレット IX	$H_W_GOOD1$COLOR_END second毎にHPが回復します。	icon_skills.healshot_tex
700409	Buff	False	True	False	リカバリーバレット X	$H_W_GOOD1$COLOR_END second毎にHPが回復します。	icon_skills.healshot_tex
700500	WeakeningEffect	True	False	False	クランプバレット I	身体が拘束され、移動速度が$H_W_BAD0,5$COLOR_END減少します。	icon_skills.slowball_tex
700501	WeakeningEffect	True	False	False	クランプバレット II	身体が拘束され、移動速度が$H_W_BAD0,4$COLOR_END減少します。	icon_skills.slowball_tex
700600	Buff	True	True	True	レイジオーラ I - 放出	使用者とパーティーメンバーに「インサニティーオーラ」の効果を与えます。$H_W_BAD2$COLOR_END second1毎にMPが$H_W_BAD-30$COLOR_END減少します。有効範囲は周囲約30mです。	icon_skills.criticalupaura_tex
700601	Buff	True	True	True	レイジオーラ II - 放出	使用者とパーティーメンバーに「インサニティーオーラ」と「レイジオーラ」の効果を与えます。$H_W_BAD2$COLOR_END second1毎にMPが$H_W_BAD-30$COLOR_END減少します。有効範囲は周囲約30mです。	icon_skills.criticalupaura_tex
700602	Buff	True	True	True	レイジオーラ III - 放出	使用者とパーティーメンバーに「インサニティーオーラ」と「レイジオーラ」の効果を与えます。$H_W_BAD2$COLOR_END second1毎にMPが$H_W_BAD-30$COLOR_END減少します。有効範囲は周囲約30mです。	icon_skills.criticalupaura_tex
700603	Buff	True	True	True	レイジオーラ IV - 放出	使用者とパーティーメンバーに「インサニティーオーラ」と「レイジオーラ」の効果を与えます。$H_W_BAD2$COLOR_END second1毎にMPが$H_W_BAD-30$COLOR_END減少します。有効範囲は周囲約30mです。	icon_skills.criticalupaura_tex
700630	Buff	True	True	True	レイジオーラ I	怒りの精霊の影響で、クリティカル発生が$H_W_GOOD2倍$COLOR_END上昇します。有効範囲は周囲約30mです。	icon_status.plusecritical_tex
700631	Buff	True	True	True	レイジオーラ II	怒りの精霊の影響で、クリティカル発生が$H_W_GOOD2.2倍$COLOR_END増加します。有効範囲は周囲約30mです。	icon_status.plusecritical_tex
700700	Buff	True	True	True	ヘイストオーラ I - 放出	使用者とパーティーメンバーに「ヘイストオーラ」の効果を与えます。$H_W_BAD2$COLOR_END second1毎にMPが$H_W_BAD-30$COLOR_END減少します。有効範囲は周囲約30mです。	icon_skills.speedupaura_tex
700701	Buff	True	True	True	ヘイストオーラ II - 放出	使用者とパーティーメンバーに「ヘイストオーラ」の効果を与えます。$H_W_BAD2$COLOR_END second1毎にMPが$H_W_BAD-30$COLOR_END減少します。有効範囲は周囲約30mです。	icon_skills.speedupaura_tex
700730	Buff	True	True	True	ヘイストオーラ I	移動速度が$H_W_GOOD10%$COLOR_END上昇します。有効範囲は周囲約30mです。	icon_status.plusmove_tex
700731	Buff	True	True	True	ヘイストオーラ II	移動速度が$H_W_GOOD30%$COLOR_END上昇します。有効範囲は周囲約30mです。	icon_status.plusmove_tex
700800	DamageOverTime	True	False	False	ペインカーズ I	$H_W_BAD2$COLOR_END second1毎にHPが$H_W_BAD-1238$COLOR_END減少します。	icon_skills.painfulshackle_tex
700820	DamageOverTime	True	False	False	ペインカーズ I	$H_W_BAD2$COLOR_END second1毎にHPが$H_W_BAD-1212$COLOR_END減少します。	icon_skills.painfulshackle_tex
700900	Buff	True	True	False	魔力回復 I	$H_W_GOOD1$COLOR_END second毎にMPが$H_W_GOOD100$COLOR_END回復します。攻撃を受けたり、戦闘用スキルまたは戦闘用アイテムを使用すると、効果は即解除されます。	icon_skills.mpcharge_tex
701000	Buff	True	True	False	精霊の加護 I	$H_W_GOOD2$COLOR_END second1毎にHPが$H_W_GOOD70$COLOR_END回復します。	icon_skills.summonspiritofheal_tex
701001	Buff	True	True	False	精霊の加護 II	$H_W_GOOD2$COLOR_END second1毎にHPが$H_W_GOOD88$COLOR_END回復します。	icon_skills.summonspiritofheal_tex
701002	Buff	True	True	False	精霊の加護 III	$H_W_GOOD2$COLOR_END second1毎にHPが$H_W_GOOD109$COLOR_END回復します。	icon_skills.summonspiritofheal_tex
701003	Buff	True	True	False	精霊の加護 IV	$H_W_GOOD2$COLOR_END second1毎にHPが$H_W_GOOD135$COLOR_END回復します。	icon_skills.summonspiritofheal_tex
701004	Buff	True	True	False	精霊の加護 V	$H_W_GOOD2$COLOR_END second1毎にHPが$H_W_GOOD168$COLOR_END回復します。	icon_skills.summonspiritofheal_tex
701005	Buff	True	True	False	精霊の加護 VI	$H_W_GOOD2$COLOR_END second1毎にHPが$H_W_GOOD208$COLOR_END回復します。	icon_skills.summonspiritofheal_tex
701006	Buff	True	True	False	精霊の加護 VII	$H_W_GOOD2$COLOR_END second1毎にHPが$H_W_GOOD258$COLOR_END回復します。	icon_skills.summonspiritofheal_tex
701007	Buff	True	True	False	精霊の加護 VIII	$H_W_GOOD2$COLOR_END second1毎にHPが$H_W_GOOD320$COLOR_END回復します。	icon_skills.summonspiritofheal_tex
701008	Buff	True	True	False	精霊の加護 IX	$H_W_GOOD2$COLOR_END second1毎にHPが$H_W_GOOD397$COLOR_END回復します。	icon_skills.summonspiritofheal_tex
701009	Buff	True	True	False	精霊の加護 X	$H_W_GOOD2$COLOR_END second1毎にHPが$H_W_GOOD493$COLOR_END回復します。	icon_skills.summonspiritofheal_tex
701010	Buff	True	True	False	精霊の加護 XI	$H_W_GOOD2$COLOR_END second1毎にHPが$H_W_GOOD614$COLOR_END回復します。	icon_skills.summonspiritofheal_tex
701011	Buff	True	True	False	精霊の加護 XII	$H_W_GOOD2$COLOR_END second1毎にHPが$H_W_GOOD769$COLOR_END回復します。	icon_skills.summonspiritofheal_tex
701012	Buff	True	True	False	精霊の加護 VIII	$H_W_GOOD2$COLOR_END second1毎にHPが$H_W_GOOD914$COLOR_END回復します。	icon_skills.summonspiritofheal_tex
701100	Stun	True	False	False	タッチスランバー I	深い眠りにつきました。ダメージを受けるとすぐに目覚めます。	icon_skills.shackleofquicksand_tex
701101	Stun	True	False	False	タッチスランバー II	深い眠りにつきました。ダメージを受けるとすぐに目覚めます。	icon_skills.shackleofquicksand_tex
701200	DamageOverTime	True	False	False	ラジネスチャーム I	効果持続中は、全てのスキルのクールタイムが$H_W_BAD1,2$COLOR_END延長されます。	icon_skills.spiritoflassitude_tex
701201	DamageOverTime	True	False	False	ラジネスチャーム II	効果持続中は、全てのスキルのクールタイムが$H_W_BAD1,2$COLOR_END延長されます。	icon_skills.spiritoflassitude_tex
701202	DamageOverTime	True	False	False	ラジネスチャーム III	効果持続中は、全てのスキルのクールタイムが$H_W_BAD1,2$COLOR_END延長されます。	icon_skills.spiritoflassitude_tex
701300	Stun	True	False	False	カオスチャーム I	恐怖に慄き、逃げています！　対象がモンスターの場合、攻撃によってダウンすると恐怖効果は直ちに解除され、プレイヤーの場合、攻撃を受けると恐怖の効果は直ちに解除されます。	icon_skills.spiritofconfusion_tex
701320	Stun	True	False	False	カオスチャーム I	恐怖に慄き、逃げています！　ダウンすると効果は即解除されます。対象がモンスターの場合、攻撃によってダウンすると恐怖効果は直ちに解除され、プレイヤーの場合、攻撃を受けると恐怖の効果は直ちに解除されます。	icon_skills.spiritofconfusion_tex
701330	Buff	False	False	False	カオスチャーム抵抗 I	カオスチャーム状態になりません。	icon_skills.spiritofconfusion_tex
701331	Buff	False	False	False	タッチスランバー抵抗 I	タッチスランバー状態になりません。	icon_skills.shackleofquicksand_tex
701332	Buff	False	False	False	フラッシュバレット抵抗 I	フラッシュバレット状態になりません。	icon_skills.flashball_tex
701400	Stun	True	False	False	ロックレストレント I	効果持続中、移動速度が$H_W_BAD0,1$COLOR_END減少しますが、均衡は$H_W_GOOD100%$COLOR_END上昇します。一定以上ダメージを受けたり、ダウンすると効果は即解除されます。	icon_skills.shackleofstone_tex
701401	Stun	True	False	False	ロックレストレント II	効果持続中、移動速度が$H_W_BAD0,1$COLOR_END減少しますが、均衡は$H_W_GOOD100%$COLOR_END上昇します。一定以上ダメージを受けたり、ダウンすると効果は即解除されます。	icon_skills.shackleofstone_tex
701420	Stun	True	False	False	ロックレストレント I	効果持続中、移動速度が$H_W_BAD0,1$COLOR_END減少しますが、均衡は$H_W_GOOD100%$COLOR_END上昇します。一定以上ダメージを受けたり、ダウンすると効果は即解除されます。	icon_skills.shackleofstone_tex
701421	Stun	True	False	False	ロックレストレント II	効果持続中、移動速度が$H_W_BAD0,1$COLOR_END減少しますが、均衡は$H_W_GOOD100%$COLOR_END上昇します。一定以上ダメージを受けたり、ダウンすると効果は即解除されます。	icon_skills.shackleofstone_tex
701500	Buff	True	True	False	ヒールエネルギー I	$H_W_GOOD1秒$COLOR_ENDごとに $H_W_GOOD390$COLOR_ENDずつ HPが持続的に回復します。重複効果は1.3倍だけ適用します。	icon_skills.hprefresher_tex
701501	Buff	True	True	False	ヒールエネルギー II	$H_W_GOOD1秒$COLOR_ENDごとに$H_W_GOOD515$COLOR_ENDずつ HPが持続的に回復します。重複効果は1.3倍だけ適用します。	icon_skills.hprefresher_tex
701502	Buff	True	True	False	ヒールエネルギー III	$H_W_GOOD1秒$COLOR_ENDごとに $H_W_GOOD716$COLOR_ENDずつ HPが持続的に回復します。重複効果は1.3倍だけ適用します。	icon_skills.hprefresher_tex
701503	Buff	True	True	False	ヒールエネルギー IV	$H_W_GOOD1秒$COLOR_ENDごとに $H_W_GOOD994$COLOR_ENDずつ HPが持続的に回復します。重複効果は1.3倍だけ適用します。	icon_skills.hprefresher_tex
701504	Buff	True	True	False	ヒールエネルギー V	$H_W_GOOD1秒$COLOR_ENDごとに $H_W_GOOD1375$COLOR_ENDずつ HPが持続的に回復します。重複効果は1.3倍だけ適用します。	icon_skills.hprefresher_tex
701505	Buff	True	True	False	ヒールエネルギー VI	$H_W_GOOD1秒$COLOR_ENDごとに $H_W_GOOD1901$COLOR_ENDずつ HPが持続的に回復します。重複効果は1.3倍だけ適用します。	icon_skills.hprefresher_tex
701506	Buff	True	True	False	ヒールエネルギー VII	$H_W_GOOD1秒$COLOR_ENDごとに $H_W_GOOD2626$COLOR_ENDずつ HPが持続的に回復します。重複効果は1.3倍だけ適用します。	icon_skills.hprefresher_tex
701507	Buff	True	True	False	ヒールエネルギー VIII	$H_W_GOOD1秒$COLOR_ENDごとに $H_W_GOOD3627$COLOR_ENDずつ HPが持続的に回復します。重複効果は1.3倍だけ適用します。	icon_skills.hprefresher_tex
701508	Buff	True	True	False	ヒールエネルギー IX	$H_W_GOOD1秒$COLOR_ENDごとに $H_W_GOOD5007$COLOR_ENDずつ HPが持続的に回復します。重複効果は1.3倍だけ適用します。	icon_skills.hprefresher_tex
701509	Buff	True	True	False	ヒールエネルギー X	$H_W_GOOD1秒$COLOR_ENDごとに $H_W_GOOD6921$COLOR_ENDずつ HPが持続的に回復します。重複効果は1.3倍だけ適用します。	icon_skills.hprefresher_tex
701510	Buff	True	True	False	ヒールエネルギー XI	$H_W_GOOD1秒$COLOR_ENDごとに $H_W_GOOD10342$COLOR_ENDずつ HPが持続的に回復します。重複効果は1.3倍だけ適用します。	icon_skills.hprefresher_tex
701511	Buff	True	True	False	ヒールエネルギー XII	$H_W_GOOD1秒$COLOR_ENDごとに $H_W_GOOD10342$COLOR_ENDずつ HPが持続的に回復します。重複効果は1.3倍だけ適用します。	icon_skills.hprefresher_tex
701520	Buff	False	True	False			
701521	Buff	False	True	False			
701522	Buff	False	True	False			
701523	Buff	False	True	False			
701524	Buff	False	True	False			
701525	Buff	False	True	False			
701526	Buff	False	True	False			
701527	Buff	False	True	False			
701528	Buff	False	True	False			
701529	Buff	False	True	False			
701530	Buff	False	True	False			
701531	Buff	False	True	False			
701540	Buff	False	True	False			
701541	Buff	False	True	False			
701542	Buff	False	True	False			
701543	Buff	False	True	False			
701544	Buff	False	True	False			
701545	Buff	False	True	False			
701546	Buff	False	True	False			
701547	Buff	False	True	False			
701548	Buff	False	True	False			
701549	Buff	False	True	False			
701550	Buff	False	True	False			
701551	Buff	False	True	False			
701560	Buff	False	True	False			
701561	Buff	False	True	False			
701562	Buff	False	True	False			
701563	Buff	False	True	False			
701564	Buff	False	True	False			
701565	Buff	False	True	False			
701566	Buff	False	True	False			
701567	Buff	False	True	False			
701568	Buff	False	True	False			
701569	Buff	False	True	False			
701570	Buff	False	True	False			
701571	Buff	False	True	False			
701590	Buff	False	True	False	マナエネルギー I	異常状態ツールチップ表示なし(isShow=False)このツールチップが見えたらBTS処理が必要！	
701600	Buff	True	True	False	霊気召喚 - 均衡 I	均衡が$H_W_GOOD100%$COLOR_END上昇します。	icon_skills.energiesofshock_tex
701601	WeakeningEffect	True	False	False	霊気召喚 - 束縛 I	攻撃速度が$H_W_BAD10%$COLOR_END減少します。	icon_skills.energiesofrestriction_tex
701602	Buff	True	True	False	霊気召喚 - 迅速 I	攻撃速度が$H_W_GOOD5%$COLOR_END上昇します。	icon_skills.energiesofquickness_tex
701603	WeakeningEffect	True	False	False	霊気召喚 - 意志 I	全てのデバフ抵抗が$H_W_BAD25%$COLOR_ENDずつ減少します。	icon_skills.energiesofwillpower_tex
701604	Buff	True	True	False	ガードスピリット I	召喚された霊気が最大$H_W_GOOD5395$COLOR_ENDのダメージを無効化します。最大値を超えると持続時間に関わらず即解除されます。	icon_skills.energiesofprotection_tex
701605	Buff	True	True	False	ガードスピリット I	召喚された霊気により$H_W_GOOD2$COLOR_END second1毎にHPが$H_W_GOOD529$COLOR_END回復します。	icon_skills.energiesofprotection_tex
701606	Buff	True	True	False	ガードスピリット II	召喚された霊気が最大$H_W_GOOD7149$COLOR_ENDのダメージを無効化します。最大値を超えると持続時間に関わらず即解除されます。	icon_skills.energiesofprotection_tex
701607	Buff	True	True	False	ガードスピリット II	召喚された霊気により$H_W_GOOD2$COLOR_END second1毎にHPが$H_W_GOOD700$COLOR_END回復します。	icon_skills.energiesofprotection_tex
701700	WeakeningEffect	True	False	False	デッドインフェクション I	$time間、解除不可のウィルス感染源になります。耐久力が $H_W_BAD5%$COLOR_END減少し、周囲7ｍ内の味方に疫病を伝染します。	icon_skills.plague_tex
701701	WeakeningEffect	True	False	False	デッドインフェクション II	$time間、解除不可のウィルス感染源になります。周辺に持続ダメージを与える疾病を伝染し、耐性力が$H_W_GOOD5%$COLOR_END減少します。	icon_skills.plague_tex
701702	WeakeningEffect	True	False	False	デッドインフェクション III	$time間、解除不可のウィルス感染源になります。耐久力が $H_W_BAD5%$COLOR_END減少し、周囲7ｍ内の味方に疫病を伝染します。	icon_skills.plague_tex
701703	WeakeningEffect	True	False	False	デッドインフェクション IV	$time間、解除不可のウィルス感染源になります。耐久力が $H_W_BAD5%$COLOR_END減少し、周囲7ｍ内の味方に疫病を伝染します。	icon_skills.plague_tex
701704	WeakeningEffect	True	False	False	デッドインフェクション V	$time間、解除不可のウィルス感染源になります。耐久力が $H_W_BAD5%$COLOR_END減少し、周囲7ｍ内の味方に疫病を伝染します。	icon_skills.plague_tex
701705	WeakeningEffect	True	False	False	デッドインフェクション VI	$time間、解除不可のウィルス感染源になります。耐久力が $H_W_BAD5%$COLOR_END減少し、周囲7ｍ内の味方に疫病を伝染します。	icon_skills.plague_tex
701706	WeakeningEffect	True	False	False	デッドインフェクション VII	$time間、解除不可のウィルス感染源になります。耐久力が $H_W_BAD5%$COLOR_END減少し、周囲7ｍ内の味方に疫病を伝染します。	icon_skills.plague_tex
701707	WeakeningEffect	True	False	False	デッドインフェクション VIII	$time間、解除不可のウィルス感染源になります。耐久力が $H_W_BAD5%$COLOR_END減少し、周囲7ｍ内の味方に疫病を伝染します。	icon_skills.plague_tex
701708	WeakeningEffect	True	False	False	デッドインフェクション IX	$time間、解除不可のウィルス感染源になります。耐久力が $H_W_BAD5%$COLOR_END減少し、周囲7ｍ内の味方に疫病を伝染します。	icon_skills.plague_tex
701720	WeakeningEffect	True	False	False	デッドインフェクション I	$time間、解除不可のウィルス感染源になります。耐久力が $H_W_BAD5%$COLOR_END減少し、周囲7ｍ内の味方に疫病を伝染します。	icon_skills.plague_tex
701721	WeakeningEffect	True	False	False	デッドインフェクション II	$time間、解除不可のウィルス感染源になります。耐久力が $H_W_BAD5%$COLOR_END減少し、周囲7ｍ内の味方に疫病を伝染します。	icon_skills.plague_tex
701722	WeakeningEffect	True	False	False	デッドインフェクション III	$time間、解除不可のウィルス感染源になります。耐久力が $H_W_BAD5%$COLOR_END減少し、周囲7ｍ内の味方に疫病を伝染します。	icon_skills.plague_tex
701723	WeakeningEffect	True	False	False	デッドインフェクション IV	$time間、解除不可のウィルス感染源になります。耐久力が $H_W_BAD5%$COLOR_END減少し、周囲7ｍ内の味方に疫病を伝染します。	icon_skills.plague_tex
701724	WeakeningEffect	True	False	False	デッドインフェクション V	$time間、解除不可のウィルス感染源になります。耐久力が $H_W_BAD5%$COLOR_END減少し、周囲7ｍ内の味方に疫病を伝染します。	icon_skills.plague_tex
701725	WeakeningEffect	True	False	False	デッドインフェクション VI	$time間、解除不可のウィルス感染源になります。耐久力が $H_W_BAD5%$COLOR_END減少し、周囲7ｍ内の味方に疫病を伝染します。	icon_skills.plague_tex
701726	WeakeningEffect	True	False	False	デッドインフェクション VII	$time間、解除不可のウィルス感染源になります。耐久力が $H_W_BAD5%$COLOR_END減少し、周囲7ｍ内の味方に疫病を伝染します。	icon_skills.plague_tex
701727	WeakeningEffect	True	False	False	デッドインフェクション VIII	$time間、解除不可のウィルス感染源になります。耐久力が $H_W_BAD5%$COLOR_END減少し、周囲7ｍ内の味方に疫病を伝染します。	icon_skills.plague_tex
701728	WeakeningEffect	True	False	False	デッドインフェクション IX	$time間、解除不可のウィルス感染源になります。耐久力が $H_W_BAD5%$COLOR_END減少し、周囲7ｍ内の味方に疫病を伝染します。	icon_skills.plague_tex
701800	DamageOverTime	True	False	False	デッドインフェクション I	持続ダメージ$H_W_GOOD-1141$COLOR_ENDを受けます。	icon_skills.plague_tex
701801	DamageOverTime	True	False	False	デッドインフェクション II	持続ダメージ$H_W_BAD-1585$COLOR_ENDを受けます。	icon_skills.plague_tex
701802	DamageOverTime	True	False	False	デッドインフェクション III	持続ダメージ$H_W_BAD-2202$COLOR_ENDを受けます。	icon_skills.plague_tex
701803	DamageOverTime	True	False	False	デッドインフェクション IV	持続ダメージ$H_W_BAD-3059$COLOR_ENDを受けます。	icon_skills.plague_tex
701804	DamageOverTime	True	False	False	デッドインフェクション V	持続ダメージ$H_W_BAD-4248$COLOR_ENDを受けます。	icon_skills.plague_tex
701805	DamageOverTime	True	False	False	デッドインフェクション VI	持続ダメージ$H_W_BAD-5900$COLOR_ENDを受けます。	icon_skills.plague_tex
701806	DamageOverTime	True	False	False	デッドインフェクション VII	持続ダメージ$H_W_BAD-8194$COLOR_ENDを受けます。	icon_skills.plague_tex
701807	DamageOverTime	True	False	False	デッドインフェクション VIII	持続ダメージ$H_W_BAD-11380$COLOR_ENDを受けます。	icon_skills.plague_tex
701808	DamageOverTime	True	False	False	デッドインフェクション IX	持続ダメージ$H_W_BAD-15086$COLOR_ENDを受けます。	icon_skills.plague_tex
701820	DamageOverTime	True	False	False	デッドインフェクション I	持続ダメージ$H_W_BAD-141$COLOR_ENDを受け、HP回復量が$H_W_BAD10%$COLOR_END減少します。 	icon_skills.plague_tex
701821	DamageOverTime	True	False	False	デッドインフェクション II	持続ダメージ$H_W_BAD-196$COLOR_ENDを受け、HP回復量が$H_W_BAD10%$COLOR_END減少します。 	icon_skills.plague_tex
701822	DamageOverTime	True	False	False	デッドインフェクション III	持続ダメージ$H_W_BAD-272$COLOR_ENDを受け、HP回復量が$H_W_BAD10%$COLOR_END減少します。 	icon_skills.plague_tex
701823	DamageOverTime	True	False	False	デッドインフェクション IV	持続ダメージ$H_W_BAD-378$COLOR_ENDを受け、HP回復量が$H_W_BAD10%$COLOR_END減少します。 	icon_skills.plague_tex
701824	DamageOverTime	True	False	False	デッドインフェクション V	持続ダメージ$H_W_BAD-525$COLOR_ENDを受け、HP回復量が$H_W_BAD10%$COLOR_END減少します。 	icon_skills.plague_tex
701825	DamageOverTime	True	False	False	デッドインフェクション VI	持続ダメージ$H_W_BAD-729$COLOR_ENDを受け、HP回復量が$H_W_BAD10%$COLOR_END減少します。 	icon_skills.plague_tex
701826	DamageOverTime	True	False	False	デッドインフェクション VII	持続ダメージ$H_W_BAD-1012$COLOR_ENDを受け、HP回復量が$H_W_BAD10%$COLOR_END減少します。 	icon_skills.plague_tex
701827	DamageOverTime	True	False	False	デッドインフェクション VIII	持続ダメージ$H_W_BAD-1406$COLOR_ENDを受け、HP回復量が$H_W_BAD10%$COLOR_END減少します。 	icon_skills.plague_tex
701828	DamageOverTime	True	False	False	デッドインフェクション IX	持続ダメージ$H_W_BAD-1953$COLOR_ENDを受け、HP回復量が$H_W_BAD10%$COLOR_END減少します。 	icon_skills.plague_tex
701900	Buff	True	True	False	瞬間移動無敵	見えちゃだめ	icon_skills.voidtrap_tex
757001	Buff	False	False	False	見えてはいけない	見えてはいけない	icon_status.firedamage_tex
757002	Buff	True	False	True	燃え上がれ	ゴーレムの怒りによって、周囲が熱気に包まれます。半径21m以内にいる対象は「熱気」状態になります。	icon_status.firedamage_tex
757003	Buff	True	False	True	燃え上がれ	ゴーレムの怒りがピークに達し、体に火が付きました。半径3m以内にいる対象は「熱気」状態になります。	icon_status.firedamage_tex
757004	Stun	True	True	False	熱気	ゴーレムの熱気で体が溶けそうです。	icon_status.firedamage_tex
757005	Stun	True	False	False	不知火	溶岩の熱気により、体が焼けます。	icon_status.firedamage_tex
757006	Buff	True	True	False	焔の華	近づくと「熱気」状態となります。状態異常が解除されると強力な攻撃が広がります。	icon_skills.selfbuff_tex
757007	Stun	True	False	True	見えてはいけない	見えてはいけない（BTS登録要望）	icon_skills.selfbuff_tex
757008	Stun	True	True	False	見えてはいけない	見えてはいけない（BTS登録要望）	icon_skills.selfbuff_tex
757009	WeakeningEffect	False	True	False	消滅	異常状態ツールチップ表示不可(isShow=False)このツールチップが見えるとBTS処理必要！	icon_status.delaydamage_tex
757010	Buff	False	True	False	浮遊	異常状態ツールチップ表示不可(isShow=False)このツールチップが見えるとBTS処理必要！	icon_skills.godbreath_tex
757011	Buff	True	True	False	爆発の衝撃	魔石の爆発で衝撃を受けました。この効果が重複すると、ダウンする場合があります。	icon_skills.selfbuff_tex
757012	WeakeningEffect	True	False	False	ドカン	衝撃を受け続けたことにより、ダウンしました。	icon_status.minuscriticalresist_tex
757013	WeakeningEffect	False	False	False	封印剣	封印剣は持続的にHPが回復します。	icon_status.minuscriticalresist_tex
757014	DamageOverTime	True	False	False	見えてはいけない	見えてはいけない（BTS登録要望）	icon_status.minuscriticalresist_tex
757015	Buff	True	False	False	吸収	溶岩怪物が水蒸気を吸収しています。水蒸気を吸収する前に倒しましょう。	icon_skills.paralysistrap_tex
757016	Buff	True	True	True	硬くなる	溶岩怪物が水蒸気を吸収するために横たわっています。 耐久力が$H_W_GOOD900%$COLOR_END上昇します。	icon_status.dimensionguard_tex
757017	WeakeningEffect	True	True	True	アケロンの保護	アケロンの保護を受けています。	icon_skills.manashield_tex
757018	Stun	True	False	False	武器分解	熱気で防具が溶けだしました。	icon_status.balancedown_tex
757019	Stun	True	True	True	アケロンの視線	アケロンに指名されました。敵はどこまでもあなたを追うでしょう。	icon_status.plusattack_tex
757020	Buff	False	False	False	しっかり！	しっかり！	icon_status.minuscriticalresist_tex
757021	Buff	False	False	False	見えてはいけない	見えてはいけない（BTS登録要望）	icon_status.minuscriticalresist_tex
757022	Buff	True	True	False	アケロンの命令	アケロンの命令により、ぼ～っとしています。今が攻撃のチャンスです。	icon_status.diffusionabnormality_tex
757023	Buff	False	False	False	しっかり！	しっかり！	icon_status.minuscriticalresist_tex
757024	Buff	False	True	False	見えてはいけない	見えてはいけない（BTS登録要望）	icon_skills.selfbuff_tex
757025	DamageOverTime	False	False	True	見えてはいけない	見えてはいけない（BTS登録要望）	
757026	DamageOverTime	False	False	False	見えてはいけない	見えてはいけない（BTS登録要望）	
757027	Buff	False	True	False	見えてはいけない	見えてはいけない（BTS登録要望）	
757028	WeakeningEffect	True	True	False	息を大きく吸い込む	大きく息を吸い込んでいます。リアクション抵抗力が非常に減少します。	icon_status.darkriftarearage_tex
757029	Stun	True	False	True	アケロンの呪い[腐食]	アケロンの呪いで武器が腐食し始めます。	icon_skills.selfbuff_tex
757030	Buff	True	True	True	アケロンの祝福[腐食]	アケロンの祝福を受けて強くなります。 耐久力が$H_W_GOOD9900%$COLOR_END上昇します。	icon_status.plusedefence_tex
757031	Stun	True	False	True	アケロンの呪い[腐食]	アケロンの呪いで武器が腐食し始めます。	icon_skills.selfbuff_tex
757032	Stun	True	False	True	アケロンの呪い[腐食]	アケロンの呪いで武器が腐食し始めます。	icon_skills.selfbuff_tex
757033	Stun	True	False	True	アケロンの呪い[腐食]	アケロンの呪いで武器が腐食し始めます。	icon_skills.selfbuff_tex
757034	Buff	True	True	True	アケロンの祝福[頑固な体]	アケロンの祝福を受けて強くなります。耐久が$H_W_GOOD20%$COLOR_END上昇します。	icon_status.plusedefence_tex
757035	Buff	True	True	True	アケロンの祝福[頑固な体]	アケロンの祝福を受けて強くなります。耐久が$H_W_GOOD40%$COLOR_END上昇します。	icon_status.plusedefence_tex
757036	Buff	True	True	True	アケロンの祝福[頑固な体]	アケロンの祝福を受けて強くなります。耐久が$H_W_GOOD60%$COLOR_END上昇します。	icon_status.plusedefence_tex
757037	Buff	True	True	True	アケロンの祝福[頑固な体]	アケロンの祝福を受けて強くなります。耐久が$H_W_GOOD80%$COLOR_END上昇します。	icon_status.plusedefence_tex
757038	Buff	True	True	False	巫女の祝福	巫女の祝福を受けて強くなります。 攻撃力が$H_W_GOOD20%$COLOR_END上昇します。	icon_status.pluswill_tex
757039	Buff	True	False	False	聖剣 -グレイムの祝福	聖剣の祝福を受けて強くなります。攻撃力が$H_W_GOOD40%$COLOR_END上昇します。	
757040	Buff	True	False	False	聖剣 -グレイムの祝福	聖剣の祝福を受けて強くなります。攻撃力が$H_W_GOOD60%$COLOR_END上昇します。	
757041	Buff	True	False	False	聖剣 -グレイムの祝福	聖剣の祝福を受けて強くなります。攻撃力が$H_W_GOOD80%$COLOR_END上昇します。	
757042	Buff	True	True	False	聖剣 -グレイムの力	聖剣が弱くなるほど強くなります。攻撃力が$H_W_GOOD20%$COLOR_END上昇します。	icon_status.confusestatusnpc_tex
757043	Buff	True	True	False	使者の魂	死者の魂をグレイムの元に誘ってください。	icon_status.holybless_tex
757044	Buff	False	True	False	消滅	異常状態ツールチップ表示できない(isShow=False)このツールチップが見えればBTS処理必要!	icon_status.delaydamage_tex
757045	Buff	True	True	False	命令する	命令に気を取られています。スタンが使えるようになります。	icon_status.darkriftwill_tex
757046	Stun	True	False	False	スリーピングタッチ	深い眠りについています。攻撃を受けると目を覚まします。	icon_skills.sleepwind_tex
757047	Buff	False	True	True			
757048	Buff	False	True	True			
757049	Stun	True	False	False	闇の呪い[精神錯乱]	精神錯乱状態に陥りました！方向キーの入力時、移動方向が逆になります。	icon_status.confusestatuspc_tex
757050	Buff	True	True	True	アケロンの祝福[頑固な体]	アケロンの祝福を受けて強くなります。耐久が$H_W_GOOD9900%$COLOR_END上昇します。	icon_status.plusedefence_tex
757051	Buff	True	True	False	巫女の祝福[迅速]	巫女の祝福を受けて攻撃速度が$H_W_GOOD10%$COLOR_END上昇します。	icon_status.cruel_slayer_3_tex
757052	Buff	True	True	True	アケロンの誘い	アケロンの呼びかけと共に保護を受けています。保護を受けたダークリッパーは強くなります。	icon_skills.manashield_tex
757053	Buff	True	True	False	アケロンの祝福[狂暴]	アケロンの祝福を受けて狂暴になりました。	icon_status.darkriftgravity_tex
757054	Stun	True	False	False	出血	鋭い爪によって、怪我をしました。HPが持続的に減少します。	icon_status.blooduanty_tex
757055	Buff	False	True	True	見えてはいけない	見えてはいけない	icon_status.darkriftgravity_tex
757056	Buff	False	True	False	見えてはいけない	見えてはいけない	icon_status.darkriftgravity_tex
757057	Buff	False	True	False	見えてはいけない	見えてはいけない	icon_status.darkriftgravity_tex
757058	Buff	False	True	False	見えてはいけない	見えてはいけない	icon_status.darkriftgravity_tex
757059	Buff	False	True	False	見えてはいけない	見えてはいけない	icon_status.darkriftgravity_tex
760001	WeakeningEffect	True	False	False	ボンバーの標的	自爆兵に狙われています。	icon_skills.markingofarcher_tex
760002	Buff	False	True	False	浮遊	異常状態ToolTipが表示されない (isShow=False) このToolTipが見えたらBTS処理必要！	icon_skills.godbreath_tex
760003	WeakeningEffect	True	True	False	感電 - オーバーロード	ケリーヴァンの電撃により感電しています。負荷が高まると恐ろしいことになりそうです。水に近づかないように注意してください。 	icon_skills.excesselectron_tex
760004	Stun	False	True	False	感電ショック	電気ショックにより身体が思うように動きません。	icon_skills.electricshock_tex
760005	Stun	True	True	False	感電ショック	電気ショックにより身体が思うように動きません。	icon_skills.electricshock2_tex
760006	DamageOverTime	True	False	False	オーバーロードの衝撃	感電により、持続的にHPが減少します。	icon_status.fullelectriceffect_tex
760007	WeakeningEffect	False	True	False	ケリーヴァンの標的	ケリーヴァンに狙われています！ 素早く回避してください！	icon_skills.markingofarcher_tex
760008	WeakeningEffect	False	False	False	削除 -絶縁状態	見えたらBTS	icon_skills.electricshock_tex
760009	Stun	True	False	False	雷の怒り	あまりの恐怖で身動きが取れません。 誰かの手を借りないと死んでしまうかもしれません。	icon_status.electriccharge1_tex
760010	Buff	False	True	False	絶縁地帯	絶縁地帯	icon_skills.excesselectron_tex
760011	Buff	True	True	False	スリップ！	床一面に水が溜まっています！　「スリップ！」効果により移動速度が2倍に増加します！	icon_skills.kumas_frontjump_tex
760012	WeakeningEffect	False	False	False	削除 -内なる雷	見えたらBTS	icon_status.fullelectriceffect_tex
760013	WeakeningEffect	False	False	False	アラームエフェクト	見えたらBTS	icon_status.fullelectriceffect_tex
760015	WeakeningEffect	False	False	True	水床エフェクト	見えたらBTS	icon_status.fullelectriceffect_tex
760016	WeakeningEffect	True	True	False	気力爆発	モンスターが気力を振り絞り、力が上昇しています。その代わりに移動速度が遅くなります。	icon_status.firedamage_tex
760017	WeakeningEffect	False	True	True	弱化	気絶とスリープに対する抵抗が極端に低くなります。	icon_status.holybless_tex
760018	Stun	False	False	False	混乱	激しい揺れにより船酔いに陥りました！　【移動キー】入力時の移動方向が反対になります。	icon_status.confusestatuspc_tex
760019	Stun	True	False	False	恐怖	船が揺れて方向感覚を失いました！ 姿勢を制御できません！	icon_status.fearstatus_tex
760020	Stun	True	False	False	気絶	爆風の影響により防御力が30％減少します。	icon_status.confuseup_tex
760021	WeakeningEffect	False	False	True	アラームエフェクト	見えたらBTS	icon_status.fullelectriceffect_tex
760022	Stun	True	False	False	石化進行	ポリーペモスと目が合いました！ あまりの恐ろしさに体が硬直しています。	icon_status.sealskill_tex
760023	Stun	True	True	False	石化	ポリーペモスと目が合いました！ 体が動きません。	icon_status.sealskill_tex
760024	Stun	True	False	False	爆弾の火種	ポリーペモスの攻撃により体内に得体のしれない力が入り込みました。　今にも爆発しそうです！！	icon_skills.voidtrap_tex
760025	Buff	False	True	False	爆発 -移動式爆弾	爆発	icon_skills.voidtrap_tex
760026	Buff	False	True	False	爆発 -移動式爆弾	爆発	icon_skills.voidtrap_tex
760027	Buff	False	True	False	爆発 -移動式爆弾	爆発	icon_skills.voidtrap_tex
760028	Buff	False	True	False	爆発 -移動式爆弾	爆発	icon_skills.voidtrap_tex
760029	WeakeningEffect	False	True	True	先天	異常状態が見えたらBTS	icon_skills.markingofarcher_tex
760030	WeakeningEffect	False	True	True	透明人間の攻撃	異常状態が見えたらBTS	icon_skills.markingofarcher_tex
760031	WeakeningEffect	True	True	False	火炎地帯！	火炎地帯の中にいます！HPと移動速度が減少します。	icon_status.minusmove_tex
760032	Buff	True	True	False	魔法の火薬	魔法の火薬が全身に付着しています。	icon_status.firedamage_tex
768001	Buff	False	True	True	暗黒の宝玉	見えたらBTS	icon_status.firedamage_tex
768002	Buff	False	True	False	デュリオンテレポート	空間のどこかに消えている。	icon_status.calldimension_tex
768003	Buff	False	True	False			icon_status.calldimension_tex
768004	WeakeningEffect	True	True	False	宝玉の呪い	黒魔法の玉に飲み込まれました。HPが減少します。	icon_skills.darkexplosion_tex
768005	Buff	True	True	False	闇の結界	デュリオンが変形した黒魔石から力を吸収しています。急いでデュリオンを阻止してください！	icon_status.battlefieldbuff02_tex
768006	WeakeningEffect	True	True	False	黒魔法の束縛	デュリオンの黒魔法により身動きが取れません。	icon_status.staminadown_tex
768007	WeakeningEffect	False	True	True			
768008	WeakeningEffect	True	True	False	暗黒覇気	完全体デュリオンの黒魔法により身動きが取れません。	icon_status.staminadown_tex
768009	WeakeningEffect	True	True	False	貫通	デュリオンの槍に貫かれ動けません。	icon_status.blooduanty_tex
768010	WeakeningEffect	True	True	False	暗黒の鎖	デュリオンの鎖に捕えられました。	icon_status.positionswap_tex
768011	Buff	False	True	False			
768012	Buff	False	False	False	残酷な呪い	味方にダメージを与える醜い化け物になりました。 もう一度受けると、大変なことが起きそうです。	icon_status.darkriftdestroy_tex
768013	WeakeningEffect	True	True	False	注視	デュリオンが見ています。不吉です。	icon_skills.markingofarcher_tex
768014	WeakeningEffect	True	True	False	集中注視対象	デュリオンが見つめています。何か嫌な予感がします！	icon_skills.througharrow_tex
768015	WeakeningEffect	True	True	False	暗黒強化	魔石を食べて暗黒守護ゴーレムがさらに強くなりました！	icon_status.valrhona_devil_tex
768016	WeakeningEffect	True	False	False	黒魔法転移	完全体デュリオンの槍に貫かれて身動きがとれません。	icon_status.fearstatus_tex
768017	WeakeningEffect	False	False	False	宝玉主	玉に変わる異常状態	icon_skills.paralysistrap_tex
768018	WeakeningEffect	True	False	False	ラカンの呪い	ラカンの呪いを受けました。解除しないと死亡します。	icon_status.damagedown_tex
768019	WeakeningEffect	True	True	False	黒魔力集中	完全体デュリオンの黒魔法が周囲に集中しています。何か不吉な予感がします。	icon_status.minusfocus_tex
768020	Buff	True	True	False	魔力吸収	暗黒守護ゴーレムが変形した黒魔石から魔力を吸収しています。この時とても不安定なので、保護膜で自分を保護しています。	icon_status.immunedebuff_tex
768021	WeakeningEffect	True	True	False	魔力浸透	体に何かが満ちています。何かとんでもないことが起こりそうです。	icon_status.minusfocus_tex
768022	Buff	True	True	True	魔力チャージ	暗黒守護ゴーレムが変形した黒魔石から魔力を吸収し、エネルギーを確保しました。残酷な結果が待っています。	icon_status.cruel_slayer_2_tex
768023	Buff	False	True	False			
768024	Buff	True	True	False			
768025	Buff	True	True	False			
768026	Buff	True	True	False			
768027	Buff	True	True	False			
768028	Stun	True	True	False	絶望	絶望に満ちていた時間を思い出しました…酷いです。	icon_status.cruel_slayer_1_tex
768029	Stun	True	True	False	貪欲	貪欲から起きた酷い事件を思い出しました…酷いです。	icon_status.cruel_slayer_2_tex
768030	Stun	True	True	False	殺生	殺傷で死んでいった生命を思い出しました…酷いです。	icon_status.cruel_slayer_3_tex
768031	Stun	True	True	False	憎悪	憎悪から起きた数々のことを思い出しました…酷いです。	icon_status.cruel_slayer_4_tex
768032	Buff	False	False	False	絶望	戻る	
768033	Buff	False	False	False	貪欲	戻る	
768034	Buff	False	False	False	殺生	戻る	
768035	Buff	False	False	False	憎悪	戻る	
768036	Buff	False	True	False	呪い開始	呪いスタート確認	
768037	Stun	True	False	False	魔力	デュリオンの魔力により、HPが持続的に減少します。	icon_status.blooduanty_tex
768038	Buff	True	False	False	不安定な魔力	完全体デュリオンがラカンの力を借りて、魔力を爆発させました。完全体デュリオンの攻撃力、攻撃速度がさらに増加し、不安定な魔力に包まれます。もし、魔力を安定化する隙を与えてしまうと、防ぐ術がありません。	icon_status.darkriftarearage_tex
768039	WeakeningEffect	True	False	False	黒魔法の呪い	黒魔法の呪いにかかりました。呪いを解かないと大変なことが起こりそうです。	icon_status.cruel_slayer_3_tex
768040	Buff	False	False	False			
768041	Stun	True	False	False	不安定な魔力	デュリオンの魔力により、HPが持続的に減少します。	icon_status.minushp_tex
768042	Buff	True	True	False	黒魔力シールド	完全体デュリオンが邪悪な黒魔力で防御しています。	icon_skills.manashield_tex
768043	Buff	True	False	True	黒魔法	デュリオンが邪悪な黒魔法を使い防御力が上昇しています。	icon_status.plusedefence_tex
768044	Stun	True	True	False	ラカンの呪い	ラカンの呪いにかかりました。HPが持続的に減少し、3回以上呪いにかかると即死します。全てのパーティーメンバーに呪いが掛けられた場合、ラカンの権能が発動します。	icon_status.delayheal_tex
768045	WeakeningEffect	False	True	False			
768046	WeakeningEffect	False	True	False			
768047	Buff	True	True	True	安定した魔力（フェリーレイジ）	完全体デュリオンが魔石の魔力を覚醒しようとしています。	icon_status.darkriftarearage_tex
768048	WeakeningEffect	True	True	False	黒魔法転移	完全体デュリオンの槍に貫かれて身動きがとれません。	icon_status.fearstatus_tex
768049	Buff	False	True	False			
768050	WeakeningEffect	False	True	True	異常状態免疫	デバフ免疫	icon_skills.rampage_tex
776013	Buff	False	True	False	動く爆弾	お前は爆弾！　	icon_skills.voidtrap_tex
776014	Buff	False	True	False	動く爆弾	炸裂！　	icon_skills.voidtrap_tex
776015	Buff	False	True	False	動く爆弾	炸裂！　	icon_skills.voidtrap_tex
776017	Buff	True	False	False	闇の力	闇の力を得て凶暴化しました。	icon_status.angerwarrior_tex
776018	WeakeningEffect	True	True	False	闇の力チャージ	バルボサが闇の力を集める間、無防備状態になります。	icon_status.minushp_tex
776019	WeakeningEffect	False	False	True	2番部屋無敵効果	この扉は壊せません。	icon_status.darkriftrage_tex
776020	DamageOverTime	False	False	False	2番部屋扉破壊	間もなく扉が壊れます。	icon_status.fearstatus_tex
776021	WeakeningEffect	False	False	False	閃光とスタン	トゥンカが使用した閃光爆弾のため、前が見えません。	icon_status.confusestatusnpc_tex
776022	WeakeningEffect	True	False	False	朱い海賊団の罠	罠にかかりました。	icon_status.sealskill_tex
776023	WeakeningEffect	True	False	False	移動速度減少	移動速度が減少します。	icon_status.minusmove_tex
776024	Stun	True	False	False	闇の宿主	数秒後、周辺に広域ダメージを与えます。	icon_status.cruel_slayer_3_tex
776025	WeakeningEffect	True	False	False	闇の爆発	周辺に広域ダメージを与えます。	icon_status.cruel_slayer_2_tex
776026	DamageOverTime	True	False	False	闇のダメージ連鎖効果	闇の爆発によって、ダメージを受けます。	icon_status.cruel_slayer_2_tex
776027	WeakeningEffect	True	False	False			
776028	WeakeningEffect	False	False	False			
776029	WeakeningEffect	False	False	False			
776030	WeakeningEffect	False	False	False			
777001	Buff	True	True	False	完全な古代の狂気	クリティカル発生が$H_W_GOOD100％$COLOR_END上昇します。	icon_status.cruel_slayer_4_tex
777002	Buff	True	True	False	完全な古代の破壊力	攻撃力が$H_W_GOOD100％$COLOR_END上昇します。	icon_status.cruel_slayer_3_tex
777007	DamageOverTime	True	False	False	アルゴンパラサイト	全HPの$H_W_BAD50％$COLOR_ENDが減少します。	icon_status.delaydamage_tex
777009	WeakeningEffect	True	True	True	地下水路_1番部屋_集団ダメージ_解除_1	集団ダメージ_解除_1	icon_status.poisonstatus_tex
777010	WeakeningEffect	True	True	True	地下水路_1番部屋_集団ダメージ_解除_2	集団ダメージ_解除_2	icon_status.poisonstatus_tex
777014	DamageOverTime	True	False	False	アルゴンのウィルス	ウィルスに感染しました！　$H_W_BAD1$COLOR_END second毎に全HPの$H_W_BAD20％$COLOR_END、移動速度が$H_W_GOOD50%$COLOR_END減少します。また、目まいの効果を誘発します。$BRこの効果は解除できません。	icon_status.poisonstatus_tex
777015	WeakeningEffect	True	False	True	寄生虫誕生	もうすぐ卵が孵化します。	icon_status.poisonstatus_tex
777023	WeakeningEffect	True	True	True	孵化	フィトンの卵が孵化する準備ができました。	icon_status.cruel_slayer_3_tex
777026	Buff	True	False	False	女王の激怒	力が$H_W_GOOD200%$COLOR_END、攻撃速度が$H_W_GOOD20%$COLOR_END上昇します。	icon_status.plusattack_tex
777027	Buff	True	False	False	女王の激怒	力が$H_W_GOOD200%$COLOR_END、攻撃速度が$H_W_GOOD20%$COLOR_END上昇します。	icon_status.plusattack_tex
777028	Stun	False	False	False	インフェクション捕食	異常状態ツールチップ非表示（isShow=False）このツールチップが出たらBTS処理が必要です。	icon_status.cruel_slayer_3_tex
777029	WeakeningEffect	False	True	False	消滅	異常状態ツールチップ非表示（isShow=False）このツールチップが出たらBTS処理が必要です。	icon_status.delaydamage_tex
777032	Buff	True	False	False	進化：キルガル	キルガルがデモクロンのエネルギーにより強化されました。	icon_skills.paralysistrap_tex
777033	DamageOverTime	True	False	False	感染：デモクロンウィルス	デモクロンウィルスに感染しました。HPが持続的に減少します。	icon_status.minuscriticalresist_tex
777034	DamageOverTime	True	False	False	デモクロンの呪い	重複毎に力が$H_W_GOOD30%$COLOR_END上昇しますが、$H_W_BAD1$COLOR_END second毎に全HPの$H_W_BAD1％$COLOR_ENDが減少します。この効果は最大99回重複します。	icon_status.diseaseup_tex
777035	WeakeningEffect	True	False	False	均衡喪失	グレクトンがダウンした衝撃により均衡を失いました。	icon_status.minuscriticalresist_tex
777036	WeakeningEffect	True	False	False	デモクロンの証	デモクロンウィルスに体を蝕まれました。移動速度が減少し、デモクロンの標的になります。	icon_status.poisonup_tex
777037	Buff	True	True	False	デモクロンの証	効果中は回避及び移動系列スキルが使用できません。	icon_items.cancel_evade_potion_level_51_tex
777038	DamageOverTime	False	False	False	非表示	見えたらBTS登録してください。	icon_status.confuseup_tex
780001	WeakeningEffect	False	True	False	見えたらBTS	見えたらBTS	
780002	Stun	False	False	False	見えたらBTS	見えたらBTS	
780003	Buff	False	True	False	見えたらBTS	見えたらBTS	
780004	WeakeningEffect	False	True	False	見えたらBTS	見えたらBTS	
780005	Stun	False	False	False	見えたらBTS	見えたらBTS	
780100	DamageOverTime	False	True	False	見えたらBTS	見えたらBTS	
780101	WeakeningEffect	False	True	False	見えたらBTS	見えたらBTS	
780102	DamageOverTime	False	True	False	見えたらBTS	見えたらBTS	
780103	DamageOverTime	True	False	False	火傷	青い火炎が全身を巻き付けます！$H_W_BAD1$COLOR_END second毎に最大HPの$H_W_BAD5％$COLOR_ENDずつダメージを受けます。	icon_status.minusmp_tex
780104	WeakeningEffect	True	False	False	燃え上がる足	火炎が残した炎に触れて足が燃え上がります。移動速度が$H_W_BAD50％$COLOR_END減少します。	icon_skills.kumas_frontroll_tex
780105	WeakeningEffect	False	True	True	見えたらBTS	見えたらBTS	
780106	WeakeningEffect	False	True	False	見えたらBTS	見えたらBTS	
780200	DamageOverTime	True	False	False	強酸性胃液	強力な酸性の胃液により$H_W_BAD1$COLOR_END second毎に最大HPの$H_W_BAD5％$COLOR_ENDのダメージを受けます。	icon_status.poisonstatus_tex
780201	Stun	True	False	False	気絶	気絶した状態で動けません。	icon_status.confuseup_tex
780202	DamageOverTime	True	False	False	出血	斧に打たれて出血が発生しました。$H_W_BAD2$COLOR_END second1ごとに最大HPの$H_W_BAD1％$COLOR_ENDずつダメージを受けます。	icon_status.injuredbtdarkness_tex
780203	DamageOverTime	True	False	False	激しい出血	ヴェルデグの強力な一撃により激しい出血を起こしました。$H_W_BAD1$COLOR_END second毎に最大HPの$H_W_BAD10％$COLOR_ENDずつダメージを受けます。	icon_status.damagedown_tex
781001	DamageOverTime	True	True	False	ダルカンの種	ダルカンの種が蒔かれました！3重複で種が発芽して配下が召喚されます！この呪いは解除されません。	icon_status.injuredbtdarkness_tex
781002	DamageOverTime	True	False	False	無気力	スキル使用が不可能です。	icon_status.confuseup_tex
781003	Buff	True	False	False	喜ばしくない魅力	全ての敵があなたを攻撃しようとします！	icon_status.confuseup_tex
781004	Buff	True	False	False	鬼	鬼になりました！幽霊があなたを追いかけます！	icon_status.injuredbtdarkness_tex
781005	WeakeningEffect	False	False	False	見えてはいけない		
781006	Buff	False	True	True			
781007	Buff	False	True	True			
781008	Buff	False	True	True			
781009	Buff	False	True	True			
781010	WeakeningEffect	True	False	False	闇の破片	効果が解除されるまでの間、$H_W_BAD1$COLOR_END second毎に全HPの$H_W_BAD3％$COLOR_ENDが減少し、スキルを使用できません。 	icon_status.fearstatus_tex
781011	DamageOverTime	True	True	False	火傷	$H_W_BAD3$COLOR_END second1毎に全HPの$H_W_BAD3％$COLOR_ENDが減少します。ダルカンの炎は解除できません。	icon_status.firedamage_tex
781012	WeakeningEffect	False	False	False			
781013	WeakeningEffect	False	False	False			
781014	DamageOverTime	False	True	False			
781015	DamageOverTime	True	False	False			
781016	WeakeningEffect	True	True	False	デュリオンの狂気	復活のデュリオンが狂気に包まれていきます！攻撃力が10％増加し、防御力が5％減少します。	icon_skills.gatheringrage_tex
781017	DamageOverTime	False	True	False			
781018	DamageOverTime	True	False	False	デュリオンの呪い	$H_W_BAD17$COLOR_END second1毎に全HPの$H_W_BAD100％$COLOR_ENDが減少します。解除するためには浄化装置に接近してください！	icon_status.firedamage_tex
781019	Buff	True	True	False	呪い解除	デュリオンの呪いが解除されました！	icon_status.valrhona_sun_tex
781020	Buff	False	True	True			
781024	WeakeningEffect	True	True	False	暗黒の鎖	復活のデュリオンの鎖に捕えられました。	icon_status.positionswap_tex
781025	WeakeningEffect	True	True	False	暗黒の鎖	復活のデュリオンの鎖に捕えられました。	icon_status.positionswap_tex
781026	WeakeningEffect	True	True	False	黒魔法の呪い	黒魔法の呪いにかかりました。呪いを解かなければ凄惨な結果が待っています。	icon_status.cruel_slayer_3_tex
781027	WeakeningEffect	True	True	False	黒魔力集中	復活のデュリオンの黒魔法が周囲に集中しています。何か不吉な予感がします。	icon_status.minusfocus_tex
781028	Buff	True	True	False	黒魔力シールド	復活のデュリオンが邪悪な黒魔力で防御しています。	icon_skills.manashield_tex
781029	WeakeningEffect	True	True	False	暗黒覇気	復活のデュリオンの黒魔法により身動きが取れません。	icon_status.staminadown_tex
781030	WeakeningEffect	True	True	False	貫通	復活のデュリオンの槍に貫かれて身動きがとれません。黒魔法が体を侵していきます。	icon_status.blooduanty_tex
781031	WeakeningEffect	True	True	False	黒魔法転移	復活のデュリオンの槍に貫かれて身動きがとれません。黒魔法が体内に転移されて異常効果を誘発しています。	icon_status.fearstatus_tex
781032	WeakeningEffect	False	True	False			
781033	WeakeningEffect	True	True	False	黒魔法転移	復活のデュリオンの槍に貫かれて身動きがとれません。黒魔法が体内に転移されて異常効果を誘発しています。	icon_status.fearstatus_tex
781034	DamageOverTime	False	False	False			
781035	Buff	False	True	True			
781036	Buff	True	True	True	凶暴化	再び訪れた死の危機を前にして復活のダルカンが憤怒します。攻撃力が10％上昇し、移動速度が5％上昇します。	icon_status.archerspirit_tex
781037	WeakeningEffect	False	True	False			
781038	DamageOverTime	True	False	False	重圧感	神を相手にしている重圧感のせいで移動速度が低下します！解除可能です。	icon_status.archerspirit_tex
781039	WeakeningEffect	False	True	False			
781040	DamageOverTime	True	True	False	苦痛	神の攻撃で体力が持続的に減少致します。	icon_status.firedamage_tex
781041	DamageOverTime	True	True	False	赤味	赤味異常状態にかかりました。2重複すると死亡します。	icon_status.battlefieldbuff02_tex
781042	DamageOverTime	True	True	False	青味	青味異常状態にかかりました。2重複すると死亡します。	icon_status.battlefieldbuff01_tex
781043	Buff	False	True	False			
781044	DamageOverTime	True	True	False	予定された死	ラカンの強力な攻撃を受けました。まもなく死亡します。	icon_status.diseaseup_tex
781045	DamageOverTime	False	True	False			
781046	DamageOverTime	False	True	False			
781047	WeakeningEffect	False	True	False			
781048	WeakeningEffect	False	True	False			
781049	WeakeningEffect	False	True	False			
781050	WeakeningEffect	False	True	False			
781051	Buff	True	True	False	自爆	ラカンの攻撃を受けてしばらくすると爆発します。	icon_skills.explosiontrap_tex
781052	Buff	True	True	True	均衡	調和している状況を見たラカンが満足します。攻撃力、防御力、攻撃速度が上昇します。	icon_status.archerspirit_tex
781053	DamageOverTime	True	False	False	気絶	ラカンの攻撃を受けて、6秒間気絶します。この状態は解除できます。	icon_status.confuseup_tex
781054	WeakeningEffect	False	True	False			
781055	WeakeningEffect	True	True	False	盗み	ラカンの精気を盗み出して引っ張り回されないようになりました。	icon_skills.voidtrap_tex
781057	WeakeningEffect	False	True	False			
781058	WeakeningEffect	False	True	True			
781059	Buff	True	True	True	不均衡	均衡が破られてラカンが集中力を失います。防御力が減少します。	icon_status.fearstatus_tex
781060	DamageOverTime	True	True	False	火傷	ラカンの攻撃を受けて火傷を負いました。HPが持続的に減少します。	icon_status.firedamage_tex
781061	DamageOverTime	True	True	False	集中力欠落	ラカンの攻撃を受けて精神が朦朧とし、防御力が10％減少します。最大5回まで重複します。	icon_status.fearstatus_tex
781062	WeakeningEffect	False	True	True			
781063	Buff	False	True	False			
781064	Buff	False	True	False			
781065	DamageOverTime	False	False	False			
781066	DamageOverTime	True	True	False	予定された呪い	1分後呪いに変更されます。呪いに変わると、回復系のスキルを使用した際に回復の代わりにダメージを与えます。	icon_items.q_watch_tex
781067	DamageOverTime	True	True	False	祝福と言う名の呪い	呪いを受けました。回復系のスキルを使用すると味方にダメージを与えます。	icon_status.confusestatuspc_tex
781068	DamageOverTime	False	False	False			
781069	WeakeningEffect	False	True	False			
781070	WeakeningEffect	False	True	False			
781071	WeakeningEffect	False	True	False			
781072	WeakeningEffect	False	True	False			
781073	WeakeningEffect	False	True	False			
781074	WeakeningEffect	False	True	False			
781075	WeakeningEffect	False	True	False			
781076	Buff	False	True	False			
781077	WeakeningEffect	False	True	False			
781078	WeakeningEffect	False	True	False			
781079	Buff	True	True	False			
781080	Buff	False	True	False			
781081	WeakeningEffect	True	True	False	瞬間移動後遺症	瞬間移動の後遺症で30,000のダメージを受けます。	icon_status.firedamage_tex
781082	Buff	False	False	False			
781083	WeakeningEffect	True	True	False	集中注視対象	復活のデュリオンが見つめています。何か嫌な予感がします！	icon_skills.througharrow_tex
781084	Buff	False	True	False			
781085	WeakeningEffect	True	True	False	暗黒の鎖	復活のデュリオンの鎖に捕えられました。	icon_status.positionswap_tex
781086	WeakeningEffect	True	True	False	黒魔法の束縛	復活のデュリオンの黒魔法により身動きが取れません。	icon_status.staminadown_tex
781087	WeakeningEffect	True	True	False	暗黒覇気	復活のデュリオンの黒魔法により身動きが取れません。	icon_status.staminadown_tex
781088	WeakeningEffect	True	True	False	注視	復活のデュリオンが見つめています。不吉です。	icon_skills.markingofarcher_tex
781089	Buff	True	False	False	不安定な魔力	復活のデュリオンがラカンの力を借りて、魔力を爆発させました。復活のデュリオンの攻撃力、攻撃速度がさらに増加し、不安定な魔力に包まれます。もし、魔力を安定化する隙を与えてしまうと、防ぐ術がありません。	icon_status.darkriftarearage_tex
781090	Buff	True	True	False	内面のバリア	ラカンが内面世界に転換し、プレイヤーの攻撃を防御するバリアを生成しました。	icon_status.balanceup_tex
781091	Buff	False	True	False			
781092	WeakeningEffect	True	True	False			
781093	WeakeningEffect	True	False	False	ラカンの呪い	呪いにより、1秒毎にHPの30％が減少します。	icon_status.blooduanty_tex
781094	Buff	True	True	False	魂の世界への移動	魂の世界に転換し、ラカンがバリアを生成します。解除できます。	icon_skills.selfbuff_tex
781095	Buff	True	True	False	満足げなラカン	呪いにかかったあなたを見たラカンが満足しています。	icon_skills.selfbuff_tex
781096	Buff	False	True	False			
781097	Buff	True	False	False			
781098	Buff	False	True	False			
781099	DamageOverTime	True	True	False	気絶	ラカンの攻撃を受ける直前、強力な力があなたを襲い気絶させました。	icon_status.confuseup_tex
781100	Buff	False	True	False			
781101	Buff	False	True	False			
781102	Buff	False	True	False			
781103	Buff	True	True	False			
781104	Buff	False	True	False			
781105	Buff	False	True	False			
781106	Buff	False	True	False			
781107	Buff	False	True	False			
781108	Buff	False	True	False			
781109	DamageOverTime	False	False	False			
781110	Buff	False	False	False			
781111	WeakeningEffect	True	False	False	ラカンの種	ラカンがあなたに魔力の種を蒔きました。一定時間後、爆発します。	icon_status.heat_tex
781112	Buff	False	False	False			
781113	Buff	False	True	False			
781114	DamageOverTime	False	False	False			
781115	Buff	False	False	False			
781116	WeakeningEffect	True	False	False	ラカンの種	ラカンがあなたに魔力の種を蒔きました。一定時間後、爆発します。	icon_status.heat_tex
781117	Buff	False	False	False			
781118	Buff	False	True	False			
781119	Buff	True	True	False	魔力凝縮	ラカンが全滅スキルを発動させるために魔力を集めています。ラカンに睡眠系の攻撃を使用して、眠らせてください！	icon_status.windtyrant_tex
781120	Buff	False	True	False			
781121	Buff	False	True	False			
781122	Buff	False	True	False			
781123	Buff	False	True	False			
781124	Buff	False	True	False			
781125	Buff	True	True	True	ラカンの影響力	該当空間はラカンの支配圏です。ラカンの貪欲があなたの力を一部奪って行きます。よって、攻撃力が減少しました。	icon_status.minushp_tex
781126	Buff	False	True	True			
781127	WeakeningEffect	True	True	False	宝玉の呪い	黒魔法の玉に飲み込まれました。HPが減少します。	icon_skills.darkexplosion_tex
781131	Buff	False	True	False			
781132	Buff	False	True	False			
800100	Buff	True	True	False	リプロダクションウィンド I	吹き寄せる風に温もりを感じます。$H_W_GOOD2$COLOR_END second1毎にHPが回復します。	icon_skills.healingwind_tex
800101	Buff	True	True	False	リプロダクションウィンド II	吹き寄せる風に温もりを感じます。$H_W_GOOD2$COLOR_END second1毎にHPが回復します。	icon_skills.healingwind_tex
800102	Buff	True	True	False	リプロダクションウィンド III	吹き寄せる風に温もりを感じます。$H_W_GOOD2$COLOR_END second1毎にHPが回復します。	icon_skills.healingwind_tex
800103	Buff	True	True	False	リプロダクションウィンド IV	吹き寄せる風に温もりを感じます。$H_W_GOOD2$COLOR_END second1毎にHPが回復します。	icon_skills.healingwind_tex
800104	Buff	True	True	False	リプロダクションウィンド V	吹き寄せる風に温もりを感じます。$H_W_GOOD2$COLOR_END second1毎にHPが回復します。	icon_skills.healingwind_tex
800105	Buff	True	True	False	リプロダクションウィンド VI	吹き寄せる風に温もりを感じます。$H_W_GOOD2$COLOR_END second1毎にHPが回復します。	icon_skills.healingwind_tex
800106	Buff	True	True	False	リプロダクションウィンド VII	吹き寄せる風に温もりを感じます。$H_W_GOOD2$COLOR_END second1毎にHPが回復します。	icon_skills.healingwind_tex
800107	Buff	True	True	False	リプロダクションウィンド VIII	吹き寄せる風に温もりを感じます。$H_W_GOOD2$COLOR_END second1毎にHPが回復します。	icon_skills.healingwind_tex
800108	Buff	True	True	False	リプロダクションウィンド IX	吹き寄せる風に温もりを感じます。$H_W_GOOD2$COLOR_END second1毎にHPが回復します。	icon_skills.healingwind_tex
800200	Buff	True	True	False	魔力回復 I	$H_W_GOOD1$COLOR_END second毎にMPが$H_W_GOOD100$COLOR_END回復します。攻撃を受けたり、戦闘用スキルまたは戦闘用アイテムを使用すると、効果は即解除されます。	icon_skills.mpcharge_tex
800300	Buff	True	True	False	プロテクションアーマー I	最大$H_W_GOOD5111$COLOR_ENDのダメージを無効化します。効果持続中、ダウン/硬直状態になりません。最大値を超えると持続時間に関わらず即解除されます。	icon_skills.armorofprotection_tex
800301	Buff	True	True	False	プロテクションアーマー II	最大$H_W_GOOD7095$COLOR_ENDのダメージを無効化します。効果持続中、ダウン/硬直状態になりません。最大値を超えると持続時間に関わらず即解除されます。	icon_skills.armorofprotection_tex
800302	Buff	True	True	False	プロテクションアーマー III	最大$H_W_GOOD9803$COLOR_ENDのダメージを無効化します。効果持続中、ダウン/硬直状態になりません。最大値を超えると持続時間に関わらず即解除されます。	icon_skills.armorofprotection_tex
800303	Buff	True	True	False	プロテクションアーマー IV	最大$H_W_GOOD14282$COLOR_ENDのダメージを無効化します。効果持続中、ダウン/硬直状態になりません。最大値を超えると持続時間に関わらず即解除されます。	icon_skills.armorofprotection_tex
800304	Buff	True	True	False	プロテクションアーマー V	最大$H_W_GOOD39749$COLOR_ENDのダメージを無効化します。効果持続中、ダウン/硬直状態になりません。最大値を超えると持続時間に関わらず即解除されます。	icon_skills.armorofprotection_tex
800400	Buff	True	True	False	エンデュランスブレシング I	全てのデバフ抵抗が$H_W_GOOD5$COLOR_END上昇します。	icon_skills.resistancebless_tex
800500	Buff	True	True	False	プロテクションブレシング I	堅固な保護の祝福により、耐久力が$H_W_GOOD6$COLOR_END上昇します。	icon_skills.agilitybless_tex
800501	Buff	True	True	False	プロテクションブレシング II	堅固な保護の祝福により、耐久力が$H_W_GOOD11$COLOR_END上昇します。	icon_skills.agilitybless_tex
800600	Buff	False	True	False	ブレシングバルダー I	癒しと安らぎの中で、$H_W_GOOD2$COLOR_END second1毎にHPが回復します。	icon_skills.refreshbless_tex
800601	Buff	False	True	False	ブレシングバルダー II	癒しと安らぎの中で、$H_W_GOOD2$COLOR_END second1毎にHPが回復します。	icon_skills.refreshbless_tex
800602	Buff	False	True	False	ブレシングバルダー III	癒しと安らぎの中で、$H_W_GOOD2$COLOR_END second1毎にHPが回復します。	icon_skills.refreshbless_tex
800603	Buff	False	True	False	ブレシングバルダー IV	癒しと安らぎの中で、$H_W_GOOD2$COLOR_END second1毎にHPが回復します。	icon_skills.refreshbless_tex
800604	Buff	False	True	False	ブレシングバルダー V	癒しと安らぎの中で、$H_W_GOOD2$COLOR_END second1毎にHPが回復します。	icon_skills.refreshbless_tex
800700	Buff	False	True	False	魔力創出 I	異常状態ツールチップ非表示（isShow=False）このツールチップが出たらBTS処理が必要です。	icon_skills.useholywater_tex
800800	WeakeningEffect	True	False	False	フェリーエスケープ	聖なる力により、移動速度が$H_W_BAD0,5$COLOR_END減少します。	icon_skills.sanctuary_tex
800900	DamageOverTime	True	False	False	フィーブルプレディクション I	$H_W_BAD3$COLOR_END second1毎にHPが$H_W_BAD-136$COLOR_END減少します。	icon_skills.prophecyoflethargy_tex
800901	DamageOverTime	True	False	False	フィーブルプレディクション II	$H_W_BAD3$COLOR_END second1毎にHPが$H_W_BAD-193$COLOR_END減少します。	icon_skills.prophecyoflethargy_tex
800902	DamageOverTime	True	False	False	フィーブルプレディクション III	$H_W_BAD3$COLOR_END second1毎にHPが$H_W_BAD-284$COLOR_END減少します。	icon_skills.prophecyoflethargy_tex
800903	DamageOverTime	True	False	False	フィーブルプレディクション IV	$H_W_BAD3$COLOR_END second1毎にHPが$H_W_BAD-410$COLOR_END減少します。	icon_skills.prophecyoflethargy_tex
800904	DamageOverTime	True	False	False	フィーブルプレディクション V	$H_W_BAD3$COLOR_END second1毎にHPが$H_W_BAD-569$COLOR_END減少します。	icon_skills.prophecyoflethargy_tex
800905	DamageOverTime	True	False	False	フィーブルプレディクション VI	$H_W_BAD3$COLOR_END second1毎にHPが$H_W_BAD-786$COLOR_END減少します。	icon_skills.prophecyoflethargy_tex
800906	DamageOverTime	True	False	False	フィーブルプレディクション VII	$H_W_BAD3$COLOR_END second1毎にHPが$H_W_BAD-1145$COLOR_END減少します。	icon_skills.prophecyoflethargy_tex
800907	DamageOverTime	True	False	False	フィーブルプレディクション VIII	$H_W_BAD3$COLOR_END second1毎にHPが$H_W_BAD-1518$COLOR_END減少します。	icon_skills.prophecyoflethargy_tex
800920	DamageOverTime	True	False	False	フィーブルプレディクション I	$H_W_BAD3$COLOR_END second1毎にHPが$H_W_BAD-116$COLOR_END減少します。効果持続中、全近距離攻撃スキルのクールタイムが$H_W_BAD1,5$COLOR_END延長されます。	icon_skills.prophecyoflethargy_tex
800921	DamageOverTime	True	False	False	フィーブルプレディクション II	$H_W_BAD3$COLOR_END second1毎にHPが$H_W_BAD-161$COLOR_END減少します。効果持続中、全近距離攻撃スキルのクールタイムが$H_W_BAD1,5$COLOR_END延長されます。	icon_skills.prophecyoflethargy_tex
800922	DamageOverTime	True	False	False	フィーブルプレディクション III	$H_W_BAD3$COLOR_END second1毎にHPが$H_W_BAD-222$COLOR_END減少します。効果持続中、全近距離攻撃スキルのクールタイムが$H_W_BAD1,5$COLOR_END延長されます。	icon_skills.prophecyoflethargy_tex
800923	DamageOverTime	True	False	False	フィーブルプレディクション IV	$H_W_BAD3$COLOR_END second1毎にHPが$H_W_BAD-307$COLOR_END減少します。効果持続中、全近距離攻撃スキルのクールタイムが$H_W_BAD1,5$COLOR_END延長されます。	icon_skills.prophecyoflethargy_tex
800924	DamageOverTime	True	False	False	フィーブルプレディクション V	$H_W_BAD3$COLOR_END second1毎にHPが$H_W_BAD-423$COLOR_END減少します。効果持続中、全近距離攻撃スキルのクールタイムが$H_W_BAD1,5$COLOR_END延長されます。	icon_skills.prophecyoflethargy_tex
800925	DamageOverTime	True	False	False	フィーブルプレディクション VI	$H_W_BAD3$COLOR_END second1毎にHPが$H_W_BAD-585$COLOR_END減少します。効果持続中、全近距離攻撃スキルのクールタイムが$H_W_BAD1,5$COLOR_END延長されます。	icon_skills.prophecyoflethargy_tex
800926	DamageOverTime	True	False	False	フィーブルプレディクション VII	$H_W_BAD3$COLOR_END second1毎にHPが$H_W_BAD-819$COLOR_END減少します。効果持続中、全近距離攻撃スキルのクールタイムが$H_W_BAD1,5$COLOR_END延長されます。	icon_skills.prophecyoflethargy_tex
800927	DamageOverTime	True	False	False	フィーブルプレディクション VIII	$H_W_BAD3$COLOR_END second1毎にHPが$H_W_BAD-1086$COLOR_END減少します。効果持続中、全近距離攻撃スキルのクールタイムが$H_W_BAD1,5$COLOR_END延長されます。	icon_skills.prophecyoflethargy_tex
801000	Buff	True	True	False	ガーディアンサンクチュアリ I	遠距離攻撃によるダメージが$H_W_GOOD30%$COLOR_END減少し、状態弱化、持続ダメージデバフ抵抗が$H_W_GOOD100%$COLOR_END上昇し、行動不能デバフ抵抗数値が上昇します。	icon_skills.guardianaura_tex
801001	Buff	True	True	False	ガーディアンサンクチュアリ II	遠距離攻撃によるダメージが$H_W_GOOD30%$COLOR_END減少し、状態弱化、持続ダメージデバフ抵抗が$H_W_GOOD100%$COLOR_END上昇し、行動不能デバフ抵抗数値が上昇します。	icon_skills.guardianaura_tex
801100	Buff	True	True	False	リカバリーブレシング I	$H_W_GOOD1$COLOR_END second毎に全HPの$H_W_GOOD1.8％$COLOR_ENDが回復します。	icon_skills.restoration_tex
801101	Buff	True	True	False	リカバリーブレシング II	$H_W_GOOD1$COLOR_END second毎に全HPの$H_W_GOOD2％$COLOR_ENDが回復します。	icon_skills.restoration_tex
801200	Stun	True	False	False	イシャラソング I	深い眠りにつきました。ダメージを受けるとすぐに目覚めます。	icon_skills.lullabyoflshara_tex
801201	Stun	True	False	False	イシャラソング II	深い眠りにつきました。ダメージを受けるとすぐに目覚めます。	icon_skills.lullabyoflshara_tex
801202	Stun	True	False	False	イシャラソング III	深い眠りにつきました。ダメージを受けるとすぐに目覚めます。	icon_skills.lullabyoflshara_tex
801300	Buff	True	True	False	アルス I	均衡が$H_W_GOOD100%$COLOR_END上昇します。	icon_skills.recovery_tex
801301	Buff	True	True	False	アルス II	均衡が$H_W_GOOD100%$COLOR_END上昇します。	icon_skills.recovery_tex
801400	Buff	True	True	False	リプロダクションサンクチュアリ I	$H_W_GOOD1$COLOR_END second毎にHPが回復します。	icon_skills.sanctuaryofregeneration_tex
801401	Buff	True	True	False	リプロダクションサンクチュアリ II	$H_W_GOOD1$COLOR_END second毎にHPが回復します。	icon_skills.sanctuaryofregeneration_tex
801500	Buff	True	True	False	シークレッドサンダー I	力が$H_W_GOOD20$COLOR_END、攻撃速度が$H_W_GOOD8$COLOR_END上昇します。	icon_skills.divinelightning_tex
801501	Buff	True	True	False	シークレッドサンダー II	力が$H_W_GOOD28$COLOR_END、攻撃速度が$H_W_GOOD8$COLOR_END上昇します。	icon_skills.divinelightning_tex
801502	Buff	True	True	False	シークレッドサンダー III	力が$H_W_GOOD36$COLOR_END、攻撃速度が$H_W_GOOD8$COLOR_END上昇します。	icon_skills.divinelightning_tex
801503	Buff	True	True	False	シークレッドサンダー VI	力が$H_W_GOOD40$COLOR_END、攻撃速度が$H_W_GOOD8$COLOR_END上昇します。	icon_skills.divinelightning_tex
801550	Buff	False	True	False	シークレッドサンダー_エフェクト_表示専用	異常状態ツールチップ非表示（isShow=False）このツールチップが出たらBTS処理が必要です。	icon_skills.divinelightning_tex
801600	Buff	True	True	False	ヒーリングフェザー I	$H_W_GOOD1$COLOR_END second毎にHPが$H_W_GOOD625$COLOR_END回復します。	icon_skills.curewing_tex
801601	Buff	True	True	False	ヒーリングフェザー I	$H_W_GOOD1$COLOR_END second毎にHPが$H_W_GOOD625$COLOR_END回復します。	icon_skills.curewing_tex
801650	Buff	False	True	False	ヒーリングフェザー_エフェクト_表示専用	異常状態ツールチップ非表示（isShow=False）このツールチップが出たらBTS処理が必要です。	icon_skills.curewing_tex
801700	Buff	True	True	False	リザレクションサイン I	効果持続中、死亡時に即復活します。	icon_skills.selfpreresurrection_tex
801800	Buff	False	True	False	マナレジェン	異常状態ツールチップ非表示（isShow=False）このツールチップが出たらBTS処理が必要です。	
801801	Buff	False	True	False	マナレジェン	異常状態ツールチップ非表示（isShow=False）このツールチップが出たらBTS処理が必要です。	
801802	Buff	False	True	False	マナレジェン	異常状態ツールチップ非表示（isShow=False）このツールチップが出たらBTS処理が必要です。	
801900	Stun	False	False	False	ゴッドブレス I	敵を空中に浮かばせます(見えない異常状態)	icon_skills.godbreath_tex
801901	Buff	False	True	False	ゴッドブレス I	敵を空中に浮かせます。(見えない異常状態)	
801920	Stun	False	False	False	ゴッドブレス I	敵を空中に浮かばせます(見えない異常状態)	icon_skills.godbreath_tex
802000	Buff	False	True	False	ライフセーブ I	前方にいる味方を自分の前に召喚します。(見えない異常状態)	icon_skills.shocktrap_tex
802001	Buff	False	True	False	ライフセーブ I	前方にいる味方を自分の前に召喚します。(見えない異常状態) 	icon_skills.attackup_tex
805100	Buff	True	True	False	ブレシングアルン I	アルンの祝福を受け、非戦闘状態での移動速度が$H_W_GOOD10$COLOR_END上昇します。	icon_skills.attackup_tex
805101	Buff	True	True	False	ブレシングアルン II	アルンの祝福を受け、非戦闘状態での移動速度が$H_W_GOOD10$COLOR_END上昇し、力が $H_W_GOOD17$COLOR_END上昇します。	icon_skills.attackup_tex
805102	Buff	True	True	False	ブレシングアルン III	アルンの祝福を受け、非戦闘状態での移動速度が$H_W_GOOD10$COLOR_END上昇し、力が $H_W_GOOD25$COLOR_END上昇します。	icon_skills.attackup_tex
805600	Buff	True	True	False	ブレシングシャラ I	シャラの祝福を受け、$H_W_GOOD2秒$COLOR_END毎にHPが持続的に回復され、耐久力が6上昇します。	icon_skills.agilitybless_tex
805601	Buff	True	True	False	ブレシングシャラ II	シャラの祝福を受け、$H_W_GOOD2秒$COLOR_END毎にHPが持続的に回復され、耐久力が6上昇します。	icon_skills.agilitybless_tex
805602	Buff	True	True	False	ブレシングシャラ III	シャラの祝福を受け、$H_W_GOOD2秒$COLOR_END毎にHPが持続的に回復され、耐久力が6、全ての状態異常抵抗が5上昇します。	icon_skills.agilitybless_tex
805603	Buff	True	True	False	ブレシングシャラ IV	シャラの祝福を受け、$H_W_GOOD2秒$COLOR_END毎にHPが持続的に回復され、耐久力が11、全ての状態異常抵抗が5上昇します。	icon_skills.agilitybless_tex
805604	Buff	True	True	False	ブレシングシャラ V	シャラの祝福を受け、$H_W_GOOD2秒$COLOR_END毎にHPが持続的に回復され、耐久力が11、全ての状態異常抵抗が5上昇します。	icon_skills.agilitybless_tex
806001	Buff	False	True	True	ゾンビ出血	見えない異常状態	
806002	Buff	False	True	False	ゾンビ出血解除	見えない異常状態	
808101	Stun	True	False	False	黒魔法の呪い[混乱]	精神錯乱状態に陥りました！　【移動キー】入力時の移動方向が反対になります。$BRこの効果は解除できません。	icon_status.plusedefence_tex
808102	Stun	True	False	False	黒魔法解除	黒魔法を解除すると、ネームドモンスターが気絶します。	icon_status.fearstatus_tex
808103	DamageOverTime	True	False	False	黒魔法の呪い[中毒]	黒魔法の影響で、全HPの$H_W_BAD80％$COLOR_ENDにあたるHPが0.1秒後に減少します。この効果は解除できません。	icon_status.poisonstatus_tex
808104	WeakeningEffect	True	True	False	強力な黒魔法	ダメージを受けず、異常状態になりません。	icon_skills.voidtrap_tex
808105	Buff	True	True	True	暴走する黒魔法	黒魔法が暴走して攻撃力$H_W_BAD$value％$COLOR_ENDと攻撃速度が$H_W_BAD$value2％$COLOR_END上昇します。	icon_status.poisonstatus_tex
808106	Buff	True	False	True	黒魔法石	アークデヴァ魔術師が召喚した黒魔法石。強力な黒魔法のエネルギーを秘めている。	icon_status.poisonstatus_tex
808107	Buff	True	True	False	不死の黒魔法	耐久力が$H_W_GOOD100%$COLOR_END上昇します。	icon_status.immunedebuff_tex
808108	WeakeningEffect	True	True	False	ガマ無敵	トビンは戦闘対象ではありません。	
808109	DamageOverTime	True	False	False	黒魔法の呪い	$H_W_BAD1$COLOR_END second毎にHPが $H_W_BAD$min$COLOR_ENDずつ減少します。効果は最大5回まで重複します。	icon_skills.venomarrow_tex
810001	Buff	True	False	True	未知なる古代神の力	未知なる古代神の力	icon_status.confusedown_tex
810002	Buff	True	True	False	知られざる古代神の力	知られざる古代神の力	icon_status.plushp_tex
811060	Buff	True	True	False	透明変身ポーション	考古学研究所で手に入る透明変身ポーションを飲むと適用される透明変身状態です。	icon_items.solventa12_tex
811061	Buff	True	True	False	古い透明変身ポーション	10年前から残っている透明変身ポーション。今では、すっかり発酵してしまっている。飲めば飲むほど胃がムカムカする。	icon_items.solventa12_tex
811062	WeakeningEffect	False	True	False	透明変身状態解除		icon_skills.voidtrap_tex
813001	Buff	True	True	True			
813002	Buff	True	True	False	強力な守護者の力	スキル攻撃力が$H_W_GOOD20％$COLOR_END上昇します。	icon_status.cruel_slayer_3_tex
813003	Buff	True	True	False	強力な守護者の回復力	$H_W_GOOD2$COLOR_END second1毎に全HPの$H_W_GOOD4％$COLOR_ENDが回復します。	icon_status.aura_of_regeneration_hp_tex
821100	WeakeningEffect	True	False	True	シオズの叫び	シオズの魂が身体を束縛している。攻撃速度が$H_W_BAD50%$COLOR_END減少します。	icon_status.positionswap_tex
821101	WeakeningEffect	True	True	False	同情	彼女を苦しみから解放するために、倒さなければなりません……。どうして、こんな事に…。	icon_socials.social_010_tex
830001	Buff	True	True	False	リアクション抵抗	リアクション抵抗確率上昇	icon_skills.voidtrap_tex
830002	WeakeningEffect	True	False	False	防御力減少	防御力減少	icon_skills.armorbreak_tex
830003	Buff	True	True	False	防御力上昇	防御力上昇	icon_skills.voidtrap_tex
830004	Buff	True	True	True	戦士の祝福	毎秒全MPの5％回復します。	icon_status.buff_of_kaia_tex
830005	Buff	True	True	False	透明化用	しばらく姿が見えなくなります。	icon_status.staminadown_tex
830006	Buff	False	True	False	透明化解除	透明化解除	icon_status.staminadown_tex
830007	Stun	True	False	False	スノーマン	体が凍りつき、スノーマンになりました！	icon_items.snowman_scroll_tex
830008	Stun	True	True	False	スノーマン抵抗	しばらくの間スノーマンになりません	icon_items.snowman_scroll_tex
830009	Stun	True	False	False	気絶	気絶しているため、動けません。	icon_status.confuseup_tex
830010	DamageOverTime	True	False	False	猛毒	$H_W_BAD2$COLOR_END second1毎に全HPの$H_W_BAD3％$COLOR_ENDが持続的に減少します。	icon_status.poisonstatus_tex
830011	DamageOverTime	False	True	False	バフ	見えてはいけない（BTS登録要望）	icon_status.poisonstatus_tex
830012	Buff	True	True	False	攻撃力増加	効果が重複する毎に攻撃力が$H_W_GOOD10％$COLOR_END、攻撃速度が$H_W_GOOD2％$COLOR_END上昇します。この効果を解除することはできません。	icon_status.plusattack_tex
830013	Buff	False	True	False	透明化用	しばらく姿が見えなくなります。	icon_status.staminadown_tex
830014	WeakeningEffect	False	True	False	透明化用1	しばらく姿が見えなくなります。	icon_skills.markingofarcher_tex
830015	Buff	True	True	True	見えない支援	攻撃速度が上昇します。プリースト、エレメンタリストにのみ適用。	icon_status.cruel_slayer_4_tex
830016	Stun	True	True	False	石化	ポリーペモスの目を正面から見ました！体が固まり動けません。	icon_status.sealskill_tex
830017	Stun	True	False	False	混沌！	恐怖に陥れ逃走しています！	icon_skills.spiritofconfusion_tex
830018	Buff	True	True	False	透明化用	しばらく姿が見えなくなります。	icon_status.staminadown_tex
830019	Buff	False	False	False	競技場優勝	あなたは見事な戦士です。	icon_status.staminaup_tex
830020	Stun	True	True	False	混沌抵抗	しばらく混沌状態になりません。	icon_skills.spiritofconfusion_tex
830021	WeakeningEffect	False	False	False	クエスト用	クエスト用	icon_status.poisonstatus_tex
830022	Buff	False	True	True	天空の競技場(ソロ)：ヘビーガンナー	異常状態ツールチップ表示されない（isShow=False）このツールチップが出たらBTS処理必要！	icon_status.diseaseup_tex
830023	Buff	False	True	True	天空の競技場(ソロ)：ランサー	異常状態ツールチップ表示されない（isShow=False）このツールチップが出たらBTS処理必要！	icon_status.diseaseup_tex
830024	Buff	False	True	True	天空の競技場(ソロ)：アーチャー	異常状態ツールチップ表示されない（isShow=False）このツールチップが出たらBTS処理必要！	icon_status.diseaseup_tex
830025	Buff	False	True	True	天空の競技場(ソロ)：ソウルリーパー	異常状態ツールチップ表示されない（isShow=False）このツールチップが出たらBTS処理必要！	icon_status.diseaseup_tex
830026	Buff	False	True	True	天空の競技場(ソロ)：ソーサラー	異常状態ツールチップ表示されない（isShow=False）このツールチップが出たらBTS処理必要！	icon_status.diseaseup_tex
830027	Buff	False	True	True	天空の競技場(ソロ)：スレイヤー	異常状態ツールチップ表示されない（isShow=False）このツールチップが出たらBTS処理必要！	icon_status.diseaseup_tex
830028	Buff	False	True	True	天空の競技場(ソロ)：エレメンタリスト	異常状態ツールチップ表示されない（isShow=False）このツールチップが出たらBTS処理必要！	icon_status.diseaseup_tex
830029	Buff	False	True	True	天空の競技場(ソロ)：プリースト	異常状態ツールチップ表示されない（isShow=False）このツールチップが出たらBTS処理必要！	icon_status.diseaseup_tex
830030	Buff	False	True	True	天空の競技場(ソロ)：バーサーカー	異常状態ツールチップ表示されない（isShow=False）このツールチップが出たらBTS処理必要！	icon_status.diseaseup_tex
830031	Buff	False	True	True	天空の競技場(ソロ)：ファイター	異常状態ツールチップ表示されない（isShow=False）このツールチップが出たらBTS処理必要！	icon_status.diseaseup_tex
830032	Buff	False	True	True	天空の競技場(ソロ)：ウォーリアー	異常状態ツールチップ表示されない（isShow=False）このツールチップが出たらBTS処理必要！	icon_status.diseaseup_tex
830033	Buff	False	True	True	天空の競技場(ソロ)：くノ一	異常状態ツールチップ表示されない（isShow=False）このツールチップが出たらBTS処理必要！	icon_status.diseaseup_tex
830034	Buff	False	True	True	ソロダンジョン_バランス補正(ソーサラー)	異常状態ツールチップ表示されない（isShow=False）このツールチップが出たらBTS処理必要！	icon_status.minuscriticalresist_tex
830035	Buff	False	True	True	ソロダンジョン_バランス補正(アーチャー)	異常状態ツールチップ表示されない（isShow=False）このツールチップが出たらBTS処理必要！	icon_status.minuscriticalresist_tex
830036	Buff	False	True	True	ソロダンジョン_バランス補正(プリースト/エレメンタリスト)	異常状態ツールチップ表示されない（isShow=False）このツールチップが出たらBTS処理必要！	icon_status.minuscriticalresist_tex
830037	Buff	False	False	False	ソロダンジョン_クリア	異常状態ツールチップ表示されない（isShow=False）このツールチップが出たらBTS処理必要！	icon_status.diseaseup_tex
830038	Buff	True	True	True	スイカの破壊者	スイカを素早く破壊したい思いが湧き、移動速度が $H_W_GOOD20$COLOR_ENDほど上昇します。	icon_status.darkriftdestroy_tex
830039	Buff	True	True	True	観衆の応援	苦しいあなたの名前を呼び、観衆が叫んでいます。力が$H_W_GOOD300%$COLOR_END、耐久力が$H_W_GOOD300%$COLOR_END、攻撃速度が$H_W_GOOD20%$COLOR_END上昇します。追加で移動速度も$H_W_GOOD10$COLOR_END上昇します。	icon_skills.godbreath_tex
830040	Buff	False	True	True	敵対値抵抗	異常状態ツールチップ表示されない（isShow=False）このツールチップが出たらBTS処理必要！	icon_status.darkriftdestroy_tex
830041	DamageOverTime	True	False	False	猛毒	致命的な毒に中毒され$H_W_BAD1$COLOR_END second毎に全体HP対比$H_W_BAD1%$COLOR_ENDに及ぶHPが持続的に減少します。	icon_status.poisonstatus_tex
830042	Buff	False	True	False	樽エフェクト用	異常状態ツールチップ表示されない（isShow=False）このツールチップが出たらBTS処理必要！	icon_status.poisonstatus_tex
830043	DamageOverTime	True	False	False	猛毒	クリティカルな毒に中毒され$H_W_BAD3$COLOR_END second1毎に全体 HP対比 $H_W_BAD5%$COLOR_ENDにHPが持続的に減少します。	icon_status.poisonstatus_tex
830044	Buff	False	True	True	天空の闘技場(ソロ)：ムーングレイバー	異常状態ツールチップ表示なし(isShow=False)このツールチップが見えたらBTS処理が必要！	icon_status.diseaseup_tex
860001	WeakeningEffect	True	False	False	ボンバーの標的	自爆兵に狙われています。	icon_skills.markingofarcher_tex
860002	Buff	False	True	False	浮遊	異常状態ToolTipが表示されない (isShow=False) このToolTipが見えたらBTS処理必要！	icon_skills.godbreath_tex
860003	WeakeningEffect	True	True	False	感電 - オーバーロード	ケリーヴァンの電撃により感電しています。負荷が高まると恐ろしいことになりそうです。水に近づかないように注意してください。 	icon_skills.excesselectron_tex
860004	Stun	False	True	False	感電ショック	電気ショックにより身体が思うように動きません。	icon_skills.electricshock_tex
860005	Stun	True	True	False	感電ショック	電気ショックにより身体が思うように動きません。	icon_skills.electricshock2_tex
860006	DamageOverTime	True	False	False	オーバーロードの衝撃	感電により、持続的にHPが減少します。	icon_status.fullelectriceffect_tex
860007	WeakeningEffect	False	True	False	ケリーヴァンの標的	ケリーヴァンに狙われています！ 素早く回避してください！	icon_skills.markingofarcher_tex
860008	WeakeningEffect	False	False	False	削除 -絶縁状態	見えたらBTS	icon_skills.electricshock_tex
860009	Stun	True	False	False	雷の怒り	あまりの恐怖で身動きが取れません。 誰かの手を借りないと死んでしまうかもしれません。	icon_status.electriccharge1_tex
860010	Buff	False	True	False	絶縁地帯	絶縁地帯	icon_skills.excesselectron_tex
860011	Buff	True	True	False	スリップ！	床一面に水が溜まっています！　「スリップ！」効果により移動速度が2倍に増加します！	icon_skills.kumas_frontjump_tex
860012	WeakeningEffect	False	False	False	削除 -内なる雷	見えたらBTS	icon_status.fullelectriceffect_tex
860013	WeakeningEffect	False	False	False	アラームエフェクト	見えたらBTS	icon_status.fullelectriceffect_tex
860015	WeakeningEffect	False	False	True	水床エフェクト	見えたらBTS	icon_status.fullelectriceffect_tex
860016	WeakeningEffect	True	True	False	気力爆発	モンスターが気力を振り絞り、力が上昇しています。その代わりに移動速度が遅くなります。	icon_status.firedamage_tex
860017	WeakeningEffect	False	True	True	弱化	気絶とスリープに対する抵抗が極端に低くなります。	icon_status.holybless_tex
860018	Stun	False	False	False	混乱	激しい揺れにより船酔いに陥りました！　【移動キー】入力時の移動方向が反対になります。	icon_status.confusestatuspc_tex
860019	Stun	True	False	False	恐怖	船が揺れて方向感覚を失いました！ 姿勢を制御できません！	icon_status.fearstatus_tex
860020	Stun	True	False	False	気絶	爆風の影響により防御力が30％減少します。	icon_status.confuseup_tex
860021	WeakeningEffect	False	False	True	アラームエフェクト	見えたらBTS	icon_status.fullelectriceffect_tex
860022	Stun	True	False	False	石化進行	ポリーペモスと目が合いました！ あまりの恐ろしさに体が硬直しています。	icon_status.sealskill_tex
860023	Stun	True	True	False	石化	ポリーペモスの目を正面から見ました！体が固まり動けません。	icon_status.sealskill_tex
860024	Stun	True	False	False	爆弾の火種	ポリーペモスの攻撃により体内に得体のしれない力が入り込みました。　今にも爆発しそうです！！	icon_skills.voidtrap_tex
860025	Buff	False	True	False	爆発 -移動式爆弾	爆発	icon_skills.voidtrap_tex
860026	Buff	False	True	False	爆発 -移動式爆弾	爆発	icon_skills.voidtrap_tex
860027	Buff	False	True	False	爆発 -移動式爆弾	爆発	icon_skills.voidtrap_tex
860028	Buff	False	True	False	爆発 -移動式爆弾	爆発	icon_skills.voidtrap_tex
860029	WeakeningEffect	False	True	True	先天	異常状態が見えたらBTS	icon_skills.markingofarcher_tex
860030	WeakeningEffect	False	True	True	透明人間の攻撃	異常状態が見えたらBTS	icon_skills.markingofarcher_tex
860031	WeakeningEffect	True	True	False	火炎地帯！	火炎地帯の中にいます！HPと移動速度が減少します。	icon_status.minusmove_tex
860032	Buff	True	True	False	魔法の火薬	魔法の火薬が全身に付着しています。	icon_status.firedamage_tex
860033	WeakeningEffect	False	True	True	先天	異常状態が見えたらBTS	icon_skills.markingofarcher_tex
860034	WeakeningEffect	False	True	True	先天	異常状態が見えたらBTS	icon_skills.markingofarcher_tex
884100	Buff	False	True	False	破滅の憤怒	ケルサイクが怒り狂っています！　もはや何人といえどもケルサイクを止めることはできません……。	
900100	WeakeningEffect	True	False	False	コンボ攻撃による移動速度の減少	移動速度が$H_W_BAD0,5$COLOR_END減少します。	icon_status.minusmove_tex
900110	WeakeningEffect	True	False	False	コンボ攻撃による移動速度の減少	移動速度が$H_W_BAD0,5$COLOR_END減少します。	icon_status.minusmove_tex
900200	WeakeningEffect	True	False	False	コンボ攻撃による移動速度の減少	移動速度が$H_W_BAD0,5$COLOR_END減少します。	icon_status.minusmove_tex
900210	WeakeningEffect	True	False	False	コンボ攻撃による移動速度の減少	移動速度が$H_W_BAD0,5$COLOR_END減少します。	icon_status.minusmove_tex
900300	WeakeningEffect	False	True	True	スキルチャージによる移動速度の減少	移動速度が$H_W_BAD0,5$COLOR_END減少します。チャージ中のスキルを使用したり、ダウンすると解除されます。	icon_status.minusmove_tex
900400	Buff	True	True	False	勇将の祝福	$H_W_GOOD1$COLOR_END second毎に全MPの$H_W_GOOD2％$COLOR_ENDが回復します。	icon_skills.mpcharge_tex
900401	Buff	True	True	False	勇将の祝福	$H_W_GOOD1$COLOR_END second毎に全MPの$H_W_GOOD2％$COLOR_ENDが回復します。	icon_skills.mpcharge_tex
900500	Buff	True	True	False	勇将の守護	異常状態ツールチップ非表示（isShow=False）このツールチップが出たらBTS処理が必要です。	icon_skills.healarea_tex
900501	Buff	True	True	False	勇将の守護	異常状態ツールチップ非表示（isShow=False）このツールチップが出たらBTS処理が必要です。	icon_skills.healarea_tex
905000	WeakeningEffect	False	False	True	水泳中…	水泳中は、一部の戦闘スキル及びアイテムを使用できません。	icon_skills.swimming_tex
905401	Buff	True	True	True	オルカの雷隠	空間のどこかに消えている。	icon_status.calldimension_tex
905402	Buff	True	True	False			icon_status.calldimension_tex
905403	WeakeningEffect	True	True	False	オルカの電撃	オルカの電撃により、$H_W_BAD2$COLOR_END second1毎に全HPの$H_W_BAD%$COLOR_ENDHPが持続的に減少します。	icon_status.electriceffect1_tex
905404	WeakeningEffect	False	True	False			
905405	WeakeningEffect	False	True	False			
905406	Buff	False	True	False			
905407	WeakeningEffect	False	False	False	オルカの電撃		icon_status.electriceffect3_tex
905408	Stun	True	False	False	オルカの電気ショック	オルカの電撃によりスキルを使用できません。	icon_status.electriceffect3_tex
905409	WeakeningEffect	True	True	False	オルカのバリア	強力なバリアによって保護を受けています。	icon_status.immunedebuff_tex
905410	WeakeningEffect	True	True	True			icon_status.immunedebuff_tex
905411	Stun	False	False	False			
905412	Stun	False	False	False			
905413	Buff	True	True	True	神格化	強力な気運によりオルカの力と速度を限界まで引き上げた代わりに、防御力が$H_W_BAD35%$COLOR_END減少します。	icon_status.plusattack_tex
905414	Stun	True	False	False	水に濡れた体	オルカが電撃に激しく反応している。 	icon_status.minushp_tex
905415	Stun	False	False	False			
905416	Buff	True	True	False	オルカの電磁波	オルカの電磁波の影響で周囲の範囲内にいる仲間たちに全HPの$H_W_BAD30%$COLOR_ENDが持続的に減少します。	icon_status.electriccharge3_tex
905417	Buff	True	True	False	オルカの電磁波	オルカの電磁波の影響で周囲の範囲内にいる仲間たちに全HPの$H_W_BAD30%$COLOR_ENDが持続的に減少します。	icon_status.electriccharge3_tex
905418	Buff	True	True	False	オルカの電磁波	オルカの電磁波の影響で周囲の範囲内にいる仲間たちに全HPの$H_W_BAD30%$COLOR_ENDが持続的に減少します。	icon_status.electriccharge3_tex
905419	Stun	True	False	False	オルカの電磁波	オルカの電磁波の影響で周囲の範囲内にいる仲間たちに全HPの$H_W_BAD30%$COLOR_ENDが持続的に減少します。	icon_status.electriccharge3_tex
905420	Stun	True	False	False	オルカの電撃	オルカの電撃の影響で、範囲内にいる仲間たちの電気ダメージに対する抵抗が弱まっている。	icon_status.electriccharge3_tex
905421	Buff	False	True	True			
905422	Buff	True	True	True			
905423	DamageOverTime	True	False	False	強力な粘液	深海魚の強力な粘液によりMP回復ができません。キレイな水で体を洗うと解除できます。	icon_status.minusmove_tex
905424	WeakeningEffect	True	True	False	スッキリとした体	身体にまとわり付いていた粘液をキレイな水で洗い流しました。移動速度が$H_W_GOOD50%$COLOR_END上昇します。 	icon_status.minushp_tex
905425	WeakeningEffect	False	True	False			
905426	Stun	True	False	False	深海の恐怖	深海魚の恐怖により、耐久力が$H_W_BAD40%$COLOR_END減少し、しばらくコントロール不能の状態になります。	icon_status.fearstatus_tex
905427	Buff	False	True	True			
905428	Buff	False	True	True			
905429	Buff	False	True	False			
905430	WeakeningEffect	True	True	False	強靭なバリア	甲羅で身を守りながら、力をためている。	icon_status.balanceup_tex
905431	WeakeningEffect	False	True	False			
905432	DamageOverTime	True	False	False	猛毒	強力な猛毒に感染しました。$H_W_BAD2$COLOR_END second1毎に全HPの$H_W_BAD8％$COLOR_ENDが減少します。	icon_status.poisonstatus_tex
905433	WeakeningEffect	True	False	False	猛毒な煙	猛毒に感染しました。$H_W_BAD2$COLOR_END second1毎に全HPの$H_W_BAD8％$COLOR_ENDが減少します。	icon_status.purifydagon_tex
905434	WeakeningEffect	False	False	False			
905435	WeakeningEffect	False	True	False			
905436	DamageOverTime	False	True	False			
905437	DamageOverTime	False	True	False			
905438	DamageOverTime	False	True	False			
905439	DamageOverTime	False	True	False			
905440	WeakeningEffect	True	True	True	無敵	無敵となり一切のダメージを受け付けない状態。	icon_skills.voidtrap_tex
905441	WeakeningEffect	True	True	True	心臓	心体にダメージを与えることができる状態。	icon_status.battlefieldbuff02_tex
905442	WeakeningEffect	False	True	False			
905443	WeakeningEffect	False	True	True			
905444	WeakeningEffect	False	True	False			
905445	DamageOverTime	True	False	False	大量出血	強力な水流により、出血しました。$H_W_BAD1$COLOR_END second毎に全HPの$H_W_BAD12.5％$COLOR_ENDが減少します。	icon_status.darkriftareawind_tex
905446	Buff	True	True	False			
905447	WeakeningEffect	False	True	True			
905448	WeakeningEffect	True	False	False	精霊の水泡	水泡により体が重くなり、移動速度が$H_W_BAD40%$COLOR_END減少します。	icon_status.mprecoverup_tex
905601	Buff	False	True	True			
905602	Buff	False	True	True			
905603	Buff	False	True	True			
905604	WeakeningEffect	False	False	False			
905605	WeakeningEffect	True	False	False	クーマス電流	範囲内にいるパーティーメンバーの全HPの$H_W_BAD25%$COLOR_ENDが持続的に減少します。	icon_status.fullelectriceffect_tex
905606	Stun	False	False	False	空間磁場	バルロナの時空間の影響で外部ではスキルを使用することができません。	icon_status.sealskill_tex
905607	Stun	True	True	True	封印されたバルロナの力	バルロナの攻撃力が$H_W_GOOD25%$COLOR_END、防御力が$H_W_GOOD100%$COLOR_END上昇します。	icon_status.descentofdarkness_tex
905608	DamageOverTime	True	False	False	封印されたバルロナの呪い	バルロナの呪いにより、1秒あたり全HPの$H_W_BAD12%$COLOR_ENDが持続的に減少します。	icon_status.curse_tex
905609	Buff	True	True	False	強靭な防御	デバフ抵抗が上昇し、全ダメージの$H_W_GOOD20%$COLOR_ENDだけ受けます。	icon_status.plusecritical_tex
905610	Buff	True	True	False	強靭な防御	デバフ抵抗が上昇し、全ダメージの$H_W_GOOD20%$COLOR_ENDだけ受けます。	icon_status.plusecritical_tex
905611	Buff	False	True	True			
905612	Buff	False	True	True			
905613	Buff	False	True	True			
905614	Buff	False	False	False			
905615	Buff	False	False	True			
905616	Buff	True	False	False	空間移動後遺症	テレポートの後遺症によって精神的に混乱してしまいます。	icon_status.mpsuckdown_tex
905620	Buff	False	False	False	キャラクター浮揚（バルロナ上級レコード関連―他のところで使用してはいけない。）	異常状態ツールチップ非表示（isShow=False）このツールチップが出たらBTS処理が必要、バルロナ上級レコードに関われた異常状態なので他の所で使ってはいけないい。	icon_skills.godbreath_tex
905621	Buff	True	True	True	クマス_基本的に持っている異常状態	異常状態ツールチップ表示不可(isShow=False)このツールチップが見えるとBTS処理必要！	
905622	Buff	True	False	True	クマス_攻撃力増加異常状態PCにならないよう	異常状態ツールチップ表示不可(isShow=False)このツールチップが見えるとBTS処理必要！	
905623	Buff	True	False	False	サンダーチャージ！！	クーマスが雷を吸収して強くなります。	
905624	Buff	True	False	False	サンダーチャージ！！	強力な雷によって、$H_W_BAD3$COLOR_END second1毎に全HPの$H_W_BAD12.5％$COLOR_ENDが減少します。再度、雷を受けると「オーバーチャージ」状態になります。	
905625	Buff	True	False	False	オーバーチャージ	体内に膨大な電気が蓄積されています。周辺にいるプレイヤーはスタン状態になります。	
905626	Buff	True	False	False	感電	オーバーチャージによりスタンしています。	
905627	WeakeningEffect	True	True	False	静電気チャージ	腕を回している間、暗雲が立ち込めます。イベントゲージが20追加されます。	icon_status.minushp_tex
905628	Buff	False	False	False	浮遊	異常状態ツールチップ表示不可(isShow=False)このツールチップが見えるとBTS処理必要！	icon_skills.godbreath_tex
905629	Buff	False	True	True			
905630	WeakeningEffect	True	True	False	無防備	バルロナがスタンにかかりやすい状態です。	icon_status.minusdefence_tex
905631	Buff	False	False	False			
905632	WeakeningEffect	True	True	True			
905633	WeakeningEffect	True	True	True			
905634	WeakeningEffect	True	True	True			
905635	Buff	True	False	False	空間移動後遺症	テレポートの後遺症によって精神的に混乱してしまいます。	icon_status.mpsuckdown_tex
905636	Buff	False	False	False			
905637	Buff	False	False	False			
905638	Buff	False	False	True			
905639	WeakeningEffect	True	True	True			
905640	WeakeningEffect	True	True	True			
905641	WeakeningEffect	True	True	True	黒竜のオーラ	黒竜のオーラが身を包んでいます。白竜の攻撃を30％減少します。周囲に白竜のオーラがある場合は持続的にダメージを受けます。	icon_status.battlefieldbuff02_tex
905642	WeakeningEffect	False	True	True	白竜のオーラ	白竜のオーラが身を包んでいます。	icon_status.battlefieldbuff01_tex
905643	Buff	True	False	True	白竜のオーラ	白竜のオーラが全身を覆っています。耐久力が非常に高くなり、攻撃時にHPが10%減少します。竜の宝玉は白竜の力を吸収し特殊攻撃を行います。	icon_status.battlefieldbuff01_tex
905644	Buff	False	False	False			
905645	Buff	False	True	True			
905646	Buff	False	True	True			
905647	Buff	True	True	False			
905648	Buff	True	True	False			
905649	Buff	False	True	False			
905650	Stun	True	False	True			
905651	Buff	True	True	True	太陽の光	バルロナ周辺の強力な光によって視野が遮られて、一定量のバリアが生成されます。	icon_status.valrhona_sun_tex
905652	Buff	True	True	True	悪魔の微笑	バルロナ周辺の深い暗闇によって視界が遮られて、15秒間、悪魔の契約を受けます。	icon_status.valrhona_devil_tex
905653	Buff	True	True	True	女神の手招き	バルロナの攻撃力が$H_W_GOOD30%$COLOR_END、防御力が$H_W_GOOD100%$COLOR_END、攻撃速度が$H_W_GOOD20%$COLOR_END上昇します。	icon_status.valrhona_goddess_tex
905654	DamageOverTime	False	True	False			
905655	DamageOverTime	True	False	False	悪魔の契約	10秒内に悪魔の契約を解除しないと、死に至るダメージを受けます。	icon_status.injuredbtdarkness_tex
905656	WeakeningEffect	False	True	False			
905657	WeakeningEffect	False	True	False			
905661	Buff	True	True	False	太陽の光	5秒毎に全HPの3％が回復する。	icon_status.valrhona_sun_tex
905662	Buff	True	True	False	悪魔の微笑	15秒毎にMPが100％回復します。	icon_status.valrhona_devil_tex
905663	Buff	True	True	False	女神の手招き	耐久力が20％上昇します。	icon_status.valrhona_goddess_tex
905664	Buff	True	True	False			
905665	Buff	True	True	False			
905666	Buff	False	False	True			
905667	Buff	True	True	False	竜の咆哮	力を集めて放心しています。スタンがかかりやすい状態です。	icon_status.minushp_tex
905668	Buff	True	True	False	宝玉の祝福	竜の宝玉により、エネルギーが集まっています。解除できなかった場合、強大な力を獲得します。	icon_status.fearstatus_tex
905669	Buff	True	False	False	進化：蒼眼の白竜	宝玉の力により、強力な力を獲得しました。	icon_status.battlecommand01_tex
905670	WeakeningEffect	True	False	False	宝玉の呪い	竜の宝玉により、エネルギーが集まっています。解除できない場合、麻痺状態に陥ります。	icon_status.fearstatus_tex
905671	Stun	True	False	False	竜の衝撃	竜の宝玉により、強力なダメージを受けて意識がもうろうとしています。	icon_skills.sleepwind_tex
905672	Buff	False	False	True			
905673	WeakeningEffect	False	True	True	竜のオーラ	竜のオーラが全身を覆っています。ダメージを反射します。	icon_status.battlefieldbuff01_tex
905674	Buff	False	False	False			
905675	Buff	False	True	False			
905676	DamageOverTime	True	False	False	魔人電流	１秒あたり全MPの5%が減少します。	icon_status.paralyzestatus_tex
905677	Buff	False	False	True			
905678	DamageOverTime	False	False	False	石像のレーザー	出たらBTS	icon_status.paralyzestatus_tex
905679	WeakeningEffect	False	True	True			icon_status.battlefieldbuff01_tex
905680	Buff	False	False	False			
905681	Buff	False	False	False			
905682	WeakeningEffect	False	True	True	白竜のオーラ	白竜のオーラが身を包んでいます。	icon_status.battlefieldbuff01_tex
905683	Buff	False	False	False			
905684	Buff	True	True	False	宝玉の祝福	竜の宝玉により、エネルギーが集まっています。解除できなかった場合、強大な力を獲得します。	icon_status.fearstatus_tex
905685	Buff	True	False	False	進化：紅眼の黒竜	宝玉の力により、強力な力を獲得しました。	icon_status.battlecommand03_tex
905686	Buff	True	False	True	白竜のオーラ	白竜のオーラが全身を覆っています。耐久力が非常に高くなり、攻撃時にHPが10%減少します。竜の宝玉は白竜の力を吸収し特殊攻撃を行います。	icon_status.battlefieldbuff01_tex
905687	Buff	False	False	True			
905698	WeakeningEffect	False	True	True			
905699	WeakeningEffect	False	True	True			
905700	Buff	False	False	True			
905801	WeakeningEffect	True	False	False			
905802	DamageOverTime	False	False	True			
905803	WeakeningEffect	True	True	True			icon_status.plushp_tex
905804	Buff	False	True	False			
905805	WeakeningEffect	False	True	True			
905810	WeakeningEffect	True	True	False			
905900	DamageOverTime	False	True	False			
905901	WeakeningEffect	False	True	True			
905902	DamageOverTime	True	False	False	出血	$H_W_BAD1$COLOR_END second毎にHPが$H_W_BAD8%$COLOR_ENDが持続的に減少します。	icon_status.injuredbtdarkness_tex
905903	Buff	True	True	False			
905904	DamageOverTime	True	False	False	気絶	強力な攻撃を受けて、5秒間気絶します。	icon_status.confuseup_tex
905905	WeakeningEffect	True	True	False	生命の波動（HP回復不可）	HPを回復できません。	icon_status.battlefieldbuff02_tex
905906	WeakeningEffect	True	True	False	活力の波動（MP回復不可）	MPを回復できません。	icon_status.battlefieldbuff01_tex
905907	WeakeningEffect	True	True	False			icon_status.immunedebuff_tex
905908	Buff	False	True	False			
905909	Buff	True	False	False			
905910	Buff	False	True	False			
905911	WeakeningEffect	True	False	False			
905912	DamageOverTime	False	False	True			
905915	WeakeningEffect	True	False	True			
905916	WeakeningEffect	True	False	True			
905917	WeakeningEffect	True	False	True			
905918	WeakeningEffect	True	False	True			
905919	Buff	True	True	False			
905920	Stun	True	False	False	碑石に名前を残す	自分の名が刻まれた碑石を破壊しないと、碑石と共に死を迎えることになります。	icon_status.positionswap_tex
905921	Stun	False	False	False			
905922	Buff	False	False	False			
905923	Buff	True	True	False			
905924	Stun	True	False	False	ラクドスの恐怖	耐久力が$H_W_BAD60%$COLOR_END減少し、恐怖によって逃げ回ります。	icon_status.fearstatus_tex
905925	DamageOverTime	True	True	False			
905926	DamageOverTime	True	False	False	幽霊の呪い	幽霊の呪いによりスタン状態となり、5秒後に死に至ります。	icon_status.minusconfuseresist_tex
905927	Buff	True	True	True			
905928	Buff	True	True	False	幽霊島の亡霊	霊体化しました。持続的にHPが$H_W_BAD8%$COLOR_END減少します。ただし、特定の攻撃に対して免疫を持ちます。	icon_status.diseasedown_tex
905929	Buff	False	True	False			
905930	Buff	False	True	False			
905931	Buff	False	True	False			
905932	Buff	True	True	True	狂暴化	悪霊の力により、バーンスタインの力と攻撃速度が限界まで引き上げられている。耐久力が$H_W_BAD35%$COLOR_END減少します。	icon_skills.berserk_tex
905933	DamageOverTime	True	True	False	ラクドスの呪い	$H_W_BAD2$COLOR_END second1毎にHPが$H_W_BAD8%$COLOR_END減少し、3回重複すると死亡します。この効果は解除できません。	icon_status.injuredbtdarkness_tex
905934	Buff	True	True	False	幽霊島の亡霊	持続的にHPが$H_W_BAD8%$COLOR_END減少します。ただし、特定の攻撃に対して免疫を持ちます。	icon_status.diseasedown_tex
905935	Buff	True	True	True	伝播		
905936	Buff	True	True	False	幽霊解除		
905937	WeakeningEffect	False	True	False	PCチェック用効果なし異常状態	見えたらBTS	
905938	WeakeningEffect	False	False	False	闇の破片（1段階）		icon_status.darkriftwhisper_tex
905939	WeakeningEffect	True	False	False	闇の破片（2段階）	2回重複すると闇の障壁の効果が発生します。	icon_status.darkriftwhisper_tex
905940	WeakeningEffect	True	False	False	闇の破片（3段階）	3回重複すると闇の障壁の効果が発生します。	icon_status.darkriftwhisper_tex
905941	WeakeningEffect	True	False	False	闇の破片（4段階）	4回重複すると闇の障壁の効果が発生します。	icon_status.darkriftwhisper_tex
905942	WeakeningEffect	True	True	False	闇の障壁	ラクドスの攻撃から守られています。	icon_status.darkriftarearage_tex
905943	Buff	False	True	False	伝播		
905944	WeakeningEffect	False	True	False			
905945	WeakeningEffect	True	True	False			
905946	Buff	False	True	False			
905947	Stun	True	False	False	ラクドスの恐怖	おびえて逃げています。	icon_status.fearstatus_tex
905948	Buff	False	True	False	伝播用		
905949	DamageOverTime	True	True	False	バーンスタインの呪い	$H_W_BAD1$COLOR_END second毎に全HPの$H_W_BAD2％$COLOR_ENDが減少します。バーンスタインの呪いは解除できません。	icon_status.firedamage_tex
905950	DamageOverTime	True	True	False	バーンスタインの呪い	$H_W_BAD2$COLOR_END second1毎に全体HPに対して $H_W_BAD2%$COLOR_ENDに達するHPが持続的に減少します。この効果は解除できません。	icon_status.injuredbtdarkness_tex
905951	WeakeningEffect	True	True	False	無敵	無敵	icon_status.plusedefence_tex
905952	WeakeningEffect	True	False	False	悪霊の手	悪霊に掴まれました。移動速度が$H_W_BAD90%$COLOR_END減少します。	icon_status.minusmove_tex
905953	WeakeningEffect	False	True	True	悪霊封印-エフェクト	悪霊の封紋箱_エフェクト	icon_status.battlecommand03_tex
905956	Buff	False	True	True	バーンスタインの幽霊島＿3ネームド_空中モード無敵	バーンスタインの悪霊島_3ネームド_空中モード無敵	icon_status.plusedefence_tex
905957	DamageOverTime	False	False	False	バーンスタインキャンセル用_リアクション	バーンスタインキャンセル用_リアクション	icon_status.fearstatus_tex
905958	DamageOverTime	False	False	False	バーンスタイン上級_1ネームド_レコード専用	見えたらBTS	icon_crest.crestactiveattackspeeddown_tex
905959	Buff	True	True	True			
905960	Buff	True	True	False	幽霊島の幽霊	持続的にHPが$H_W_BAD8％$COLOR_END減少します。ただし、特定の攻撃に対して免疫を持ちます。	icon_status.diseasedown_tex
905961	WeakeningEffect	False	False	False	バーンスタイン-画面演出用	見えたらBTS	icon_status.confusestatusnpc_tex
910000	Buff	True	True	True	バルダーの加護	バルダーの加護により、デイリークエストの遂行可能数が増加し、ダンジョンでの強化アイテムドロップ率が上昇します。MPが持続回復します。	icon_items.argon_plants_tex
910001	Buff	True	True	True	セレンの加護	セレンの加護により、狩りの獲得経験値が増加し、遂行可能なデイリークエストの数が増加します。	icon_items.argon_plants_tex
910002	Buff	True	True	True	ギドの加護	ギドの加護により、信用数値と信用ポイントの獲得量が増加します。（戦場で獲得した信用数値と信用ポイントには適用されません）	icon_items.argon_plants_tex
910003	Buff	True	True	True	カイアの加護	カイアの加護により、採集熟練度と採集物獲得数が増加します。	icon_items.argon_plants_tex
910004	Buff	True	True	True	ミステルの加護	ミステルの加護により、信用数値と信用ポイントの獲得量が増加します。（戦場で獲得した信用数値と信用ポイントには適用されません）	icon_items.argon_plants_tex
910005	Buff	True	True	True	ヴェリックの加護	ヴェリックの加護により、製作時間が短縮され、採集物獲得数が増加します。狩りの獲得経験値が増加します。	icon_items.argon_plants_tex
910006	Buff	True	True	True	エリーヌの加護	エリーヌの加護により、デイリークエストの遂行可能数が増加し、ダンジョンでの名品アイテムドロップ率が上昇します。MPが持続回復します。	icon_items.argon_plants_tex
910007	Buff	False	True	True			
910008	Buff	True	True	True	バルダーの加護	バルダーの加護の下、遂行可能なデイリークエストの数が増加し、ダンジョンで強化アイテムドロップ確率が増加します。また、ＭＰが持続回復します。	icon_items.argon_plants_tex
910009	Buff	True	True	True	セレンの加護	セレンの加護の下、狩り時経験値獲得量が増加し、遂行可能なデイリークエストの数が増加します。	icon_items.argon_plants_tex
910010	Buff	True	True	True	カイアの加護	カイアの加護の下、採集熟練度が増加し採集物獲得量も増加します。	icon_items.argon_plants_tex
910011	Buff	True	True	True	ミステルの加護	ミステルの加護の下、評判数値と評判ポイント獲得量が増加します。（戦場から獲得した評判数値とポイントには適用されません）	icon_items.argon_plants_tex
910012	Buff	True	True	True	ヴェリックの加護	ヴェリックの加護の下、制作時間が短縮され採集物獲得量が増加します。また、狩り時経験値獲得量が増加します。	icon_items.argon_plants_tex
910013	Buff	True	True	True	エリーヌの加護	エリーヌの加護の下、遂行可能なデイリークエストの数が増加し、ダンジョンで名品アイテムドロップ確率が増加します。また、MPが持続回復します。	icon_items.argon_plants_tex
916001	WeakeningEffect	True	False	False	逆らえぬ恐怖	闇のオーラの重複数が10となり、$H_W_BAD逆らえぬ恐怖$COLOR_ENDにとらわれます。 	icon_status.fearstatus_tex
916002	WeakeningEffect	True	True	False	闇を恐れる者	闇の効果を受けることができないため、ダルカンがあなたを注意深く見ています。防御力が70%減少します。	icon_status.darkriftrage_tex
916003	WeakeningEffect	True	False	False	闇を恐れる者_ターゲットチェック用	闇の効果を受けることができないため、ダルカンがあなたを注意深く見ています。防御力が70%減少します。	icon_status.fearstatus_tex
916004	WeakeningEffect	True	True	False	ダルカンの怒り	攻撃力が$H_W_GOOD50％$COLOR_END、攻撃速度が$H_W_GOOD30％$COLOR_END上昇します。この効果は解除できません。	icon_status.plusattack_tex
916005	Buff	False	True	False			
916018	WeakeningEffect	True	False	False	死亡	死亡しました。	icon_skills.voidtrap_tex
916035	DamageOverTime	False	False	False	エルカラス号_2ネームド_レコード専用	見えたらBTS	icon_crest.crestactiveattackspeeddown_tex
950001	DamageOverTime	True	True	False	不安定な神界の魔力	不安定な神界の魔力が流れ出ています。	icon_status.minusmp_tex
950002	DamageOverTime	False	False	False	生きている種火	ベルゴスの怒りにより、種火がプレイヤーに秒当たりHPが8%ずつダメージを与えます。種火を解除するか種火がすべて燃える場合一定範囲が爆発します。	icon_status.firedamage_tex
950003	Buff	False	True	False		出たらBTS	
950004	DamageOverTime	False	True	False	生きている種火	生きている種火に攻撃されました。しばらくの間動けません。	icon_skills.electricshock2_tex
950005	WeakeningEffect	True	False	False	熱気	ベルゴスから溢れ出る熱気に体が焼けます。熱気を解除すると中心を除いた爆発が発生し、解除せず一定時間が過ぎると、大きい爆発が発生します。	icon_status.heat_tex
950006	Buff	False	True	False		出たらBTS	
950007	Buff	False	True	False		出たらBTS	
950009	Buff	True	True	True	ヴェリックの祝福	移動速度が$H_W_GOOD50％$COLOR_END増加します。 ランサーのガーディアンシャウト、ガードプロミスの効果範囲が$H_W_GOOD10m$COLOR_END増加します。エレメンタリストのすべてのオーラスキル効果範囲が$H_W_GOOD20m$COLOR_END増加します。	icon_status.lightweight_tex
950010	WeakeningEffect	False	False	True		出たらBTS	
950011	DamageOverTime	False	True	False		出たらBTS	
950013	WeakeningEffect	True	True	False	アガレスの呪い	アガレスから不吉なオーラが出てます。呪いが10重複すると死亡します。	icon_status.whiteaura_tex
950015	WeakeningEffect	True	True	False	グラドリムの呪い	グラドリムから不吉なオーラが出てます。呪いが10重複すると死亡します。	icon_status.redaura_tex
950017	WeakeningEffect	True	True	False	サブナクの呪い	サブナクから不吉なオーラが出てます。呪いが10重複すると死亡します。	icon_status.orangeaura_tex
950019	WeakeningEffect	True	True	False	サレオスの呪い	サレオスから不吉なオーラが出てます。呪いが10重複すると死亡します。	icon_status.yellowaura_tex
950023	WeakeningEffect	True	True	False	ベルゴスの威圧	ベルゴスに睨まれました。ベルゴスの威圧が6重複すれば、ベルゴスの恐怖效果にかかり恐ろしい事が起きます。	icon_status.vergosfocus_tex
950024	Buff	False	True	False		出たらBTS	
950030	WeakeningEffect	False	True	True		出たらBTS	
950034	Buff	False	True	False		出たらBTS	icon_status.immunedebuff_tex
950035	Buff	True	True	False	大地の加護	サレオスが大地の力を借りて自身を強化、守護します。サレオスを守護する石を破壊し、気絶させて強化を防いでください。	icon_status.earthblessing_tex
950037	Buff	False	True	False		出たらBTS	
950038	WeakeningEffect	True	True	True	ベルゴスに対する恐怖	ベルゴスが恐れているあなたを見つけます。	icon_status.vergosfear_tex
950039	Buff	False	True	True		出たらBTS	
950040	WeakeningEffect	False	True	False		出たらBTS	
950048	Buff	False	True	True		出たらBTS	
950049	Buff	False	True	True		出たらBTS	
950050	Buff	True	True	False	緊急起動！	バリスタの動力を高めます。バリスタの移動速度が2.5倍増加します。	icon_status.accelration_tex
950051	WeakeningEffect	True	True	False	グラドリムの思念	グラドリムと一番近い5名に暗黒思念体が召喚されます。暗黒思念体はグラドリムの暗黒火でのみ倒せます。	icon_status.darkmind_tex
950052	Buff	False	True	False		出たらBTS	
950053	Buff	False	True	True		出たらBTS	
950054	Buff	False	True	True		出たらBTS	
950055	Buff	False	True	True		出たらBTS	
950056	Buff	False	True	True		出たらBTS	
950057	Buff	False	True	True		出たらBTS	
950058	Buff	False	True	True		出たらBTS	
950059	Buff	False	True	True		出たらBTS	
950060	Buff	False	True	True		出たらBTS	
950061	Buff	False	True	True		出たらBTS	
950062	Buff	False	True	True		出たらBTS	
950063	Buff	False	True	True		出たらBTS	
950064	WeakeningEffect	True	True	False	火炎	火炎に巻き込まれました。粉塵に当たると大爆発します。	icon_status.vergosflame_tex
950065	WeakeningEffect	True	True	False	粉塵	粉塵に巻き込まれました。火炎に当たると大爆発します。	icon_status.vergosdust_tex
950066	WeakeningEffect	False	True	False	爆発	出たらBTS	icon_status.poisonstatus_tex
950067	WeakeningEffect	False	True	False	爆発	出たらBTS	icon_status.minusfocus_tex
950068	WeakeningEffect	True	True	False	火炎密室	間もなく火炎に巻き込まれます。	icon_status.vergosflame_tex
950069	WeakeningEffect	True	True	False	粉塵密室	間もなく密室に巻き込まれます。	icon_status.vergosdust_tex
950070	DamageOverTime	False	True	False	密室解除する異常状態	出たらBTS	
950071	DamageOverTime	False	True	False	火炎解除する異常状態	出たらBTS	
950073	Buff	False	True	True		出たらBTS	
950074	WeakeningEffect	False	True	False		出たらBTS	
950075	Buff	False	True	False		出たらBTS	
950076	Buff	False	True	False		出たらBTS	
950077	Buff	False	True	False		出たらBTS	
950078	Buff	False	True	False		出たらBTS	
950079	Buff	False	True	False		出たらBTS	
950080	Buff	False	True	False		出たらBTS	
950081	Buff	False	True	False		出たらBTS	
950082	Buff	False	True	False		出たらBTS	
950083	Buff	False	True	False		出たらBTS	
950084	DamageOverTime	True	True	False	ドロドロの溶岩	移動速度が大幅に減少します。	icon_status.lavar_tex
950090	Buff	True	True	True	神界の魔力	ベルゴスが神界の隙間から出ている魔力を吸収しました。効果は重複し、1ストックにつき攻撃力が5％上昇します。	icon_status.godspell_tex
950091	Buff	True	True	False	神界の魔力	神界の隙間から出ている魔力が爆発し、オーラが噴出しています。スキル威力が50％上昇します。	icon_status.godspell_tex
950092	WeakeningEffect	False	True	True		出たらBTS	
950093	WeakeningEffect	False	True	False		出たらBTS	
950094	WeakeningEffect	False	True	True		出たらBTS	
950095	WeakeningEffect	True	False	False	強力な熱気	ベルゴスから溢れ出る強力な熱気に体が焼けます。熱気が解除するか一定時間が過ぎると大きい爆発が発生し、全領域にダメージを与えます。	icon_status.strongheat_tex
950096	Buff	False	True	False		出たらBTS	
950097	Stun	True	True	False	石化	体がどんどん固くなります。移動速度が遅くなり、間もなく動けなくなります。	icon_status.petrifaction_tex
950102	DamageOverTime	False	False	False		出たらBTS	
950107	Stun	True	True	False	燃える石	燃える石に閉じ込められました。一定時間が過ぎると爆発し、全領域に大きなダメージを与えます。	icon_status.rock_tex
950109	DamageOverTime	False	False	False		出たらBTS	
950110	Buff	True	True	True	連続発射準備完了	連続発射スキル使用が可能です。	icon_status.shotarrowblindly_tex
950111	DamageOverTime	False	True	True		出たらBTS	
950112	DamageOverTime	False	True	True		出たらBTS	
950113	Buff	True	True	True	連続発射準備	連続発射を準備します。	icon_status.shotarrow_tex
950119	WeakeningEffect	False	True	False		出たらBTS	
950120	Buff	False	True	True		出たらBTS	
950121	Buff	False	True	True		出たらBTS	
950122	Buff	False	True	True		出たらBTS	
950123	Buff	False	True	True		出たらBTS	
950124	Buff	False	True	True		出たらBTS	
950125	Buff	False	True	True		出たらBTS	
950126	Buff	False	True	True		出たらBTS	
950127	Buff	False	True	True		出たらBTS	
950129	Buff	False	True	False		出たらBTS	
950130	WeakeningEffect	False	True	False		出たらBTS	
950131	WeakeningEffect	False	True	False		出たらBTS	
950138	WeakeningEffect	True	True	False	閉所恐怖症	再び石に閉じ込まれると窒息して死亡するかもしれません。	icon_status.vergoscurse_tex
950139	DamageOverTime	False	False	True			
950140	DamageOverTime	True	False	False	火球の破片	体の全身に火球の破片がくっつきました。HPが持続的に減少します。	icon_status.scald_tex
950141	Buff	False	True	False		出たらBTS	
950142	Buff	False	True	True		出たらBTS	
950144	Buff	False	True	True		出たらBTS	
950145	Buff	False	True	True		出たらBTS	
950146	Buff	False	True	True		出たらBTS	
950147	Buff	False	True	True		出たらBTS	
950148	Buff	False	True	True		出たらBTS	
950149	Buff	False	True	True		出たらBTS	
950150	Buff	False	True	True		出たらBTS	
950151	Buff	False	True	True		出たらBTS	
950152	Buff	False	True	True		出たらBTS	
950153	Buff	False	True	True		出たらBTS	
950154	Buff	False	True	False		出たらBTS	
950155	Buff	False	True	False		出たらBTS	
950157	Buff	False	True	True		出たらBTS	
950158	Buff	False	True	True		出たらBTS	
950159	Buff	False	True	True		出たらBTS	
950160	Buff	False	True	False		出たらBTS	
950161	WeakeningEffect	False	True	True		出たらBTS	
950162	WeakeningEffect	False	True	False		出たらBTS	
950163	Buff	True	True	False	高まる闘志	闘志が高まり攻撃速度が20％増加し、スキルクールタイムが50％減少します。	icon_status.bloodmadness_tex
950164	WeakeningEffect	True	True	False	粉塵	粉塵を被りました。一定時間が過ぎると、粉塵により窒息して死亡します。また、ベルゴスの粉塵攻撃に当たると窒息して即時死亡します。ベルゴスの火炎攻撃に当たると爆発し、状態が解除されます。	icon_status.vergosdust_tex
950165	WeakeningEffect	True	True	False	火炎	粉塵を被りました。一定時間が過ぎると、粉塵により爆発します。また、ベルゴスの火炎攻撃や打ち下ろす攻撃に当たると爆発します。ベルゴスの粉塵攻撃に当たると爆発し、状態が解除されます。	icon_status.vergosflame_tex
950166	WeakeningEffect	False	True	False		出たらBTS	
950167	WeakeningEffect	False	True	False		出たらBTS	
950168	Buff	True	True	True	凶暴化	ベルゴスが凶暴化し、力と攻撃速度、防御力が飛躍的に増加します。	icon_status.summonvergos_tex
950169	Buff	False	True	True			
950170	WeakeningEffect	False	True	False		出たらBTS	
950171	Buff	True	True	True	憤怒	ベルゴスが憤怒して攻撃速度が速くなります。	icon_status.vergosblood_tex
950172	Buff	False	True	False		出たらBTS	
950173	Buff	False	True	False		出たらBTS	
950174	Buff	False	True	False		出たらBTS	
950175	Buff	False	True	False		出たらBTS	
950176	Buff	False	True	False		出たらBTS	
950177	Buff	False	True	False		出たらBTS	
950178	Buff	False	True	False		出たらBTS	
950179	WeakeningEffect	True	True	False	火炎の渦	間もなく火炎に巻き込まれます。	icon_status.vergosflame_tex
950180	WeakeningEffect	True	True	False	粉塵の渦	間もなく粉塵に巻き込まれます。	icon_status.vergosdust_tex
950181	Buff	False	True	True		出たらBTS	
950182	Buff	False	True	True		出たらBTS	
950183	Buff	False	True	False		出たらBTS	
950184	Buff	False	True	False		出たらBTS	
950185	Buff	False	True	False		出たらBTS	
950186	Buff	False	True	False		出たらBTS	
950187	WeakeningEffect	True	True	True	脱塵	ベルゴスがすべての力を消耗して脱力しました。ベルゴスの防御力が急激に落ちます。	icon_status.struggle_tex
950188	Buff	False	True	False		出たらBTS	
950189	Buff	False	True	False			
950190	Buff	False	True	False		出たらBTS	
950191	Buff	False	True	False		出たらBTS	
950192	Buff	True	True	False	燃え上がる憤怒	ベルゴスの憤怒が燃え上がってます。時間が過ぎるとベルゴスが凶暴化します。	icon_status.dragonberserk_tex
950193	Buff	True	True	False	燃え上がる憤怒	ベルゴスの憤怒が燃え上がってます。時間が過ぎるとベルゴスが凶暴化します。	icon_status.dragonberserk_tex
950194	Buff	False	True	False			
950195	Buff	False	True	False			
950196	Buff	False	True	False			
950197	Buff	True	True	False	新界の魔力吸収	ベルゴスが新界の魔力を吸収しています。新界の魔力のせいでベルゴスの防御力が1.5倍増加します。	icon_status.plusedefence_tex
950198	Buff	False	True	False			
950199	Buff	False	True	False			
950200	WeakeningEffect	True	True	False	密集する魔力	正体不明の魔力に包まれます。	icon_items.question1a_tex
950201	WeakeningEffect	True	True	False	密集する魔力	正体不明の魔力に包まれます。	icon_items.question1a_tex
950202	WeakeningEffect	True	True	False			icon_skills.cleanup_tex
950203	WeakeningEffect	False	True	False			
950204	WeakeningEffect	False	True	False			
950205	WeakeningEffect	False	True	False			
950300	Buff	True	True	False	大地の力	サレオスが大地の力を受けて強力になります。効果は重複し、1ストックにつき攻撃速度が25％ずつ上昇します。	icon_status.earthblessing_tex
950301	Buff	False	True	False			
950302	Buff	False	True	False			
950303	Buff	True	True	False	泣き叫ぶ	竜たちベルゴスを呼んでいます。バリアを割ってこれを阻止してください。	icon_status.summonvergos_tex
950304	Buff	False	True	True	泣き叫ぶ	竜たちベルゴスを呼んでいます。バリアを割ってこれを阻止してください。	icon_status.summonvergos_tex
950305	Buff	False	True	False			
950306	Buff	True	True	True	凶暴化	竜たちが凶暴化し、攻撃力が10倍増加、攻撃速度が2倍増加します。	icon_status.dragonberserk_tex
950307	WeakeningEffect	False	True	False			
950308	WeakeningEffect	False	True	False			
950309	WeakeningEffect	False	True	True			
950310	WeakeningEffect	False	True	False			
950311	Buff	False	True	True		出たらBTS	
950312	WeakeningEffect	False	True	False		出たらBTS	
950313	Buff	False	True	False		出たらBTS	
950314	Buff	False	True	False		出たらBTS	
950315	Buff	False	True	False		出たらBTS	
950316	Buff	False	True	False		出たらBTS	
950317	Stun	False	False	False		出たらBTS	
950318	Buff	False	True	False		出たらBTS	
950319	Stun	False	False	False		出たらBTS	
950320	WeakeningEffect	False	True	False		出たらBTS	
950321	WeakeningEffect	False	True	False		出たらBTS	
950322	WeakeningEffect	False	True	False		出たらBTS	
950323	WeakeningEffect	False	True	False		出たらBTS	
950324	WeakeningEffect	False	True	False		出たらBTS	
950325	WeakeningEffect	False	True	False		出たらBTS	
950326	WeakeningEffect	False	True	False		出たらBTS	
950327	WeakeningEffect	False	True	False		出たらBTS	
950328	WeakeningEffect	False	True	False		出たらBTS	
950329	WeakeningEffect	False	True	False		出たらBTS	
950330	WeakeningEffect	False	True	False		出たらBTS	
950331	Buff	False	True	True		出たらBTS	
950332	Buff	False	True	False		出たらBTS	
950333	Buff	False	True	False		出たらBTS	
950334	DamageOverTime	True	True	False	無秩序な魔力	魔力の均衡が合わずに持続的にダメージを受けます。また攻撃力と回復量、受ける回復量等が50％減少します。	icon_status.omniousspell_tex
950335	Buff	True	True	False	高まる闘志	闘志が高まり移動速度が上昇します。	icon_status.bloodmadness_tex
950336	WeakeningEffect	False	True	False		出たらBTS	
950337	WeakeningEffect	False	True	False		出たらBTS	
950338	WeakeningEffect	False	True	False		出たらBTS	
950339	WeakeningEffect	False	True	False		出たらBTS	
950340	DamageOverTime	True	False	False	風による切り傷	アガレスの羽ばたきによって切り付けられました。持続的にダメージを受けます。	icon_status.whirl_tex
950341	Buff	True	True	True	竜巻召喚	アガレスが竜巻を召喚します。アガレスを気絶させて防いで下さい。	icon_status.windtyrant_tex
950342	Buff	True	True	False	防衛本能	サレオスが危機を感じて甲皮を堅くします。この效果を解除する必要があります。	icon_status.earthpower_tex
950343	Buff	True	True	True	硬い甲皮	サレオスの甲皮が硬くなり受けるダメージが90％減少して、与えるダメージが20％増加します。硬い甲皮は攻撃する度に少しずつ剥がれます。	icon_status.earthpower_tex
950344	Buff	False	False	False			
950345	Buff	False	True	False			
950346	DamageOverTime	False	True	True			
950347	Buff	False	True	True			
950348	Buff	False	True	True			
950349	WeakeningEffect	False	True	False			
950401	Buff	False	True	False		出たらBTS	
950402	Buff	False	True	False		出たらBTS	
950403	Buff	False	True	False			
950404	Buff	False	True	False			
950405	Buff	False	True	False			
950410	Buff	False	True	True			
950415	WeakeningEffect	True	False	False	深い傷	深い傷により出血が発生します。$H_W_GOOD1秒ごとに$COLOR_END $H_W_BAD10％のHP$COLOR_ENDが$H_W_BAD減少$COLOR_ENDします。	icon_status.curse_tex
950435	Buff	True	True	False	思念体の執念	強力なバリアによって守られています。$H_W_GOOD解除$COLOR_ENDが $H_W_GOOD可能$COLOR_ENDです。	icon_status.immunedebuff_tex
950436	Stun	True	True	False	大地の岩	大地の岩に閉じ込められました。一定時間が過ぎると爆発し、広範囲にわたって大きなダメージを与えます。	icon_status.rock_tex
950440	DamageOverTime	False	False	False		出たらBTS	
950450	WeakeningEffect	False	True	False			
950500	DamageOverTime	False	True	False			
950501	Buff	False	True	True			
950502	Buff	False	True	False			
950503	WeakeningEffect	True	True	True			icon_status.cruel_slayer_4_tex
950504	WeakeningEffect	True	True	True			icon_status.cruel_slayer_3_tex
950505	WeakeningEffect	True	True	True			icon_status.cruel_slayer_2_tex
950506	WeakeningEffect	True	True	True			icon_status.cruel_slayer_1_tex
950507	Buff	False	True	False			
950508	WeakeningEffect	True	False	False			icon_status.heat_tex
950509	Buff	False	True	True			
950510	Buff	False	True	False			
950511	WeakeningEffect	True	False	False			icon_status.heat_tex
950512	Buff	False	True	False			
950513	Buff	True	True	False	魔力甲皮	ベルゴスが自分の甲皮に魔力を集中させました。重複ごとに防御力が10％ずつ、攻撃速度が20％ずつ増加します。	icon_status.plusedefence_tex
950514	WeakeningEffect	True	True	False	魔力甲皮生成	ベルゴスが自分の甲皮に魔力を集中させています。解除してください。	icon_status.plusedefence_tex
950515	Buff	True	True	True	最後の抵抗	ベルゴスが全力で抵抗しています。攻撃速度が40％増加し、防御力が70％増加します。	icon_status.vergosdust_tex
950516	WeakeningEffect	True	True	False	火炎の渦	間もなく火炎に巻き込まれます。	icon_status.vergosflame_tex
950517	WeakeningEffect	True	True	False	粉塵の渦	間もなく粉塵に巻き込まれます。	icon_status.vergosdust_tex
950518	WeakeningEffect	True	True	False	前足の傷	ベルゴスの前足により、傷を負いました。もう一度同じ攻撃を受けると爆発します。	icon_status.damageup_tex
950519	WeakeningEffect	True	True	False	後足の傷	ベルゴスの後ろ足により、傷を負いました。もう一度同じ攻撃を受けると爆発します。	icon_status.damagedown_tex
950520	WeakeningEffect	False	True	True			
950521	Buff	False	True	False			
950600	Buff	True	True	True	女神の加護	より強力な女神ヴェリックの加護を感じます。	icon_skills.tranquility_tex
975029	Buff	True	True	False	ヴェリックパワー	力とクリティカル率が上昇します。	icon_status.plusattack_tex
975031	WeakeningEffect	True	False	False	冷温湿布	炎と冷気が混ざり、ダメージを受けます。	icon_status.poisonstatus_tex
975032	Buff	False	True	False	動く爆弾	お前は爆弾！	icon_skills.voidtrap_tex
975033	Buff	False	True	False	動く爆弾	爆発する！	icon_skills.voidtrap_tex
975034	Buff	False	True	False	動く爆弾	爆発する！	icon_skills.voidtrap_tex
975039	WeakeningEffect	True	True	False	ケルサイクの巣_専用_中間ボス移動速度上昇_効果	周囲5mの味方に移動速度上昇	icon_status.plusmove_tex
975041	WeakeningEffect	True	True	False	ケルサイクの巣_専用_ボス周辺無敵_効果	周囲10mの味方に無敵バリア	icon_status.plusedefence_tex
975150	Buff	True	True	False	破滅の憤怒	ケルサイクが怒り狂っています！　もはや何人といえどもケルサイクを止めることはできません……。	icon_status.confusestatusnpc_tex
975409	WeakeningEffect	True	True	False	オルカのバリア	強力なバリアで守られています。	icon_status.immunedebuff_tex
975423	DamageOverTime	True	False	False	強力な粘液	深海魚の強力な粘液により、$H_W_GOOD1$COLOR_END second毎に$H_W_BAD0.16%$COLOR_ENDずつMPが減少します。キレイな水で体を洗うと解除できます。	icon_status.minusmove_tex
975425	WeakeningEffect	False	True	False			
975430	WeakeningEffect	True	True	False	強靭なバリア	甲羅で身を守りながら、力をためている。	icon_status.balanceup_tex
975431	WeakeningEffect	False	True	False			
975445	DamageOverTime	True	False	False			
975601	WeakeningEffect	True	False	False	クーマス電流	範囲内のパーティーメンバーの全HPの$H_W_BAD10%$COLOR_ENDが持続的に減少します。	icon_status.fullelectriceffect_tex
975602	WeakeningEffect	False	False	False			
975603	WeakeningEffect	False	False	False			
975604	WeakeningEffect	False	False	False			
975651	Buff	True	True	True	太陽の光	バルロナの攻撃力が$H_W_GOOD10%$COLOR_END、防御力が$H_W_GOOD25%$COLOR_END上昇します。	icon_status.valrhona_sun_tex
975652	Buff	True	True	True	悪魔の微笑	バルロナの攻撃力が$H_W_GOOD10%$COLOR_END、防御力が$H_W_GOOD25%$COLOR_END上昇します。	icon_status.valrhona_devil_tex
975653	Buff	True	True	True	女神の手招き	バルロナの攻撃力が$H_W_GOOD10%$COLOR_END、防御力が$H_W_GOOD25%$COLOR_END上昇します。	icon_status.valrhona_goddess_tex
975655	DamageOverTime	True	False	False			
975656	WeakeningEffect	False	False	False			
975657	WeakeningEffect	False	False	False			
975661	Buff	True	True	False	太陽の光	5秒毎に全HPの3％が回復する。	icon_status.valrhona_sun_tex
975662	Buff	True	True	False	悪魔の微笑	15秒毎にMPが100%回復します。	icon_status.valrhona_devil_tex
975663	Buff	True	True	False	女神の手招き	防御力が5%上昇します。	icon_status.valrhona_goddess_tex
975671	WeakeningEffect	False	True	False			
975672	WeakeningEffect	False	True	False			
975673	WeakeningEffect	False	True	False			
979501	WeakeningEffect	False	True	False			
980001	WeakeningEffect	False	True	False	見えたらBTS	見えたらBTS	
980002	Stun	False	False	False	見えたらBTS	見えたらBTS	
980003	Buff	False	True	False	見えたらBTS	見えたらBTS	
980004	WeakeningEffect	False	True	False	見えたらBTS	見えたらBTS	
980005	Stun	False	False	False	見えたらBTS	見えたらBTS	
980006	Stun	False	False	False	見えたらBTS	見えたらBTS	
980007	Buff	False	True	False	見えたらBTS	見えたらBTS	
980008	Stun	True	False	False	気絶	気絶した状態で動けません。	icon_status.confuseup_tex
980100	DamageOverTime	False	True	False	見えたらBTS	見えたらBTS	
980101	WeakeningEffect	False	True	False	見えたらBTS	見えたらBTS	
980102	DamageOverTime	False	True	False	見えたらBTS	見えたらBTS	
980103	DamageOverTime	True	True	False	火傷	青い火炎が全身を巻き付けます！$H_W_BAD1$COLOR_END second毎に最大HPの$H_W_BAD7％$COLOR_ENDずつダメージを受けます。	icon_status.minusmp_tex
980104	WeakeningEffect	True	False	False	燃え上がる足裏	残り火に触れて足が燃え上がります。移動速度が$H_W_BAD50％$COLOR_END減少します。	icon_skills.kumas_frontroll_tex
980200	DamageOverTime	True	False	False	強酸性胃液	強力な酸性の胃液に$H_W_BAD1$COLOR_END second毎に最大HPの$H_W_BAD5％$COLOR_ENDのダメージを受けます。	icon_status.poisonstatus_tex
980201	Stun	True	False	False	気絶	気絶した状態で動けません。	icon_status.confuseup_tex
980202	DamageOverTime	True	False	False	出血	斧に打たれて出血が発生しました。$H_W_BAD2$COLOR_END second1ごとに最大HPの$H_W_BAD5％$COLOR_ENDずつダメージを受けます。	icon_status.injuredbtdarkness_tex
980203	DamageOverTime	True	False	False	激甚な出血	ヴェルデグの強力な一撃により激しい出血を起こしました。$H_W_BAD1$COLOR_END second毎に最大HPの$H_W_BAD10％$COLOR_ENDずつダメージを受けます。	icon_status.damagedown_tex
980204	Buff	True	True	False	燃え上がる武器	ヴェルデグが$H_W_BAD強力な攻撃$COLOR_ENDの準備をします。妨害をしなければ全てが破壊されてしまいます。	icon_skills.downattack_tex
980205	Buff	True	False	False	燃え上がる怒り	ヴェルデグの憤怒により全てを破壊し尽します。$H_W_BAD諦めてください。$COLOR_END	icon_skills.dragonrisingblow_tex
980206	DamageOverTime	True	True	False	恐ろしい苦痛	火炎放出による火傷が治りません。$H_W_BAD2$COLOR_END second1毎に最大HPの$H_W_BAD10％$COLOR_ENDずつダメージを受けます。	icon_status.firedamage_tex
980207	Stun	False	False	False	見えたらBTS	見えたらBTS	
980208	WeakeningEffect	False	True	False	見えたらBTS	見えたらBTS	
980209	WeakeningEffect	False	True	True	見えたらBTS	見えたらBTS	
980210	WeakeningEffect	False	True	False	見えたらBTS	見えたらBTS	
980211	WeakeningEffect	False	True	True	見えたらBTS	見えたらBTS	
980212	WeakeningEffect	False	True	False	見えたらBTS	見えたらBTS	
980213	WeakeningEffect	False	True	True	見えたらBTS	見えたらBTS	
980214	WeakeningEffect	False	True	True	見えたらBTS	見えたらBTS	
981001	DamageOverTime	True	True	False	ダルカンの種	ダルカンの種が蒔かれました！3重複で種が発芽して配下が召喚されます！この呪いは解除されません。	icon_status.injuredbtdarkness_tex
981002	DamageOverTime	True	False	False	無気力	スキル使用が不可能です。	icon_status.confuseup_tex
981003	Buff	True	False	False	喜ばしくない魅力	全ての敵があなたを攻撃しようとします！	icon_status.confuseup_tex
981004	Buff	True	False	False	鬼	鬼になりました！幽霊があなたを追いかけます！	icon_status.injuredbtdarkness_tex
981005	WeakeningEffect	False	False	False	見えてはいけない		
981006	Buff	False	True	True			
981007	Buff	False	True	True			
981008	Buff	False	True	True			
981009	Buff	False	True	True			
981010	WeakeningEffect	True	False	False	闇の破片	効果が解除されるまでの間、$H_W_BAD1$COLOR_END second毎に全HPの$H_W_BAD8％$COLOR_ENDが減少し、スキルを使用できません。 	icon_status.fearstatus_tex
981011	DamageOverTime	True	True	False	火傷	$H_W_BAD3$COLOR_END second1ごとに全HP対比 $H_W_BAD10％$COLOR_ENDに至るHPが持続的に減少します。ダルカンの炎は解除できません。	icon_status.firedamage_tex
981012	WeakeningEffect	False	False	False			
981013	WeakeningEffect	False	False	False			
981014	DamageOverTime	False	True	False			
981015	DamageOverTime	True	False	False			
981016	WeakeningEffect	True	True	False	デュリオンの狂気	復活のデュリオンがどんどん狂気に包まれていきます！攻撃力が10％増加し、防御力が5％減少します。	icon_skills.gatheringrage_tex
981017	DamageOverTime	False	True	False			
981018	DamageOverTime	True	False	False	デュリオンの呪い	$H_W_BAD17$COLOR_END second1毎に全HPの$H_W_BAD100％$COLOR_ENDが減少します。解除するためには浄化装置に接近してください！	icon_status.firedamage_tex
981019	Buff	True	True	False	呪い解除	デュリオンの呪いが解除されました！	icon_status.valrhona_sun_tex
981020	Buff	False	True	True			
981024	WeakeningEffect	True	True	False	暗黒の鎖	復活のデュリオンの鎖に捕えられました。	icon_status.positionswap_tex
981025	WeakeningEffect	True	True	False	暗黒の鎖	復活のデュリオンの鎖に捕えられました。	icon_status.positionswap_tex
981026	WeakeningEffect	True	True	False	黒魔法の呪い	黒魔法の呪いにかかりました。呪いを解かないと大変なことが起こりそうです。	icon_status.cruel_slayer_3_tex
981027	WeakeningEffect	True	True	False	黒魔力集中	復活のデュリオンの黒魔法が周囲に集中しています。何か不吉な予感がします。	icon_status.minusfocus_tex
981028	Buff	True	True	False	黒魔力シールド	復活のデュリオンが邪悪な黒魔力で防御しています。	icon_skills.manashield_tex
981029	WeakeningEffect	True	True	False	暗黒覇気	復活のデュリオンの黒魔法により身動きが取れません。	icon_status.staminadown_tex
981030	WeakeningEffect	True	True	False	貫通	復活のデュリオンの槍に貫かれて身動きがとれません。非常に苦しいです。黒魔法が体内に転移されています。	icon_status.blooduanty_tex
981031	WeakeningEffect	True	True	False	黒魔法転移	復活のデュリオンの槍に貫かれて身動きがとれません。非常に苦しいです。黒魔法が体内に転移されて異常効果を誘発しています。	icon_status.fearstatus_tex
981032	WeakeningEffect	False	True	False			
981033	WeakeningEffect	True	True	False	黒魔法転移	復活のデュリオンの槍に貫かれて身動きがとれません。非常に苦しいです。黒魔法が体内に転移されて異常効果を誘発しています。	icon_status.fearstatus_tex
981034	DamageOverTime	False	False	False			
981035	Buff	False	True	True			
981036	Buff	True	True	True	凶暴化	再び訪れた死の危機を前にして復活のダルカンが憤怒します。攻撃力が10％上昇し、移動速度と攻撃速度が5％上昇します。	icon_status.archerspirit_tex
981037	WeakeningEffect	False	True	False			
981038	DamageOverTime	True	False	False	重圧感	神を相手にしている重圧感のせいで移動速度が低下します！解除できます！	icon_status.archerspirit_tex
981039	WeakeningEffect	False	True	False			
981040	DamageOverTime	True	True	False	苦痛	神の攻撃で体力が持続的に減少致します。	icon_status.firedamage_tex
981041	DamageOverTime	True	True	False	赤味	赤味異常状態にかかりました。2重複すると死亡します。	icon_status.battlefieldbuff02_tex
981042	DamageOverTime	True	True	False	青味	青味異常状態にかかりました。2重複すると死亡します。	icon_status.battlefieldbuff01_tex
981043	Buff	False	True	False			
981044	DamageOverTime	True	True	False	予定された死	ラカンの強力な攻撃を受けました。貴様は既に死んでいる。	icon_status.diseaseup_tex
981045	DamageOverTime	False	True	False			
981046	DamageOverTime	False	True	False			
981047	WeakeningEffect	False	True	False			
981048	WeakeningEffect	False	True	False			
981049	WeakeningEffect	False	True	False			
981050	WeakeningEffect	False	True	False			
981051	Buff	True	True	False	自爆	ラカンの攻撃を受けてしばらくすると爆発します。	icon_skills.explosiontrap_tex
981052	Buff	True	True	True	均衡	調和している状況を見たラカンが満足します。攻撃力、防御力、攻撃速度が上昇します。	icon_status.archerspirit_tex
981053	DamageOverTime	True	False	False	気絶	ラカンの攻撃を受けて、6秒間気絶します。この状態は解除できます。	icon_status.confuseup_tex
981054	WeakeningEffect	False	True	False			
981055	WeakeningEffect	True	True	False	盗み	ラカンの精気を盗み出して引っ張り回されないようになりました。	icon_skills.voidtrap_tex
981057	WeakeningEffect	False	True	False			
981058	WeakeningEffect	False	True	True			
981059	Buff	True	True	True	不均衡	均衡が破られてラカンが集中力を失います。防御力が減少します。	icon_status.fearstatus_tex
981060	DamageOverTime	True	True	False	火傷	ラカンの攻撃を受けて火傷を負いました。HPが持続的に減少します。	icon_status.firedamage_tex
981061	DamageOverTime	True	True	False	集中力欠落	ラカンの攻撃を受けて精神が朦朧とします。防御力が10％減少し、最大5回まで重複されます。	icon_status.fearstatus_tex
981062	WeakeningEffect	False	True	True			
981063	Buff	False	True	False			
981064	Buff	False	True	False			
981065	DamageOverTime	False	False	False			
981066	DamageOverTime	True	True	False	予定された呪い	1分後呪いに変更されます。呪いに変わると、回復系のスキルを使用した際に回復の代わりにダメージを与えます。	icon_items.q_watch_tex
981067	DamageOverTime	True	True	False	祝福と言う名の呪い	呪いを受けました。回復系のスキルを使用すると味方にダメージを与えます。	icon_status.confusestatuspc_tex
981068	DamageOverTime	False	False	False			
981069	WeakeningEffect	False	True	False			
981070	WeakeningEffect	False	True	False			
981071	WeakeningEffect	False	True	False			
981072	WeakeningEffect	False	True	False			
981073	WeakeningEffect	False	True	False			
981074	WeakeningEffect	False	True	False			
981075	WeakeningEffect	False	True	False			
981076	Buff	False	True	False			
981077	WeakeningEffect	False	True	False			
981078	WeakeningEffect	False	True	False			
981079	Buff	True	True	False			
981080	Buff	False	True	False			
981081	WeakeningEffect	True	True	False	瞬間移動後遺症	瞬間移動の後遺症で30,000のダメージを受けます。	icon_status.firedamage_tex
981082	Buff	False	False	False			
981083	WeakeningEffect	True	True	False	集中注視対象	復活のデュリオンが見つめています。何か嫌な予感がします！	icon_skills.througharrow_tex
981084	Buff	False	True	False			
981085	WeakeningEffect	True	True	False	暗黒の鎖	復活のデュリオンの鎖に捕えられました。	icon_status.positionswap_tex
981086	WeakeningEffect	True	True	False	黒魔法の束縛	復活のデュリオンの黒魔法により身動きが取れません。	icon_status.staminadown_tex
981087	WeakeningEffect	True	True	False	暗黒覇気	復活のデュリオンの黒魔法により身動きが取れません。	icon_status.staminadown_tex
981088	WeakeningEffect	True	True	False	注視	復活のデュリオンが見つめています。不吉です。	icon_skills.markingofarcher_tex
981089	Buff	True	False	False	不安定な魔力	復活のデュリオンがラカンの力を借りて、魔力を爆発させました。復活のデュリオンの攻撃力、攻撃速度がさらに増加し、不安定な魔力に包まれます。もし、魔力を安定化する隙を与えてしまうと、防ぐ術がありません。	icon_status.darkriftarearage_tex
981090	Buff	True	True	False	内面のバリア	ラカンが内面世界に転換し、プレイヤーの攻撃を防御するバリアを生成しました。	icon_status.balanceup_tex
981091	Buff	False	True	False			
981092	WeakeningEffect	True	True	False			
981093	WeakeningEffect	True	False	False	ラカンの呪い	呪われて、1秒毎にHPの30％が減少します。	icon_status.blooduanty_tex
981094	Buff	True	True	False	魂の世界への移動	魂の世界に転換し、ラカンがバリアを生成します。解除できます。	icon_skills.selfbuff_tex
981095	Buff	True	True	False	満足げなラカン	呪いにかかったあなたを見たラカンが満足しています。	icon_skills.selfbuff_tex
981096	Buff	False	True	False			
981097	Buff	True	False	False			
981098	Buff	False	True	False			
981099	Stun	True	True	False	気絶	ラカンの攻撃を受ける直前、強力な力があなたを襲い気絶させました。	icon_status.confuseup_tex
981100	Buff	False	True	True			
981101	Buff	False	True	True			
981102	Buff	False	True	True			
981103	Buff	True	True	False			
981104	Buff	False	True	False			
981105	Buff	False	True	False			
981106	Buff	False	True	False			
981107	Buff	False	True	False			
981108	Buff	False	True	False			
981109	DamageOverTime	False	False	False			
981110	Buff	False	False	False			
981111	WeakeningEffect	True	False	False	ラカンの種	ラカンがあなたに魔力の種を蒔きました。一定時間後、爆発します。	icon_status.heat_tex
981112	Buff	False	False	False			
981113	Buff	False	True	False			
981114	DamageOverTime	False	False	False			
981115	Buff	False	False	False			
981116	WeakeningEffect	True	False	False	ラカンの種	ラカンがあなたに魔力の種を蒔きました。一定時間後、爆発します。	icon_status.heat_tex
981117	Buff	False	False	False			
981118	Buff	False	True	False			
981119	Buff	True	True	False	魔力凝縮	ラカンが全滅スキルを発動させるために魔力を集めています。ラカンに睡眠系の攻撃を使用して、眠らせてください！	icon_status.windtyrant_tex
981120	Buff	False	True	True			
981121	Buff	False	True	False			
981122	Buff	False	True	False			
981123	Buff	False	True	False			
981124	Buff	False	True	False			
981125	Buff	True	True	True	ラカンの影響力	該当空間はラカンの支配圏です。ラカンの貪欲があなたの力を一部奪って行きます。よって、攻撃力が減少しました。	icon_status.minushp_tex
981126	Buff	False	True	True			
981127	WeakeningEffect	True	True	False	宝玉の呪い	黒魔法の玉に飲み込まれました。HPが減少します。	icon_skills.darkexplosion_tex
981128	DamageOverTime	False	False	False			
981129	Buff	False	False	True			
981130	Buff	False	True	False			
981131	Buff	False	True	False			
981132	Buff	False	True	False			
988501	WeakeningEffect	False	True	True	女神の手招き	HP増加 1段階 -放出	icon_status.delayheal_tex
988502	WeakeningEffect	False	True	True	HP増加　- 放出(2段階)	HP増加 2段階 -放出	icon_status.delayheal_tex
988503	WeakeningEffect	False	True	True	HP増加　- 放出(3段階)	HP増加 3段階 -放出	icon_status.delayheal_tex
988504	Buff	True	True	True	最大HP増加(1段階)	自身とパーティメンバーの最大HPが$H_W_GOOD10％$COLOR_END増加します。	icon_status.plusmp_tex
988505	Buff	True	True	True	最大HP増加(２段階)	自身とパーティメンバーの最大HPが$H_W_GOOD20％$COLOR_END増加します。	icon_status.mprecoverup_tex
988506	Buff	True	True	True	最大HP増加(３段階)	自身とパーティメンバーの最大HPが$H_W_GOOD40％$COLOR_END増加します。	icon_status.plushp_tex
988511	WeakeningEffect	False	True	True	耐久力増加　- 放出(1段階)	耐久力増加 １段階 -放出	icon_status.plusedefence_tex
988512	WeakeningEffect	False	True	True	耐久力増加　- 放出(2段階)	耐久力増加 2段階 -放出	icon_status.plusedefence_tex
988513	WeakeningEffect	False	True	True	耐久力増加　- 放出(3段階)	耐久力増加 3段階 -放出	icon_status.plusedefence_tex
988514	Buff	True	True	True	耐久度増加(1段階)	自身とパーティメンバーの耐久力が$H_W_GOOD5％$COLOR_END上昇します。	icon_status.battlecommand04_tex
988515	Buff	True	True	True	耐久度増加(２段階)	自身とパーティメンバーの耐久力が$H_W_GOOD10％$COLOR_END上昇します。	icon_status.battlecommand01_tex
988516	Buff	True	True	True	耐久度増加(3段階)	自身とパーティメンバーの耐久力が$H_W_GOOD20％$COLOR_END上昇します。	icon_status.battlecommand03_tex
988521	WeakeningEffect	False	True	True	力増加　- 放出(1段階)	力増加 １段階 -放出	icon_status.plusepoisonresist_tex
988522	WeakeningEffect	False	True	True	力増加　- 放出(2段階)	力増加 2段階 -放出	icon_status.plusepoisonresist_tex
988523	WeakeningEffect	False	True	True	力増加　- 放出(3段階)	力増加 3段階 -放出	icon_status.plusepoisonresist_tex
988524	Buff	True	True	True	攻撃力増加(1段階)	自身とパーティメンバーの力が$H_W_GOOD5％$COLOR_END分上昇します。	icon_status.cruel_slayer_2_tex
988525	Buff	True	True	True	攻撃力増加(２段階)	自身とパーティメンバーの力が$H_W_GOOD10％$COLOR_END分上昇します。	icon_status.cruel_slayer_4_tex
988526	Buff	True	True	True	攻撃力増加(３段階)	自身とパーティメンバーの力が$H_W_GOOD20％$COLOR_END分上昇します。	icon_status.cruel_slayer_3_tex
988531	WeakeningEffect	False	True	True	ドロップ率増加　- 放出(1段階)	ドロップ率増加 １段階 -放出	icon_status.darkriftreward_tex
988532	WeakeningEffect	False	True	True	ドロップ率増加　- 放出(2段階)	ドロップ率増加 2段階 -放出	icon_status.darkriftreward_tex
988533	WeakeningEffect	False	True	True	ドロップ率増加　- 放出(3段階)	ドロップ率増加 3段階 -放出	icon_status.darkriftreward_tex
988534	Buff	True	True	True	ドロップ率増加(1段階)	自身とパーティメンバーのドロップ率が$H_W_GOOD25％$COLOR_END上昇します。	icon_items.gift_box05_tex
988535	Buff	True	True	True	ドロップ率増加(２段階)	自身とパーティメンバーのドロップ率が$H_W_GOOD50％$COLOR_END上昇します。	icon_items.gift_box04_tex
988536	Buff	True	True	True	ドロップ率増加(３段階)	自身とパーティメンバーのドロップ率が$H_W_GOOD100％$COLOR_END上昇します。	icon_items.gift_box03_tex
988537	WeakeningEffect	False	True	False			
988538	WeakeningEffect	False	True	False			
988539	WeakeningEffect	False	True	False			
988540	WeakeningEffect	False	True	False			
988541	WeakeningEffect	False	True	False			
988542	WeakeningEffect	False	True	False			
988543	WeakeningEffect	False	True	False			
988544	WeakeningEffect	False	True	False			
988545	WeakeningEffect	False	True	False			
988546	WeakeningEffect	False	True	False			
988547	WeakeningEffect	False	True	False			
988548	WeakeningEffect	False	True	False			
988550	WeakeningEffect	False	False	False			icon_status.electriceffect3_tex
988551	Stun	True	False	False	幻影の気運	強力な幻影の力を得て、周囲に膨大なオーラを放出します。	icon_status.electriccharge3_tex
988570	WeakeningEffect	True	False	False	ビビッシュの呪い［減速］	移動速度が$H_W_BAD90%$COLOR_END減少します。この効果は解除できません。	icon_status.minusmove_tex
988571	WeakeningEffect	True	False	False	ビビッシュの呪い［弱化］	力が$H_W_BAD90%$COLOR_END減少します。この効果は解除できません。	icon_status.diseaseup_tex
988572	WeakeningEffect	False	True	False	ビビッシュの呪い［破壊］	持続時間が過ぎると対象者は即死します。この効果は解除できません。	icon_status.firedamage_tex
988573	Stun	True	False	False	ビビッシュの呪い［混乱］	精神錯乱状態に陥りました！　移動する方向が、入力方向と反対になります。$BRこの効果は解除できません。	icon_status.fearstatus_tex
988574	Stun	True	False	False	ビビッシュの呪い［恐怖］	恐怖に慄き、逃げ出します。この効果はダウン時のみ解除されます。	icon_status.fearstatus_tex
988575	Stun	True	False	False	ビビッシュの呪い［沈黙］	効果持続中は全てのスキルを使用できません！　この効果は解除できません。	icon_status.sealskill_tex
988576	WeakeningEffect	True	False	False	ビビッシュの呪い［減速］	自身を除くパーティーメンバーの移動速度が減少します。有効範囲は周囲約10mです。	icon_status.minuswill_tex
988577	WeakeningEffect	True	False	False	ビビッシュの呪い［弱化］	自身を除くパーティーメンバーの力が減少します。有効範囲は周囲約10mです。	icon_status.minuswill_tex
988578	WeakeningEffect	True	True	False	ビビッシュの呪い［破壊］	自身を除くパーティーメンバーの耐久力が減少します。有効範囲は周囲約20mです。	icon_status.minuswill_tex
988579	WeakeningEffect	True	False	False	ビビッシュの呪い［混乱］	自身を除くパーティーメンバーが精神錯乱状態に陥ります。有効範囲は周囲約10mです。	icon_status.minuswill_tex
988580	WeakeningEffect	True	False	False	ビビッシュの呪い［恐怖］	自身を除くパーティーメンバーが恐怖に慄き、逃げ出します。有効範囲は周囲約10mです。	icon_status.minuswill_tex
988581	WeakeningEffect	True	False	False	ビビッシュの呪い［沈黙］	自身を除くパーティーメンバーはスキルを使用できません。有効範囲は周囲約10mです。	icon_status.minuswill_tex
988582	WeakeningEffect	True	False	False	ビビッシュの呪い［待機］［減速］	5秒後に、ビビッシュの呪い［減速］が発生します。	icon_status.firedamage_tex
988583	WeakeningEffect	True	False	False	ビビッシュの呪い［待機］［弱化］	3秒後に、ビビッシュの呪い［弱化］が発生します。	icon_status.firedamage_tex
988584	WeakeningEffect	True	False	False	ビビッシュの呪い［待機］［破壊］	10秒後に、ビビッシュの呪い［破壊］が発生します。	icon_status.firedamage_tex
988585	WeakeningEffect	True	False	False	ビビッシュの呪い［待機］［混乱］	5秒後に、ビビッシュの呪い［混乱］が発生します。	icon_status.firedamage_tex
988586	WeakeningEffect	True	False	False	ビビッシュの呪い［待機］［恐怖］	5秒後に、ビビッシュの呪い［恐怖］が発生します。	icon_status.firedamage_tex
988587	WeakeningEffect	True	False	False	ビビッシュの呪い［待機］［沈黙］	5秒後に、ビビッシュの呪い［沈黙］が発生します。	icon_status.firedamage_tex
990070	Buff	True	True	False	ジェリアド・ディアルの加護	ジェリアド・ディアルの神聖な力。 $H_W_GOOD1$COLOR_END second毎に$H_W_GOOD0.25％$COLOR_ENDずつHPが持続回復します。	icon_status.delayheal_tex
990071	Buff	True	True	False	ドミル・シルバーレインの加護	ドミル・シルバーレインが発するコアの力。$H_W_GOOD1$COLOR_END second毎に$H_W_GOOD0.3％$COLOR_ENDずつMPが持続回復します。	icon_status.aura_of_regeneration_mp_tex
990072	Buff	True	True	False	フラテコ・カイルムの加護	フラテコ・カイルムが発する力。耐久力が$H_W_GOOD1$COLOR_END上昇します。	icon_status.plusedefence_tex
990101	Buff	True	True	False	湧き上がる勇気	ダウン攻撃に耐性ができます（勇将の加護スキルと重複すると効果が上書きされます）。	icon_crest.crestfightingwill_tex
990102	Buff	True	True	False	鋼の肉体	防御力が上昇します。（「勇将の保護」と重複使用すると、効果が上書きされます）	icon_crest.crestironwillb_tex
990103	Buff	True	True	False	絶え間なき支援	コンディションが回復し続けます。（「穏やかな搭乗」とは重複使用できません）	icon_status.aura_of_condition_tex
991000	DamageOverTime	True	False	False	戦争の火炎	戦場の火炎により$H_W_BAD1$COLOR_END second毎に$H_W_BAD-100$COLOR_ENDずつHPが減少します。また、移動が$H_W_BAD50%$COLOR_END遅くなります。	icon_status.firedamage_tex
991002	Buff	False	False	False	リアクション免疫	リアクション免疫	
999800	Buff	False	True	True	セレンの保護	女神セレンの保護を受け、反逆者の攻撃を受けません。Lv65になると効果は失われます。	icon_status.bless_of_velic_tex
999801	WeakeningEffect	True	False	True	反逆者	「反逆宣言」をしました。他のプレイヤーと戦闘可能な状態です。非戦闘状態が60秒間維持されると状態が解除されます。	icon_status.cruel_slayer_1_tex
999802	WeakeningEffect	True	False	True	不義の英雄	名前の知れた無法者になりました。$BRギルド倉庫、休息の神官、休息の神将を使用できません。$BR死亡時、クリスタル判定回数が増加します。$BR悪名が0の時、非戦闘状態を60秒間維持すると、無法者状態が解除されます。	icon_status.cruel_slayer_2_tex
999803	WeakeningEffect	True	False	True	悪神のしもべ	有名な無法者になりました。$BR倉庫、ギルド倉庫、狩り場移動管理人、休息の神官、休息の神将を使用できません。$BR死亡時、クリスタル判定回数が増加します。$BR力が $H_W_BAD0,9$COLOR_END 減少し、耐久力が $H_W_BAD0,9$COLOR_END 減少します。$BR悪名が0の時、非戦闘状態を60秒間維持すると、無法者状態が解除されます。	icon_status.cruel_slayer_3_tex
999804	WeakeningEffect	True	False	True	悪の化身	悪名高き無法者になりました。$BR取引仲介所、倉庫、ギルド倉庫、狩り場移動管理人、休息の神官、休息の神将を使用できません。$BR死亡時、クリスタル判定回数が増加します。$BR力が $H_W_BAD0,7$COLOR_END 減少し、耐久力が $H_W_BAD0,7$COLOR_END 減少します。$BR悪名が0の時、非戦闘状態を60秒間維持すると、無法者状態が解除されます。	icon_status.cruel_slayer_4_tex
999993	Buff	True	True	False	天上の加護	効果持続中、プレイヤーからのダメージは無効化され、ダウン/硬直も発生しません。また、全てのデバフを防ぎます。この効果はダメージを受けても乗り物が解除されず、戦闘に関するスキルを使用すると即解除されます。	icon_status.mpsuckup_tex
999994	WeakeningEffect	True	False	False	臆病者	恐怖に負けた臆病者です。この状態ではパーティーマッチング申請ができません。パーティー解散時には適用されません。	icon_status.boundmoveup_tex
999995	WeakeningEffect	True	False	False	即決審判	力が$H_W_BAD90%$COLOR_END減少します。効果は死亡後も解除されません。	icon_status.minusconfuseresist_tex
999996	Buff	True	True	False	天上の加護	効果持続中、プレイヤーからのダメージは無効化され、ダウン/硬直も発生しません。また、全てのデバフを防ぎます。この効果はダメージを受けても乗り物が解除されず、戦闘に関するスキルを使用すると即解除されます。	icon_status.mpsuckup_tex
999997	Buff	True	True	False	ささやかなプレゼント	サーバー混雑の中、お待ちいただいた皆様にプレゼントです！　狩りの獲得経験値が$H_W_GOOD10%$COLOR_END増加します。	icon_items.presentbox1_tex
999998	WeakeningEffect	True	False	False	脱走兵	戦場から逃亡しました。脱走中は、戦場に参加することができません。	icon_status.boundmoveup_tex
999999	WeakeningEffect	False	False	True	水泳中…	水泳中は、一部の戦闘スキル及びアイテムを使用できません。	icon_skills.swimming_tex
2000000	Buff	True	True	False	幸運の収集家30（1時間）	1時間、狩りの獲得ゴールドが30％増加します。	icon_items.f2p_dropgoldbooster_tex
2000001	Buff	True	True	False	交渉の名手30（1時間）	1時間、クエストのゴールド報酬が30％増加します。	icon_items.f2p_questrewardbooster_tex
2000002	Buff	True	True	False	交渉の名手50（1時間）	1時間、クエストのゴールド報酬が50％増加します。	icon_items.f2p_questrewardbooster_tex
2000003	Buff	True	True	False	交渉の名手100（1時間）	1時間、クエストのゴールド報酬が100％増加します。	icon_items.f2p_questrewardbooster_tex
2000004	Buff	True	True	False	信頼の証票30（1時間）	1時間、獲得する信用数値と信用ポイントが30％増加します。ただし、戦場信用数値と戦場信用ポイントには適用されません。	icon_items.f2p_reputationbooster_tex
2000005	Buff	True	True	False	信頼の証票50（1時間）	1時間、獲得する信用数値と信用ポイントが50％増加します。ただし、戦場信用数値と戦場信用ポイントには適用されません。	icon_items.f2p_reputationbooster_tex
2000006	Buff	True	True	False	信頼の証票100（1時間）	1時間、獲得する信用数値と信用ポイントが100％増加します。ただし、戦場信用数値と戦場信用ポイントには適用されません。	icon_items.f2p_reputationbooster_tex
3000001	Buff	True	True	True	すっきりドライブ	毎秒全MPの0.5％が回復します。	icon_status.aura_of_regeneration_mp_tex
3000002	Buff	True	True	True	はつらつドライブ	毎秒全HPの0.5％が回復します。	icon_status.aura_of_regeneration_hp_tex
3000003	Buff	True	True	True	穏やかな搭乗（HP、MP回復）	搭乗中、毎秒全HP、MPの0.5％ずつ回復します。	icon_status.aura_of_condition_tex
3000004	Buff	True	True	True	虎の気(HP回復)	毎秒全HPの0.5％が回復します。	icon_status.aura_of_regeneration_hp_tex
3000005	Buff	True	True	True	麒麟の恩寵（HP、MP回復）	搭乗中、毎秒全HP0.5％、全MPの1％ずつ回復します。	icon_status.aura_of_condition_tex
3000006	Buff	True	True	True	調教師カルランの貫禄(ネットカフェー）	搭乗中、毎秒全HP、MPの1％ずつ回復します。	icon_status.collect_speedup_tex
3000007	Buff	True	True	True	調教師カルランの貫禄(プレミアム）	搭乗中、毎秒全HP、MPの1％ずつ回復します。	icon_status.collect_speedup_tex
3000008	Buff	True	True	True	快適な搭乗（HP MP回復）	搭乗中、毎秒HPとMPが0.5%回復します。	icon_status.collect_speedup_tex
3000009	Buff	True	True	True	快適な搭乗（HP、MP回復）	搭乗中、毎秒全HPの0.5％、MPの1％ずつ回復します。	icon_status.aura_of_condition_tex
3000010	Buff	True	True	True	快適な搭乗（HP、MP回復）	搭乗中、毎秒全HPの0.5％、MPの1％ずつ回復します。	icon_status.collect_speedup_tex
3000012	Buff	True	True	True	飛行搭乗	飛行可能地域で飛行できます。	icon_items.wings_of_fairy_tex
3000013	Buff	True	True	True	飛行騎乗（HP回復）	飛行可能地域で飛行できます。<BR>毎秒全HPの0.5％が回復します。	icon_items.wings_of_fairy_tex
3000014	Buff	True	True	True	飛行騎乗（MP回復）	飛行可能地域で飛行できます。<BR>毎秒全MPの0.5％が回復します。	icon_items.wings_of_fairy_tex
3000015	Buff	True	True	True	飛行騎乗（HP、MP回復）	飛行可能地域で飛行できます。<BR>搭乗中、毎秒HPとMPが0.5％回復します。	icon_items.wings_of_fairy_tex
3000016	Buff	True	True	True	飛行騎乗（HP、MP回復）	飛行可能地域で飛行できます。<BR>騎乗中、毎秒HPとMPが1％回復します。	icon_items.wings_of_fairy_tex
3000017	Buff	False	True	True	飛竜乗り物搭乗(HP・MP・オーラ)	出たらBTS	icon_status.fullelectriceffect_tex
3000019	Buff	True	True	True	飛行騎乗（HP、MP回復）	飛行可能地域で飛行できます。<BR>騎乗中、毎秒HPとMPが2％ずつ回復し、周囲30m内のパーティーメンバーに竜の追い風の効果を付与します。	icon_items.wings_of_fairy_tex
3000020	Buff	False	True	True	竜の追い風	出たらBTS	icon_skills.criticalupaura_tex
3000021	Buff	True	True	True	竜の追い風	竜の追い風により、乗り物に搭乗時の移動速度が乗り物の種類に関係なく、$H_W_GOOD10$COLOR_END上昇します。	icon_status.plusmove_tex
3000022	Buff	True	True	True	不死鳥騎乗（HP、MP回復）	飛行可能地域で飛行できます。<BR>騎乗中、毎秒HPとMPが1％回復します。不死鳥の熱気効果が適用されます。	icon_items.wings_of_fairy_tex
3000023	Buff	True	True	True	不死鳥騎乗（HP、MP回復）	飛行可能地域で飛行できます。<BR>騎乗中、毎秒HPとMPが2％回復します。不死鳥の熱気効果が適用されます。	icon_items.wings_of_fairy_tex
3000024	Buff	True	True	True	不死鳥の熱気	不死鳥の熱気により竜の追い風（騎乗時の移動速度＋10）が適用されません。	icon_status.heat_tex
4510001	Buff	False	False	False			
4510002	WeakeningEffect	False	True	False			
4510003	DamageOverTime	False	False	False			
4510004	Buff	True	True	False	太陽の玉	太陽の玉がついて来ます。非戦闘状態での移動速度が$H_W_GOOD15$COLOR_END上昇します。	icon_items.orb_of_luck_tex
4510005	Buff	True	True	False	太陽の玉	太陽の玉がついて来ます。非戦闘状態での移動速度が$H_W_GOOD15$COLOR_END上昇します。	icon_items.orb_of_luck_tex
4510006	Buff	True	True	False	太陽の玉	太陽の玉がついて来ます。非戦闘状態での移動速度が$H_W_GOOD15$COLOR_END上昇します。	icon_items.orb_of_luck_tex
4510007	Buff	True	True	False	太陽の玉	太陽の玉がついて来ます。非戦闘状態での移動速度が$H_W_GOOD15$COLOR_END上昇します。	icon_items.orb_of_luck_tex
4510008	Buff	True	True	False	太陽の玉	太陽の玉がついて来ます。非戦闘状態での移動速度が$H_W_GOOD15$COLOR_END上昇します。	icon_items.orb_of_luck_tex
4510009	Buff	True	True	False	太陽の玉	太陽の玉がついて来ます。非戦闘状態での移動速度が$H_W_GOOD15$COLOR_END上昇します。	icon_items.orb_of_luck_tex
4510010	Buff	True	True	False	太陽の玉	太陽の玉がついて来ます。非戦闘状態での移動速度が$H_W_GOOD15$COLOR_END上昇します。	icon_items.orb_of_luck_tex
4510011	Buff	True	True	False	太陽の玉	太陽の玉がついて来ます。非戦闘状態での移動速度が$H_W_GOOD15$COLOR_END上昇します。	icon_items.orb_of_luck_tex
4510012	Buff	True	True	False	太陽の玉	太陽の玉がついて来ます。非戦闘状態での移動速度が$H_W_GOOD15$COLOR_END上昇します。	icon_items.orb_of_luck_tex
4510013	Buff	True	True	False	太陽の玉	太陽の玉がついて来ます。非戦闘状態での移動速度が$H_W_GOOD15$COLOR_END上昇します。	icon_items.orb_of_luck_tex
4510014	Buff	True	True	False	太陽の玉	太陽の玉がついて来ます。非戦闘状態での移動速度が$H_W_GOOD15$COLOR_END上昇します。	icon_items.orb_of_luck_tex
4510015	Buff	True	True	False	勇気のメロディー	フカの笛の音を聴き、勇気が湧いてきます。スキルダメージが$H_W_GOOD3%$COLOR_END増加します。	icon_items.fallfestival_whistle_tex
4510016	Buff	False	True	False	角笛エフェクトのスキル	何の効果なし（エフェクト表示用）	icon_items.fallfestival_whistle_tex
5000000	Buff	True	True	True	今日から我らは強くなる！！	力/耐久力/衝撃/均衡/クリティカル率/移動速度が$H_W_GOOD3$COLOR_ENDほど増加します。	icon_items.wings_of_fairy_tex
5000001	Buff	True	True	True	信用ポイント上昇	獲得する信用数値と信用ポイントが100％増加します。ただし、戦場信用数値と戦場信用ポイントには適用されません。	icon_items.f2p_reputationbooster_tex
5000002	Buff	True	True	True	製作大成功確率上昇	大陸一の匠人、ドンカン家の祝福です。$BR制作進行時、大成功確率が10％上昇します。	icon_items.artisanmaster_up_tex
5000003	Buff	True	True	True	完全な光輝の書：クリスタル保護	死亡時、クリスタルが壊れるのを防止します。	icon_items.q_closedspace_stone_05_tex
5000004	Buff	True	True	True	採集速度上昇	採集速度が$H_W_GOOD40%$COLOR_END増加します。	icon_status.collect_speedup_tex
5690001	Buff	True	True	True	記憶の追跡者	記憶の破片の収集を手伝うため、死亡時にクリスタルが破壊されません。 	icon_skills.refineresin_tex
5690002	Buff	True	True	False	記憶の再構成	記憶再構成を通じて死亡した記憶を削除して復活できます。 	icon_status.mpsuckdown_tex
5692001	Buff	True	True	True	遊び部屋の支配者	遊びの部屋では立ち向かう相手がいません。	icon_skills.emergencyshield_tex
5692002	Buff	False	True	True	BTSハズキに攻撃命令	見えたらバグ	icon_skills.voidtrap_tex
5692003	Buff	False	True	False	BTSハズキに回復命令	見えたらバグ	icon_skills.voidtrap_tex
5692004	Buff	False	True	False	BTS最後の快楽	見えたらバグ	icon_skills.arouseanger_tex
5692005	Buff	True	False	False	快楽の財物	マズキの命令によってサディキンは動けません。	icon_skills.prophecyoflethargy_tex
5692006	Buff	True	True	True	命紡力のそでごい	マズキに命乞いをする。	icon_skills.emergencyshield_tex
5692007	Buff	True	False	False	過度な遊び	マズキが力を使用し過ぎてしばらくの間、怯みます。	icon_skills.lossofbalance_tex
5692008	WeakeningEffect	False	True	False	BTSサディキン防御バリア解除	見えたらバグ	icon_skills.arouseanger_tex
5693001	Buff	True	True	False	品位維持	ペット蜘蛛たちはムーラの気品を精一杯高めます。気品を維持するムーラにはどんな攻撃も通用しません。	icon_skills.emergencyshield_tex
5693002	DamageOverTime	True	False	False	クモの毒	蜘蛛の死体の毒に侵され、全体HPの$H_W_BAD3%$COLOR_ENDのHPが減少します。この効果は最大2回まで重複されます。	icon_status.poisonstatus_tex
5693003	WeakeningEffect	False	True	False	ムーラ保護膜解除用出たらBTS	(出たらNG)保護膜の解除	icon_skills.voidtrap_tex
5693004	WeakeningEffect	True	True	False	クモの糸	べたつく蜘蛛の糸を踏みました。$time間移動速度が$H_W_BAD0,6$COLOR_END減少します。べたつきは解除できます。	icon_status.minusmove_tex
5693006	Stun	True	False	False	気絶	ムーラから致命的なダメージを受けました。$time間気絶して動くことができません。	icon_status.confuseup_tex
5693007	Buff	False	True	False	ムーラパターン転換用出たらBTS	(出たらNG)ダメージ、異常状態い、リアクション、完全無敵	icon_skills.voidtrap_tex
5693008	WeakeningEffect	False	True	False	蜘蛛スキル発動条件出たらBTS	(出たらNG)効果がない一場状態	icon_skills.voidtrap_tex
5693009	Buff	False	True	False	ムーラパターン転換用出たらBTS	(出たらNG)ダメージ、異常状態い、リアクション、完全無敵	icon_skills.voidtrap_tex
5693010	WeakeningEffect	False	True	False	ムーラ保護膜解除用出たらBTS	(出たらNG)保護膜の解除	icon_skills.voidtrap_tex
5693101	WeakeningEffect	False	True	False	蜘蛛スキル発動条件出たらBTS	(出たらNG)効果がない一場状態	icon_skills.voidtrap_tex
5694001	Buff	False	True	False	出たらBTS	(出たらBTS)追加ミッション完了チェック用	icon_skills.arouseanger_tex
5694002	Buff	False	True	False	出たらBTS	(出たらBTS)追加ミッション完了チェック用	icon_skills.arouseanger_tex
5694003	Buff	False	True	False	出たらBTS	(出たらBTS)追加ミッション完了チェック用	icon_skills.arouseanger_tex
5694004	Buff	False	True	False	出たらBTS	(出たらBTS)追加ミッション完了チェック用	icon_skills.arouseanger_tex
7000001	Buff	True	True	False	体型変化：SD化	かわいいサリサリ族のような二頭身に変化します。$BR一定時間が経過すると状態が解除されます。	icon_status.icon_deadoo_ab_tex
7000002	Buff	True	True	False	体型変化：バストサイズ	グラマリンZ錠、バストールA錠の効果でバストサイズが変化しました。$BR $BRバスト部分が伸縮性のある材質で、「バストの大きさ変更可能」と表示された胴防具を装着した際にのみ効果が発揮されます。$BR $BR一定時間が経過すると状態が解除されます。アイテムの使用回数に従って効果が重複します。（－3段階～＋3段階）	icon_status.icon_poongu_ab_tex
7000003	Buff	True	True	False	体型変化：身長	セガノビール、セガチヂームの効果で身長が変化しました。$BR $BR一定時間が経過すると状態が解除されます。アイテムの使用回数に従って効果が重複します。（－3段階～＋3段階）	icon_status.icon_jangshin_ab_tex
7000004	Buff	True	True	False	体型変化：足の太さ	アシフトール、アシヤセールの効果で足の太さが変化しました。$BR $BR一定時間が経過すると状態が解除されます。アイテムの使用回数に従って効果が重複します。（－3段階～＋3段階）	icon_status.icon_yookduk00_ab_tex
7000005	Buff	True	True	False	体型変化：体格	デカクナール、チイサクナールの効果で体格が変化しました。$BR $BR戦闘状態に入るか、一定時間が経過すると状態が解除されます。アイテムの使用回数に従って効果が重複します。（－3段階～＋3段階）	icon_status.icon_janggoe_ab_tex
7000011	Buff	True	True	False	体型変化：SD化	かわいいサリサリ族のような二頭身に変化します。$BR一定時間が経過すると状態が解除されます。	icon_status.icon_deadoo_ab_tex
7000012	Buff	True	True	False	体型変化：バストサイズ	グラマリンZ錠、バストールA錠の効果でバストサイズが変化しました。$BR $BRバスト部分が伸縮性のある材質で、「バストの大きさ変更可能」と表示された胴防具を装着した際にのみ効果が発揮されます。$BR $BR一定時間が経過すると状態が解除されます。アイテムの使用回数に従って効果が重複します。（－3段階～＋3段階）	icon_status.icon_poongu_ab_tex
7000013	Buff	True	True	False	体型変化：身長	セガノビール、セガチヂームの効果で身長が変化しました。$BR $BR一定時間が経過すると状態が解除されます。アイテムの使用回数に従って効果が重複します。（－3段階～＋3段階）	icon_status.icon_jangshin_ab_tex
7000014	Buff	True	True	False	体型変化：足の太さ	アシフトール、アシヤセールの効果で足の太さが変化しました。$BR $BR一定時間が経過すると状態が解除されます。アイテムの使用回数に従って効果が重複します。（－3段階～＋3段階）	icon_status.icon_yookduk00_ab_tex
7000015	Buff	True	True	False	体型変化：体格	急成長キャンディーの効果で体格が変化しました。$BR $BR戦闘状態に入るか、一定時間が経過すると状態が解除されます。	icon_status.icon_janggoe_ab_tex
7000016	Buff	True	True	False	体型変化：体格	急成長キャンディーの効果で体格が変化しました。$BR $BR戦闘状態に入るか、一定時間が経過すると状態が解除されます。	icon_status.icon_janggoe_ab_tex
7000017	Buff	True	True	False	体型変化：体格	子どもキャンディーの効果で体格が変化しました。$BR $BR戦闘状態になるか、一定時間が経過すると状態が解除されます。	icon_status.icon_janggoe_ab_tex
7000018	Buff	True	True	False	体型変化：体格	子どもキャンディーの効果で体格が変化しました。$BR $BR戦闘状態になるか、一定時間が経過すると状態が解除されます。	icon_status.icon_janggoe_ab_tex
7000019	Buff	True	True	False	インナー：公開	他のプレイヤーもインナーを見ることができる状態です。$BR $BR一定時間後、元の状態に戻ります。	icon_status.icon_yookduk00_ab_tex
7000020	Buff	True	True	False	インナー：非公開	自分だけインナーを見ることができる状態です。$BR $BR一定時間後、元の状態に戻ります。	icon_status.icon_yookduk00_ab_tex
7000021	Buff	True	True	False	インナー：公開	他のプレイヤーもインナーを見ることができる状態です。$BR $BR一定時間後、元の状態に戻ります。	icon_items.portion_underwear1_tex
7000022	Buff	True	True	False	インナー：非公開	自分だけインナーを見ることができる状態です。$BR $BR一定時間後、元の状態に戻ります。	icon_items.portion_underwear1_tex
7000023	Buff	True	True	False	インナー：公開	他のプレイヤーもインナーを見ることができる状態です。$BR $BR一定時間後、元の状態に戻ります。	icon_items.portion_underwear2_tex
7000024	Buff	True	True	False	インナー：非公開	自分だけインナーを見ることができる状態です。$BR $BR一定時間後、元の状態に戻ります。	icon_items.portion_underwear2_tex
7000025	Buff	True	True	False	インナー：公開	他のプレイヤーもインナーを見ることができる状態です。$BR $BR一定時間後、元の状態に戻ります。	icon_items.portion_underwear1_tex
7000026	Buff	True	True	False	インナー：非公開	自分だけインナーを見ることができる状態です。$BR $BR一定時間後、元の状態に戻ります。	icon_items.portion_underwear1_tex
7000027	Buff	True	True	False	インナー：公開	他のプレイヤーもインナーを見ることができる状態です。$BR $BR一定時間後、元の状態に戻ります。	icon_items.portion_underwear2_tex
7000028	Buff	True	True	False	インナー：非公開	自分だけインナーを見ることができる状態です。$BR $BR一定時間後、元の状態に戻ります。	icon_items.portion_underwear2_tex
7000029	Buff	True	True	False	体型変化：体格	急成長キャンディーの効果で体格が変化しました。$BR $BR戦闘状態になるか、一定時間が経過すると状態が解除されます。	icon_status.icon_janggoe_ab_tex
7000030	Buff	True	True	False	体型変化：体格	急成長キャンディーの効果で体格が変化しました。$BR $BR戦闘状態になるか、一定時間が経過すると状態が解除されます。	icon_status.icon_janggoe_ab_tex
7000031	Buff	True	True	False	体型変化：SD化	かわいいサリサリ族のような二頭身に変化します。$BR $BR一定時間が経過すると状態が解除されます。	icon_status.icon_deadoo_ab_tex
7101000	WeakeningEffect	True	True	False	魔力凝縮	力強い魔力を凝縮して力と攻撃速度が増加します。この状態異常は解除できないです。	
7101001	WeakeningEffect	False	True	False			
7101002	DamageOverTime	False	True	False			
7101003	DamageOverTime	True	False	False			
7101004	DamageOverTime	True	True	False			
7101005	DamageOverTime	True	False	False			
7101006	DamageOverTime	True	True	False			
7101007	DamageOverTime	True	True	False			
7101008	Buff	True	True	False	火と雷のオーラ	ゴルゴスが属性のオーラを纏い、自身の攻撃力を上昇させました。	icon_status.darkriftgravity_tex
7101009	Buff	False	True	False			
7101010	Buff	False	True	False			
7101011	Buff	False	True	False			
7101012	Buff	False	True	False			
7101013	Buff	False	True	False			
7101014	Buff	False	True	False			
7101015	Buff	False	True	False			
7101016	Buff	False	True	False			
7101017	Buff	False	True	False			
7101018	Buff	False	True	False			
7102000	WeakeningEffect	True	True	False	この場所は危険です！！	不吉な魔力のオーラが身を包みます。急いでここから離れてください。回復量が$H_W_BAD30％$COLOR_END減少し、$H_W_BAD5$COLOR_END重複時に何かよくない事が起こります。	
7102001	DamageOverTime	True	True	False	魔力噴出	力強い魔力に充てられ体がもちません。毎秒$H_W_BAD50％$COLOR_ENDのHPが減少します。	
7102002	DamageOverTime	True	False	False	不吉なオーラ	不吉なオーラによって移動速度が$H_W_BAD0,2$COLOR_END減少し、$H_W_BAD3$COLOR_END second1毎にHPが$H_W_BAD10％$COLOR_ENDずつ減少します。	icon_skills.painfulshackle_tex
7102003	DamageOverTime	True	False	False	汚染地帯	汚染地帯に襲撃され、2秒につき$H_W_BAD10％$COLOR_ENDのHPが減少します。	
7102004	WeakeningEffect	False	True	False	2重集中攻撃	該当の状態異常付与されたpcに2重集中攻撃。	
7102005	DamageOverTime	True	False	False	猛毒	強烈な一撃により、出血が発生しました。1秒につき$H_W_BAD1％$COLOR_ENDのHPが減少します。この状態異常は解除できません。	
7102006	WeakeningEffect	True	True	False	炎のオーラ	あなたの身を火が包んでいます。	icon_status.firedamage_tex
7102007	WeakeningEffect	True	True	False	雷のオーラ	あなたの身を雷が包んでいます。	icon_skills.electricshock_tex
7102008	Stun	True	False	False	気絶V	気を失った状態で動くことができません。	icon_status.confuseup_tex
7102009	WeakeningEffect	True	True	False	光のオーラ	あなたの身を光が包んでいます。	icon_status.lighteffect_tex
7102010	WeakeningEffect	False	True	False	火チェック	火チェック	
7102011	WeakeningEffect	False	True	False	雷チェック	雷チェック	
7102012	WeakeningEffect	True	True	False	光チェック	光チェック	
7102013	DamageOverTime	True	False	False			
7102014	Buff	True	True	False			
7102015	WeakeningEffect	True	True	False	雷輪	周囲に雷輪が発生しました。味方にダメージを与える可能性がありますので、気を付けてください。	icon_skills.electricshock_tex
7102016	WeakeningEffect	True	True	False			
7102017	Buff	False	True	True			
7102018	WeakeningEffect	True	True	False			
7102019	Buff	False	True	True			
7102020	WeakeningEffect	True	True	False			
7102021	WeakeningEffect	False	True	False			
7102022	WeakeningEffect	False	True	False			
7102023	WeakeningEffect	True	True	False			
7102024	WeakeningEffect	True	True	False			
7102025	WeakeningEffect	False	True	False			
7102026	WeakeningEffect	False	True	False			
7102027	Buff	False	True	True			
7102028	WeakeningEffect	True	True	False			
7102029	DamageOverTime	True	False	False			
7102030	DamageOverTime	True	False	False			
7102031	DamageOverTime	True	False	False			
7102032	DamageOverTime	True	False	False			
7102033	DamageOverTime	True	False	False			
7102034	DamageOverTime	True	True	False			
7102035	DamageOverTime	True	False	False			
7102036	DamageOverTime	True	False	False			
7102037	DamageOverTime	True	False	False			
7102038	DamageOverTime	True	False	False			
7102039	DamageOverTime	True	False	False			
7102040	DamageOverTime	True	False	False			
7102041	DamageOverTime	True	False	False			
7102042	DamageOverTime	True	False	False			
7102043	DamageOverTime	True	False	False			
7102044	DamageOverTime	True	False	False			
7102045	DamageOverTime	True	False	False			
7102046	DamageOverTime	True	True	False			
7102047	Stun	True	False	False			
7102048	WeakeningEffect	False	False	False			
7102049	WeakeningEffect	False	True	False			
7102050	WeakeningEffect	False	True	False			
7102051	Buff	True	True	True	気分がいいモレク	気分が良さそうです。モレクの攻撃力、攻撃速度が上昇します。	icon_status.plusepoisonresist_tex
7102052	Buff	True	True	True	とても気分が良いモレク	とても気分が良さそうです。モレクの攻撃力、攻撃速度が大きく上昇します。	icon_status.plusecritical_tex
7102053	Buff	True	True	True	怒ったモレク	頭に来たようです。モレクの攻撃力、攻撃速度が上昇します。	icon_status.plusepoisonresist_tex
7102054	Buff	True	True	True	とても怒っているモレク	とても頭に来ました。モレクの攻撃力、攻撃速度が大きく上昇します。	icon_status.plusecritical_tex
7102055	Buff	False	True	True			
7102056	Buff	False	True	True			
7102057	Buff	False	True	True			
7102058	Buff	False	True	True			
7102059	Stun	True	False	False	沈黙	モレクに圧倒され、スキルを使用できません。	icon_status.sealskill_tex
7103000	WeakeningEffect	False	True	False			
7103001	Buff	True	True	False			
7103002	WeakeningEffect	True	True	False			
7103003	Buff	True	True	False			
7103004	DamageOverTime	False	True	False			
7103005	WeakeningEffect	False	True	False			
7103006	DamageOverTime	True	True	False			
7103007	WeakeningEffect	True	True	False	異空間の力	バルバトスがあなたを狙っています。	icon_status.godspell_tex
7103008	WeakeningEffect	True	True	False	異空間の力	バルバトスがあなたを狙っています。	icon_status.godspell_tex
7103009	WeakeningEffect	True	True	False	異空間の力	バルバトスがあなたを狙っています。	icon_status.godspell_tex
7103010	WeakeningEffect	True	True	False			
7103011	WeakeningEffect	True	False	False			
7103012	WeakeningEffect	True	True	False			
7103013	WeakeningEffect	True	False	False			
7103014	WeakeningEffect	False	True	False			
7103015	WeakeningEffect	False	True	False			
7103016	WeakeningEffect	True	False	False			
7103017	Buff	False	True	False			
7103018	Buff	False	True	False			
7103020	WeakeningEffect	True	True	False	異空間の力	バルバトスがあなたを狙っています。	icon_status.godspell_tex
7103021	Buff	False	True	True			
7103022	Buff	False	True	True			
7103023	Buff	False	True	True			
7103024	Buff	False	True	True			
7103025	Buff	False	True	True			
7103026	Buff	False	True	True			
7103027	Buff	False	True	True			
7103028	Buff	False	True	True			
7103029	Buff	False	True	True			
7103030	Buff	False	True	True			
7103031	Buff	False	True	True			
7103032	Buff	True	True	True			
7103033	WeakeningEffect	False	True	False			
7103034	Buff	False	True	False			
7103035	Buff	False	True	False			
7103036	WeakeningEffect	False	True	False			
7103037	WeakeningEffect	False	True	True			
7104001	WeakeningEffect	False	True	False			
7104002	WeakeningEffect	False	True	False			
7104003	WeakeningEffect	False	True	False			
7104004	WeakeningEffect	False	True	False			
7104005	WeakeningEffect	False	True	False			
7691000	WeakeningEffect	True	True	False	エネルギー吸収	リリスの魅惑に惑わされました。行動することができません。$H_W_BAD2秒$COLOR_ENDあたり $H_W_BAD10000$COLOR_ENDの固定ダメージを受けます。	icon_status.minusfocus_tex
7691001	Buff	True	True	False	バリア	リリスがエネルギーを吸収する間、一定ダメージ量を吸収します。	icon_status.immunedebuff_tex
7691002	Buff	False	True	False			
7691003	DamageOverTime	False	True	False			
7691004	Stun	True	False	False			icon_status.fearstatus_tex
7691005	WeakeningEffect	False	True	False			
7691006	Stun	True	True	False	無気力	体に力が入りません。行動不能状態になります。	icon_skills.stoneshape_tex
7691007	Buff	True	True	False	凶暴化	リリスがエネルギーを吸収し、攻撃力が$H_W_GOOD10％$COLOR_END増加します。	icon_status.plusattack_tex
7691008	Stun	True	False	False			
7691009	WeakeningEffect	True	False	False			
7691010	WeakeningEffect	True	False	False			
7691011	WeakeningEffect	True	True	False	スロー	移動速度が$H_W_BAD50％$COLOR_END減少します。この異常状態は解除できません。	icon_status.minusmove_tex
7691012	DamageOverTime	True	False	False	リリスの呪い	リリスの呪いが発生しました。時間内に解除できないと即死します。	icon_status.minuswill_tex
7691013	WeakeningEffect	False	True	False			icon_status.fearstatus_tex
7691014	WeakeningEffect	True	True	False	意志の弱さ	リリスの幻惑に対する耐性が弱くなります。5重複時、何かよくないことが起こりそうです。	icon_status.paralyzestatus_tex
7691015	WeakeningEffect	True	True	False	幻惑	リリスに幻惑されました。間もなく、恐ろしい事が起こります。	icon_status.diffusionabnormality_tex
7691016	WeakeningEffect	True	True	False	エネルギー吸収	リリスの魅惑に惑わされました。行動することができません。	icon_status.minusfocus_tex
7691017	WeakeningEffect	False	True	False			
7691018	Buff	True	True	False	バリア	100,000のダメージを吸収します。	icon_status.immunedebuff_tex
7691019	WeakeningEffect	True	True	False	催眠準備	リリスがプレイヤーに催眠をかけるための準備をしています。この異常状態を解除しないと、睡眠状態になります。	icon_skills.sleepwind_tex
7691020	WeakeningEffect	False	True	False	異常状態チェック用	異常状態チェック後、睡眠	
7691021	WeakeningEffect	True	True	False	睡眠	深い眠りに落ち、抜け出すことができません。持続的にＨＰが減少します。	icon_skills.sleepwind_tex
7691022	Buff	False	False	False			
7691023	Buff	False	False	False			
7692000	Stun	True	False	False	束縛	蝋が身体について、移動速度が遅くなります。	icon_status.minusmove_tex
7692001	WeakeningEffect	True	True	False			icon_status.minusfocus_tex
7692002	DamageOverTime	True	False	False	固くなった蝋	蝋が固くなり、身動きが取れません。	icon_status.chainsnare_tex
7692003	Buff	True	True	False	疾走	移動速度が増加します。	icon_status.aura_of_wind_tex
7692004	DamageOverTime	True	False	False	熱い蝋	熱い蝋が体にくっつきました。$H_W_BAD3$COLOR_END second1ごとに全HPの$H_W_BAD2.6％$COLOR_ENDずつHPが減少します。	icon_status.blooduanty_tex
7692005	DamageOverTime	True	False	False	出血	強力な一撃により出血が発生し、移動速度が$H_W_BAD0,5$COLOR_END 減少され、$H_W_BAD2$COLOR_END second1ごとに全HP対比$H_W_BAD6％$COLOR_ENDに至るHPが持続的に減少します。	icon_status.minuscriticalresist_tex
7777001	Buff	True	True	False			icon_status.icon_yookduk00_ab_tex
7777002	Buff	True	True	False			icon_status.icon_yookduk00_ab_tex
7777003	Buff	True	True	False			icon_status.icon_yookduk00_ab_tex
7777004	Buff	True	True	False			icon_status.icon_yookduk00_ab_tex
7777005	Buff	True	True	False			icon_status.icon_yookduk00_ab_tex
7777006	Buff	True	True	False			icon_status.icon_yookduk00_ab_tex
7777007	Buff	True	True	False			icon_status.icon_yookduk00_ab_tex
7777008	Buff	True	True	False			icon_status.icon_yookduk00_ab_tex
7777009	Buff	True	True	False			icon_status.icon_yookduk00_ab_tex
7777010	Buff	True	True	False			icon_status.icon_yookduk00_ab_tex
7777011	Buff	True	True	False			icon_status.icon_yookduk00_ab_tex
7777012	Buff	True	True	False			icon_status.icon_yookduk00_ab_tex
7777013	Buff	True	True	False			icon_status.icon_yookduk00_ab_tex
7777014	Buff	True	True	False			icon_status.icon_yookduk00_ab_tex
7777015	Buff	True	True	False	T.E.R.A TIME	スキルのクールタイムが20％減少し、毎秒のマナ回復量が大きく増加します。	icon_status.pluswill_tex
7940000	Stun	False	True	True			
7941001	Stun	True	False	False	強力な頭痛	ケーブキーパーが木に頭をぶつかって朦朧としています。	icon_status.confuseup_tex
7941002	WeakeningEffect	True	True	False	ケーブキーパーの興味	ケーブキーパーがあなたを睨みつけています。あなたに向かって強力な攻撃を仕掛けてきそうです。	icon_skills.througharrow_tex
7941003	WeakeningEffect	False	True	False			
7941004	Stun	False	False	False			
7941005	Stun	False	False	False			
7941006	WeakeningEffect	False	True	True			
7941007	WeakeningEffect	False	True	True			
7941008	WeakeningEffect	False	True	True			
7941009	WeakeningEffect	False	True	True			
7941010	WeakeningEffect	False	True	True			
7941011	Buff	True	False	True	堅い皮膚	堅い皮膚がケーブキーパーを包めています。これを破ればこいつにもバナナの皮を踏ませることができそうです。	icon_status.balanceup_tex
7941012	WeakeningEffect	False	True	False			
7941013	Stun	False	False	False			
7941014	Stun	True	False	False	出血	床に落ちて怪我をしました。持続的にHPが減少します。	icon_status.injuredbtdarkness_tex
7941015	Stun	True	False	False	衝撃	強い衝撃で何もできません。	icon_status.confuseup_tex
7941016	WeakeningEffect	False	True	False			
7941017	WeakeningEffect	False	True	False			
7941018	WeakeningEffect	False	True	True			
7941019	WeakeningEffect	False	True	True			
7941020	WeakeningEffect	False	True	True			
7941021	Buff	True	True	True			
7941022	DamageOverTime	True	False	False	粘つく液体	粘つく液体が体に纏わりついて動けません。	icon_skills.curseofshackle_tex
7941023	WeakeningEffect	False	True	True			
7941024	WeakeningEffect	False	True	True			
7941025	WeakeningEffect	False	True	True			
7941026	Buff	True	True	True	子サルの応援-1段階	子サルがケーブキーパーを応援します。ケーブキーパーの攻撃力と攻撃速度が増加します。	icon_status.plusciriticalresist_tex
7941027	Buff	True	True	True	子サルの応援-2段階	子サルがケーブキーパーを応援します。ケーブキーパーの攻撃力と攻撃速度が増加します。	icon_status.plusciriticalresist_tex
7941028	Buff	True	True	True	子サルの応援-3段階	子サルがケーブキーパーを応援します。ケーブキーパーの攻撃力と攻撃速度が増加します。	icon_status.plusciriticalresist_tex
7941029	WeakeningEffect	False	True	False			
7941030	WeakeningEffect	True	True	False	子サルの興味	木にぶら下がったサルがあなたを見つめています。どうやらバナナの皮を投げそうです。	icon_items.banana_tex
7941031	WeakeningEffect	False	True	True			
7941032	Stun	False	False	False			
7941033	WeakeningEffect	False	True	False			
7941034	WeakeningEffect	False	True	False			
7941035	WeakeningEffect	False	True	False			
7942001	WeakeningEffect	False	True	False			
7942002	WeakeningEffect	True	True	True			
7942003	WeakeningEffect	True	True	True			
7942004	DamageOverTime	False	False	False			
7942005	DamageOverTime	False	True	False			
7942006	WeakeningEffect	True	True	False	魔力浸透	レニムがあなたに魔力を浸透させて何かを召喚しようとしています。	icon_status.minusfocus_tex
7942007	WeakeningEffect	True	True	False	魔力浸透	レニムがあなたに魔力を浸透させて何かを召喚しようとしています。	icon_status.minusfocus_tex
7942008	Stun	True	False	False			
7942009	Stun	True	False	False			
7942010	WeakeningEffect	False	True	False			
7942011	WeakeningEffect	False	True	True			
7942012	WeakeningEffect	False	True	True			
7942013	WeakeningEffect	True	True	False			icon_items.cancel_lockon_potion_level_51_tex
7942014	WeakeningEffect	False	True	False			
7942015	Buff	True	True	False			
7942016	WeakeningEffect	False	True	False			
7942017	WeakeningEffect	False	True	True			
7942018	WeakeningEffect	False	True	False			
7942019	WeakeningEffect	False	True	False			
7942020	WeakeningEffect	False	True	False			
7942021	Stun	False	False	False			
7942022	WeakeningEffect	False	True	False			
7942023	WeakeningEffect	True	True	False			
7942024	WeakeningEffect	True	True	False			
7942025	WeakeningEffect	False	True	False			
7942026	WeakeningEffect	False	True	False			
7942027	WeakeningEffect	True	True	False			
7942028	DamageOverTime	False	True	False			
7942029	DamageOverTime	False	True	False			
7942030	DamageOverTime	False	True	False			
7942031	DamageOverTime	False	True	False			
7942032	DamageOverTime	False	True	False			
7942033	DamageOverTime	False	False	False			
7942034	WeakeningEffect	False	True	True			
7942035	WeakeningEffect	False	True	True			
7942036	Stun	False	False	False			
7942037	WeakeningEffect	True	True	True	鉱物の赤いマナ	鉱物の赤いマナがあなたを包んでいます。赤い光の光線に害はありません。	icon_status.immunedebuff_tex
7942038	WeakeningEffect	True	True	True	鉱物の青いマナ	鉱物の青いマナがあなたを包んでいます。青い光の光線に害はありません。	icon_status.immunedebuff_tex
7942039	WeakeningEffect	True	True	True	鉱物の白いマナ	鉱物の白いマナがあなたを包んでいます。白い光の光線に害はありません。	icon_status.immunedebuff_tex
7942040	DamageOverTime	False	True	False			
7942041	DamageOverTime	False	True	False			
7942042	WeakeningEffect	False	True	False			
7942043	WeakeningEffect	False	True	True			
7942044	WeakeningEffect	False	True	True			
7942045	WeakeningEffect	False	True	True			
7942046	WeakeningEffect	False	True	True			
7942047	WeakeningEffect	False	True	True			
7942048	WeakeningEffect	False	True	True			
7942049	WeakeningEffect	False	True	False			
7942050	WeakeningEffect	False	True	True			
7943001	WeakeningEffect	False	True	True			
7943002	WeakeningEffect	False	True	True			
7943003	WeakeningEffect	False	True	False			
7943004	WeakeningEffect	False	True	False			
7943005	WeakeningEffect	False	True	False			
7943006	WeakeningEffect	False	True	False			
7943007	WeakeningEffect	False	True	True			
7943008	WeakeningEffect	False	True	True			
7943009	WeakeningEffect	False	True	True			
7943010	WeakeningEffect	False	True	True			
7943011	WeakeningEffect	False	True	True			
7943012	WeakeningEffect	False	True	False			
7943013	WeakeningEffect	False	True	False			
7943014	WeakeningEffect	False	True	True			
7943015	WeakeningEffect	False	True	True			
7943016	Buff	True	True	False			
7943017	WeakeningEffect	False	True	False			
7943018	DamageOverTime	False	True	True			
7943019	DamageOverTime	False	True	False			
7943020	DamageOverTime	False	True	True			
7943021	WeakeningEffect	False	True	False			
7943022	WeakeningEffect	False	True	True			
7943023	WeakeningEffect	False	True	False			
7943024	WeakeningEffect	False	True	False			
7943025	WeakeningEffect	False	True	False			
7943026	WeakeningEffect	False	True	False			
7943027	WeakeningEffect	True	False	False			
7943028	Buff	True	True	False	迅速な移動：準備	ゴブリンの移動速度がもうすぐ速くなりそうです。	icon_status.plusmove_tex
7943029	WeakeningEffect	False	True	False			
7943030	WeakeningEffect	False	True	False			
7943031	WeakeningEffect	False	True	True			
7943032	WeakeningEffect	False	True	True			
7943033	WeakeningEffect	False	True	True			
7943034	Buff	True	True	True	迅速な移動	ゴブリンの移動速度が非常に速くなりました。	icon_status.plusmove_tex
7943035	WeakeningEffect	False	True	True			
7943036	WeakeningEffect	False	True	False			
7943037	WeakeningEffect	False	True	True			
7943038	WeakeningEffect	True	True	True			
7943039	WeakeningEffect	True	True	False			
7943040	WeakeningEffect	True	True	False	冷たい魔力	冷たい魔力があなたを包みます。この魔力が凝集した時に温めてあげないとダメージを受けそうです。	icon_status.poisondown_tex
7943041	Stun	True	False	False			
7943042	Stun	True	False	False	熱い魔力	熱い魔力があなたを包みます。この魔力が凝集した時に冷やしてあげないとダメージを受けそうです。	icon_status.confuseup_tex
7943043	Stun	True	False	False			
7943044	Stun	True	False	False			
7943045	WeakeningEffect	True	True	True	火傷	火傷で持続的にHPが減少します。	icon_status.icedamage_tex
7943046	WeakeningEffect	True	True	True	凍傷	凍傷で移動速度が下がりました。	icon_status.firedamage_tex
7943047	WeakeningEffect	False	True	False			
7943048	WeakeningEffect	False	True	False			
7943049	WeakeningEffect	False	True	False			
7943050	WeakeningEffect	False	True	False			
7943051	WeakeningEffect	False	True	True			
7943052	WeakeningEffect	False	True	True			
8000000	Buff	True	True	False	高速成長30（5時間）	5時間、狩りの獲得経験値が30％増加します。	icon_items.f2p_xpbooster_tex
8000001	Buff	True	True	False	高速成長30（10時間）	10時間、狩りの獲得経験値が30％増加します。	icon_items.f2p_xpbooster_tex
8000002	Buff	True	True	False	高速成長30（30時間）	30時間、狩りの獲得経験値が30％増加します。	icon_items.f2p_xpbooster_tex
8000003	Buff	True	True	False	高速成長30（1日）	1日、狩りの獲得経験値が30％増加します。接続を終了しても残り時間は減少します。	icon_items.f2p_xpbooster_tex
8000004	Buff	True	True	False	高速成長30（7日）	7日間、狩りの獲得経験値が30％増加します。接続を終了しても残り時間は減少します。	icon_items.f2p_xpbooster_tex
8000005	Buff	True	True	False	高速成長30（30日）	30日間、狩りの獲得経験値が30％増加します。接続を終了しても残り時間は減少します。	icon_items.f2p_xpbooster_tex
8000006	Buff	True	True	False	高速成長50（5時間）	5時間、狩りの獲得経験値が50％増加します。	icon_items.f2p_xpbooster_tex
8000007	Buff	True	True	False	高速成長50（10時間）	10時間、狩りの獲得経験値が50％増加します。	icon_items.f2p_xpbooster_tex
8000008	Buff	True	True	False	高速成長50（30時間）	30時間、狩りの獲得経験値が50％増加します。	icon_items.f2p_xpbooster_tex
8000009	Buff	True	True	False	高速成長50（1日）	1日、狩りの獲得経験値が50％増加します。接続を終了しても残り時間は減少します。	icon_items.f2p_xpbooster_tex
8000010	Buff	True	True	False	高速成長50（7日）	7日間、狩りの獲得経験値が50％増加します。接続を終了しても残り時間は減少します。	icon_items.f2p_xpbooster_tex
8000011	Buff	True	True	False	高速成長50（30日）	30日間、狩りの獲得経験値が50％増加します。接続を終了しても残り時間は減少します。	icon_items.f2p_xpbooster_tex
8000012	Buff	True	True	False	高速成長100（5時間）	5時間、狩りの獲得経験値が100％増加します。	icon_items.f2p_xpbooster_tex
8000013	Buff	True	True	False	高速成長100（10時間）	10時間、狩りの獲得経験値が100％増加します。	icon_items.f2p_xpbooster_tex
8000014	Buff	True	True	False	高速成長100（30時間）	30時間、狩りの獲得経験値が100％増加します。	icon_items.f2p_xpbooster_tex
8000015	Buff	True	True	False	高速成長100（1日）	1日、狩りの獲得経験値が100％増加します。接続を終了しても残り時間は減少します。	icon_items.f2p_xpbooster_tex
8000016	Buff	True	True	False	高速成長100（7日）	7日間、狩りの獲得経験値が100％増加します。接続を終了しても残り時間は減少します。	icon_items.f2p_xpbooster_tex
8000017	Buff	True	True	False	高速成長100（30日）	30日間、狩りの獲得経験値が100％増加します。接続を終了しても残り時間は減少します。	icon_items.f2p_xpbooster_tex
8000018	Buff	True	True	False	幸運の収集家30（5時間）	5時間、狩りの獲得ゴールドが30％増加します。	icon_items.f2p_dropgoldbooster_tex
8000019	Buff	True	True	False	幸運の収集家30（10時間）	10時間、狩りの獲得ゴールドが30％増加します。	icon_items.f2p_dropgoldbooster_tex
8000020	Buff	True	True	False	幸運の収集家30（30時間）	30時間、狩りの獲得ゴールドが30％増加します。	icon_items.f2p_dropgoldbooster_tex
8000021	Buff	True	True	False	幸運の収集家30（1日）	1日、狩りの獲得ゴールドが30％増加します。接続を終了しても残り時間は減少します。	icon_items.f2p_dropgoldbooster_tex
8000022	Buff	True	True	False	幸運の収集家30（7日）	7日間、狩りの獲得ゴールドが30％増加します。接続を終了しても残り時間は減少します。	icon_items.f2p_dropgoldbooster_tex
8000023	Buff	True	True	False	幸運の収集家30（30日）	30日間、狩りの獲得ゴールドが30％増加します。接続を終了しても残り時間は減少します。	icon_items.f2p_dropgoldbooster_tex
8000024	Buff	True	True	False	幸運の収集家50（5時間）	5時間、狩りの獲得ゴールドが50％増加します。	icon_items.f2p_dropgoldbooster_tex
8000025	Buff	True	True	False	幸運の収集家50（10時間）	10時間、狩りの獲得ゴールドが50％増加します。	icon_items.f2p_dropgoldbooster_tex
8000026	Buff	True	True	False	幸運の収集家50（30時間）	30時間、狩りの獲得ゴールドが50％増加します。	icon_items.f2p_dropgoldbooster_tex
8000027	Buff	True	True	False	幸運の収集家50（1日）	1日、狩りの獲得ゴールドが50％増加します。接続を終了しても残り時間は減少します。	icon_items.f2p_dropgoldbooster_tex
8000028	Buff	True	True	False	幸運の収集家50（7日）	7日間、狩りの獲得ゴールドが50％増加します。接続を終了しても残り時間は減少します。	icon_items.f2p_dropgoldbooster_tex
8000029	Buff	True	True	False	幸運の収集家50（30日）	30日間、狩りの獲得ゴールドが50％増加します。接続を終了しても残り時間は減少します。	icon_items.f2p_dropgoldbooster_tex
8000030	Buff	True	True	False	幸運の収集家100（5時間）	5時間、狩りの獲得ゴールドが100％増加します。	icon_items.f2p_dropgoldbooster_tex
8000031	Buff	True	True	False	幸運の収集家100（10時間）	10時間、狩りの獲得ゴールドが100％増加します。	icon_items.f2p_dropgoldbooster_tex
8000032	Buff	True	True	False	幸運の収集家100（30時間）	30時間、狩りの獲得ゴールドが100％増加します。	icon_items.f2p_dropgoldbooster_tex
8000033	Buff	True	True	False	幸運の収集家100（1日）	1日、狩りの獲得ゴールドが100％増加します。接続を終了しても残り時間は減少します。	icon_items.f2p_dropgoldbooster_tex
8000034	Buff	True	True	False	幸運の収集家100（7日）	7日間、狩りの獲得ゴールドが100％増加します。接続を終了しても残り時間は減少します。	icon_items.f2p_dropgoldbooster_tex
8000035	Buff	True	True	False	幸運の収集家100（30日）	30日間、狩りの獲得ゴールドが100％増加します。接続を終了しても残り時間は減少します。	icon_items.f2p_dropgoldbooster_tex
8000036	Buff	True	True	False	交渉の名手30（5時間）	5時間、クエストのゴールド報酬が30％増加します。	icon_items.f2p_questrewardbooster_tex
8000037	Buff	True	True	False	交渉の名手30（10時間）	10時間、クエストのゴールド報酬が30％増加します。	icon_items.f2p_questrewardbooster_tex
8000038	Buff	True	True	False	交渉の名手30（30時間）	30時間、クエストのゴールド報酬が30％増加します。	icon_items.f2p_questrewardbooster_tex
8000039	Buff	True	True	False	交渉の名手30（1日）	1日、クエストのゴールド報酬が30％増加します。接続を終了しても残り時間は減少します。	icon_items.f2p_questrewardbooster_tex
8000040	Buff	True	True	False	交渉の名手30（7日）	7日間、クエストのゴールド報酬が30％増加します。接続を終了しても残り時間は減少します。	icon_items.f2p_questrewardbooster_tex
8000041	Buff	True	True	False	交渉の名手30（30日）	30日間、クエストのゴールド報酬が30％増加します。接続を終了しても残り時間は減少します。	icon_items.f2p_questrewardbooster_tex
8000042	Buff	True	True	False	交渉の名手50（5時間）	5時間、クエストのゴールド報酬が50％増加します。	icon_items.f2p_questrewardbooster_tex
8000043	Buff	True	True	False	交渉の名手50（10時間）	10時間、クエストのゴールド報酬が50％増加します。	icon_items.f2p_questrewardbooster_tex
8000044	Buff	True	True	False	交渉の名手50（30時間）	30時間、クエストのゴールド報酬が50％増加します。	icon_items.f2p_questrewardbooster_tex
8000045	Buff	True	True	False	交渉の名手50（1日）	1日、クエストのゴールド報酬が50％増加します。接続を終了しても残り時間は減少します。	icon_items.f2p_questrewardbooster_tex
8000046	Buff	True	True	False	交渉の名手50（7日）	7日間、クエストのゴールド報酬が50％増加します。接続を終了しても残り時間は減少します。	icon_items.f2p_questrewardbooster_tex
8000047	Buff	True	True	False	交渉の名手50（30日）	30日間、クエストのゴールド報酬が50％増加します。接続を終了しても残り時間は減少します。	icon_items.f2p_questrewardbooster_tex
8000048	Buff	True	True	False	交渉の名手100（5時間）	5時間、クエストのゴールド報酬が100％増加します。	icon_items.f2p_questrewardbooster_tex
8000049	Buff	True	True	False	交渉の名手100（10時間）	10時間、クエストのゴールド報酬が100％増加します。	icon_items.f2p_questrewardbooster_tex
8000050	Buff	True	True	False	交渉の名手100（30時間）	30時間、クエストのゴールド報酬が100％増加します。	icon_items.f2p_questrewardbooster_tex
8000051	Buff	True	True	False	交渉の名手100（1日）	1日、クエストのゴールド報酬が100％増加します。接続を終了しても残り時間は減少します。	icon_items.f2p_questrewardbooster_tex
8000052	Buff	True	True	False	交渉の名手100（7日）	7日間、クエストのゴールド報酬が100％増加します。接続を終了しても残り時間は減少します。	icon_items.f2p_questrewardbooster_tex
8000053	Buff	True	True	False	交渉の名手100（30日）	30日間、クエストのゴールド報酬が100％増加します。接続を終了しても残り時間は減少します。	icon_items.f2p_questrewardbooster_tex
8000054	Buff	True	True	False	信頼の証票30（5時間）	5時間、獲得する信用数値と信用ポイントが30％増加します。ただし、戦場信用数値と戦場信用ポイントには適用されません。	icon_items.f2p_reputationbooster_tex
8000055	Buff	True	True	False	信頼の証票30（10時間）	10時間、獲得する信用数値と信用ポイントが30％増加します。ただし、戦場信用数値と戦場信用ポイントには適用されません。	icon_items.f2p_reputationbooster_tex
8000056	Buff	True	True	False	信頼の証票30（30時間）	30時間、獲得する信用数値と信用ポイントが30％増加します。ただし、戦場信用数値と戦場信用ポイントには適用されません。	icon_items.f2p_reputationbooster_tex
8000057	Buff	True	True	False	信頼の証票30（1日）	1日、獲得する信用数値と信用ポイントが30％増加します。ただし、戦場信用数値と戦場信用ポイントには適用されません。接続を終了しても残り時間は減少します。	icon_items.f2p_reputationbooster_tex
8000058	Buff	True	True	False	信頼の証票30（7日）	7日間、獲得する信用数値と信用ポイントが30％増加します。ただし、戦場信用数値と戦場信用ポイントには適用されません。接続を終了しても残り時間は減少します。	icon_items.f2p_reputationbooster_tex
8000059	Buff	True	True	False	信頼の証票30（30日）	30日間、獲得する信用数値と信用ポイントが30％増加します。ただし、戦場信用数値と戦場信用ポイントには適用されません。接続を終了しても残り時間は減少します。	icon_items.f2p_reputationbooster_tex
8000060	Buff	True	True	False	信頼の証票50（5時間）	5時間、獲得する信用数値と信用ポイントが50％増加します。ただし、戦場信用数値と戦場信用ポイントには適用されません。	icon_items.f2p_reputationbooster_tex
8000061	Buff	True	True	False	信頼の証票50（10時間）	10時間、獲得する信用数値と信用ポイントが50％増加します。ただし、戦場信用数値と戦場信用ポイントには適用されません。	icon_items.f2p_reputationbooster_tex
8000062	Buff	True	True	False	信頼の証票50（30時間）	30時間、獲得する信用数値と信用ポイントが50％増加します。ただし、戦場信用数値と戦場信用ポイントには適用されません。	icon_items.f2p_reputationbooster_tex
8000063	Buff	True	True	False	信頼の証票50（1日）	1日、獲得する信用数値と信用ポイントが50％増加します。ただし、戦場信用数値と戦場信用ポイントには適用されません。接続を終了しても残り時間は減少します。	icon_items.f2p_reputationbooster_tex
8000064	Buff	True	True	False	信頼の証票50（7日）	7日間、獲得する信用数値と信用ポイントが50％増加します。ただし、戦場信用数値と戦場信用ポイントには適用されません。接続を終了しても残り時間は減少します。	icon_items.f2p_reputationbooster_tex
8000065	Buff	True	True	False	信頼の証票50（30日）	30日間、獲得する信用数値と信用ポイントが50％増加します。ただし、戦場信用数値と戦場信用ポイントには適用されません。接続を終了しても残り時間は減少します。	icon_items.f2p_reputationbooster_tex
8000066	Buff	True	True	False	信頼の証票100（5時間）	5時間、獲得する信用数値と信用ポイントが100％増加します。ただし、戦場信用数値と戦場信用ポイントには適用されません。	icon_items.f2p_reputationbooster_tex
8000067	Buff	True	True	False	信頼の証票100（10時間）	10時間、獲得する信用数値と信用ポイントが100％増加します。ただし、戦場信用数値と戦場信用ポイントには適用されません。	icon_items.f2p_reputationbooster_tex
8000068	Buff	True	True	False	信頼の証票100（30時間）	30時間、獲得する信用数値と信用ポイントが100％増加します。ただし、戦場信用数値と戦場信用ポイントには適用されません。	icon_items.f2p_reputationbooster_tex
8000069	Buff	True	True	False	信頼の証票100（1日）	1日、獲得する信用数値と信用ポイントが100％増加します。ただし、戦場信用数値と戦場信用ポイントには適用されません。接続を終了しても残り時間は減少します。	icon_items.f2p_reputationbooster_tex
8000070	Buff	True	True	False	信頼の証票100（7日）	7日間、獲得する信用数値信用ポイントが100％増加します。ただし、戦場信用数値と戦場信用ポイントには適用されません。接続を終了しても残り時間は減少します。	icon_items.f2p_reputationbooster_tex
8000071	Buff	True	True	False	信頼の証票100（30日）	30日間、獲得する信用数値と信用ポイントが100％増加します。ただし、戦場信用数値と戦場信用ポイントには適用されません。接続を終了しても残り時間は減少します。	icon_items.f2p_reputationbooster_tex
8000072	Buff	True	True	False	高速成長30（1時間）	1時間、狩りの獲得経験値が30％増加します。	icon_items.f2p_xpbooster_tex
8000073	Buff	True	True	False	高速成長50（1時間）	1時間、狩りの獲得経験値が50％増加します。	icon_items.f2p_xpbooster_tex
8000074	Buff	True	True	False	高速成長100（1時間）	1時間、狩りの獲得経験値が100％増加します。	icon_items.f2p_xpbooster_tex
8000075	Buff	True	True	False	幸運の収集家50（1時間）	1時間、狩りの獲得ゴールドが50％増加します。	icon_items.f2p_dropgoldbooster_tex
8000076	Buff	True	True	False	幸運の収集家100（1時間）	1時間、狩りの獲得ゴールドが100％増加します。	icon_items.f2p_dropgoldbooster_tex
8000077	Buff	True	True	False	カイアの聖水	スキルダメージが$H_W_GOOD10%$COLOR_END、攻撃速度が$H_W_GOOD4%$COLOR_END上昇し、受けるダメージが$H_W_GOOD10%$COLOR_END減少します。	icon_items.potion10_tex
8000078	Buff	False	True	True	高速成長100（ネットカフェ）	狩りの獲得経験値が100％増加します。 公認ネットカフェでログインした時のみ適用されます。	icon_items.f2p_xpbooster_tex
8000079	Buff	False	True	True	信頼の証票100（ネットカフェ）	獲得する信用数値と信用ポイントが100％増加します。ただし、戦場信用数値と戦場信用ポイントには適用されません。公認ネットカフェでログインした時のみ適用されます。	icon_items.f2p_reputationbooster_tex
8000080	Buff	False	True	True	交渉の名手100（ネットカフェ）	クエストのゴールド報酬が100％増加します。 公認ネットカフェでログインした時のみ適用されます。	icon_items.f2p_questrewardbooster_tex
8000081	Buff	True	True	False	高速成長100（15日）	15日間、狩りの獲得経験値が100％増加します。接続を終了しても残り時間は減少します。	icon_items.f2p_xpbooster_tex
8000082	Buff	True	True	False	信頼の証票100（15日）	15日間、獲得する信用数値信用ポイントが100％増加します。ただし、戦場信用数値と戦場信用ポイントには適用されません。接続を終了しても残り時間は減少します。	icon_items.f2p_reputationbooster_tex
8000083	Buff	True	True	False	高速成長100（10日）	10日間、狩りの獲得経験値が100％増加します。接続を終了しても残り時間は減少します。	icon_items.f2p_xpbooster_tex
8000084	Buff	True	True	False	幸運の収集家100（10日）	10日間、狩りの獲得ゴールドが100％増加します。接続を終了しても残り時間は減少します。	icon_items.f2p_dropgoldbooster_tex
8000085	Buff	True	True	False	交渉の名手100（10日）	10日間、クエストのゴールド報酬が100％増加します。接続を終了しても残り時間は減少します。	icon_items.f2p_questrewardbooster_tex
8000086	Buff	True	True	False	信頼の証票100（10日）	10日間、獲得する信用数値と信用ポイントが100％増加します。ただし、戦場信用数値と戦場信用ポイントには適用されません。接続を終了しても残り時間は減少します。	icon_items.f2p_reputationbooster_tex
8000087	Buff	True	True	False	高速成長100（3日）	3日間、狩りの獲得経験値が100％増加します。接続を終了しても残り時間は減少します。	icon_items.f2p_xpbooster_tex
8000088	Buff	True	True	False	信頼の証票100（3日）	3日間、獲得する信用数値と信用ポイントが100％増加します。ただし、戦場信用数値と戦場信用ポイントには適用されません。接続を終了しても残り時間は減少します。	icon_items.f2p_reputationbooster_tex
8000089	Buff	False	True	True	高速成長100（プレミアム）	プレミアムサービスが適用される間、狩りの獲得経験値が100％増加します。	icon_items.f2p_xpbooster_tex
8000090	Buff	False	True	True	信頼の証票100（プレミアム）	プレミアムサービスが適用される間、信用数値と信用ポイントが100％増加します。ただし、戦場信用数値と戦場信用ポイントには適用されません。	icon_items.f2p_reputationbooster_tex
8000093	Buff	False	True	True	交渉の名手 100 (TERA Club)	VIPパッケージが適用される間、クエストゴールド報酬が100％増加します。	icon_items.f2p_questrewardbooster_tex
8000683	Buff	False	True	False	入場した時回復せる異常状態見えたらいけない！バグ！	入場した時回復せる異常状態見えたらいけない！バグ！	
8000684	WeakeningEffect	True	False	False	雪だるまの呪い	スタート地点から動かない人に雪だるまが呪いを掛けます。スタート地点から降りると、15秒後に呪いが解除されます。13回重複すると、雪だるまに変わって、死亡します。	icon_status.fearstatus_tex
8000685	WeakeningEffect	True	False	False	雪だるまの呪い	雪だるまに変わりました！間もなく死亡します！ 戦場で放置は厳禁です。	icon_status.firedamage_tex
8000686	WeakeningEffect	False	True	False			
8000711	WeakeningEffect	True	False	False	ネバネバ	ベタベタ地雷の効果により、移動できません。	icon_status.minusmove_tex
8000712	Stun	True	False	False	ヘロヘロ	メロメロ地雷の効果により、攻撃スキルを使用できません。	icon_skills.paralysistrap_tex
8000713	Buff	True	True	False	ボンバー	時間内に爆弾を処理しなければ死亡してしまいます。この状態では乗り物に搭乗できません。	icon_skills.explosiontrap_tex
8000714	Buff	False	True	False			
8000715	WeakeningEffect	True	False	False	ボムブラスト	爆発の影響により、移動できません。（5秒間持続）	icon_status.minusfocus_tex
8000716	Buff	False	True	False	緊急脱出	戦車から緊急脱出	icon_status.plusmove_tex
8000717	Buff	True	True	False	戦車整備	戦車修理中（5秒間持続）	icon_status.plusmove_tex
8000718	Buff	False	True	False			
8000719	Buff	False	True	False			
8000720	Buff	False	True	False			
8000721	Buff	True	True	False			
8000722	Buff	True	True	False			
8000723	Buff	False	True	False	固定兵器クールタイム	固定兵器クールタイム	icon_skills.voidtrap_tex
8000724	Buff	False	True	False	固定兵器クールタイム	固定兵器クールタイム	icon_skills.voidtrap_tex
8000732	Buff	False	True	False	機能型攻城兵器エフェクト	妨害型攻城兵器エフェクト	
8000733	Buff	False	True	False	パワー型攻城兵器エフェクト	強攻型攻城兵器エフェクト	
8000734	Buff	False	True	False	機動型攻城兵器エフェクト	高機動型攻城兵器エフェクト	
8000735	Buff	False	True	False	固定型攻城兵器エフェクト	固定型攻城兵器エフェクト	
8000736	Buff	False	True	False	万能型攻城兵器エフェクト	万能型攻城兵器エフェクト	
8000737	Buff	False	True	False	クリスマスエフェクト	クリスマスエフェクト	
8000738	Stun	True	False	False	減速！	移動速度が $H_W_BAD0,2$COLOR_END 減少します。	icon_status.minusmove_tex
8000739	Stun	True	False	False	減速！	移動速度が $H_W_BAD0,5$COLOR_END 減少します。	icon_status.minusmove_tex
8000740	Buff	True	True	False	緊急脱出	戦車から脱出	icon_status.plusmove_tex
8000741	Buff	True	True	False	テスト	テスト	icon_status.minusmove_tex
8000742	Buff	True	True	False	テスト	テスト	icon_status.minusmove_tex
8000743	Buff	True	True	False	搭乗不可	戦車に搭乗できません	icon_skills.vehicle_drive_tex
8900001	Buff	False	True	True	狩り経験値100%（ネットカフェ）	狩りの獲得経験値が100％増加します。 公認ネットカフェでログインした時のみ適用されます。$BR他の経験値上昇バフと重複適用可能です。	icon_items.f2p_xpbooster_tex
8900002	Buff	False	True	True	モンスターゴールドドロップ100%（ネットカフェ）	狩りの獲得ゴールドが100％増加します。 公認ネットカフェでログインした時のみ適用されます。$BR他のゴールド上昇バフと重複適用可能です。	icon_items.f2p_dropgoldbooster_tex
8900003	Buff	False	True	True	ドンカンの祝福（ネットカフェ）	大陸一の凱帝、ドンカン家の祝福です。$BR制作進行時、大成功確率が10%上昇します。	icon_items.artisanmaster_up_tex
9009751	Buff	False	True	False			icon_status.minddomination_tex
9100020	Buff	True	True	True	ギドの加護	ギドの加護により、信用数値と信用ポイントの獲得量が増加します。（戦場で獲得した信用数値と信用ポイントには適用されません）	icon_items.argon_plants_tex
9100080	Buff	True	True	True	バルダーの加護	バルダーの加護の下、遂行可能なデイリークエストの数が増加し、ダンジョンで強化アイテムドロップ確率が増加します。また、ＭＰが持続回復します。	icon_items.argon_plants_tex
9100100	Buff	True	True	True	カイアの加護	カイアの加護の下、採集熟練度が増加し採集物獲得量も増加します。	icon_items.argon_plants_tex
9100110	Buff	True	True	True	ミステルの加護	ミステルの加護の下、評判数値と評判ポイント獲得量が増加します。（戦場から獲得した評判数値とポイントには適用されません）	icon_items.argon_plants_tex
9100130	Buff	True	True	True	エリーヌの加護	エリーヌの加護の下、遂行可能なデイリークエストの数が増加し、ダンジョンで名品アイテムドロップ確率が増加します。また、MPが持続回復します。	icon_items.argon_plants_tex
9691000	WeakeningEffect	True	True	False	エネルギー吸収	リリスの魅惑に惑わされました。行動することができません。$H_W_BAD2秒$COLOR_ENDあたり $H_W_BAD10000$COLOR_ENDの固定ダメージを受けます。	icon_status.minusfocus_tex
9691001	Buff	True	True	False	バリア	リリスがエネルギーを吸収する間、一定ダメージ量を吸収します。	icon_status.immunedebuff_tex
9691006	Stun	True	True	False	無気力	体に力が入りません。どの行動もとることができません。	icon_skills.stoneshape_tex
9691007	Buff	True	True	False	凶暴化	リリスがエネルギーを吸収し、攻撃力が$H_W_GOOD10％$COLOR_END増加します。	icon_status.plusattack_tex
9691011	WeakeningEffect	True	True	False	スロー	移動速度が$H_W_BAD50％$COLOR_END減少します。この異常状態は解除できません。	icon_status.minusmove_tex
9691014	WeakeningEffect	True	True	False	意志の弱さ	リリスの幻惑に対する耐性が弱くなります。5重複時、何かよくないことが起こりそうです。	icon_status.paralyzestatus_tex
9691015	WeakeningEffect	True	True	False	幻惑	リリスに幻惑されました。間もなく、恐ろしい事が起こります。	icon_status.diffusionabnormality_tex
9691016	WeakeningEffect	True	True	False	エネルギー吸収	リリスの魅惑に惑わされました。行動することができません。	icon_status.minusfocus_tex
9691017	WeakeningEffect	False	True	False			
9691018	Buff	True	True	False	バリア	100,000のダメージを吸収します。	icon_status.immunedebuff_tex
9691019	WeakeningEffect	True	True	False	催眠準備	リリスがプレイヤーに催眠をかけるための準備をしています。この異常状態を解除しないと、睡眠に落ちることになります。	icon_skills.sleepwind_tex
9691020	WeakeningEffect	False	True	False	異常状態チェック用	異常状態チェック後、睡眠	
9691021	WeakeningEffect	True	True	False	睡眠	深い眠りに落ち、抜け出すことができません。持続的にＨＰが減少します。	icon_skills.sleepwind_tex
9692000	Stun	True	False	False	束縛	蝋が身体について、移動速度が遅くなります。	icon_status.minusmove_tex
9692002	DamageOverTime	True	False	False	固くなった蝋	蝋が固くなり、身動きが取れません。	icon_status.chainsnare_tex
9692003	Buff	True	True	False	疾走	移動速度が増加します。	icon_status.aura_of_wind_tex
9692004	DamageOverTime	True	False	False	熱い蝋	熱い蝋が体にくっつきました。$H_W_BAD3$COLOR_END second1ごとに全HP減少対比$H_W_BAD2.6％$COLOR_ENDに至るHPが持続的に減少します。	icon_status.blooduanty_tex
9692005	DamageOverTime	True	False	False	出血	強力な一撃により出血が発生し、移動速度が$H_W_BAD0,5$COLOR_END 減少され、$H_W_BAD2$COLOR_END second1ごとに全HP対比$H_W_BAD6％$COLOR_ENDに至るHPが持続的に減少します。	icon_status.minuscriticalresist_tex
9810001	WeakeningEffect	False	True	True	ラカン崇拝	ラカンの保護を受けています。	icon_skills.voidtrap_tex
9810002	WeakeningEffect	False	True	False	ラカン崇拝	ラカンの保護を受けています。	
9810003	WeakeningEffect	False	True	False			
9810004	WeakeningEffect	True	False	True			
9810005	DamageOverTime	False	False	False	ラカンの呪い	ラカンの呪い	icon_status.damagedown_tex
9810006	Buff	False	False	False	ラカンの保護	ラカンの保護	icon_status.plusedefence_tex
9810007	Buff	True	True	False	ラカンの力	ラカンの力	icon_status.plusattack_tex
9810008	WeakeningEffect	True	False	False			
9810009	WeakeningEffect	True	False	False	テオロンの衝撃	移動速度が$H_W_BAD0,2$COLOR_END減少します。	icon_status.minusmove_tex
9810010	WeakeningEffect	False	True	False			
9810011	Stun	True	False	False	ラカンの呪い	ラカンの呪いにより、スキルを使用できません。移動速度が減少します。	icon_status.minusmove_tex
9810012	DamageOverTime	True	False	False	ラカンの炎上	燃え上がる炎により$H_W_BAD5$COLOR_END second1毎に、重複当たり$H_W_BAD-2300$COLOR_ENDのHPが減少します。	icon_status.firedamage_tex
9810013	DamageOverTime	True	False	False	デヴァの標的	デヴァ射手から優先的にターゲッティングされます。	icon_skills.througharrow_tex
9810014	WeakeningEffect	False	True	False			
9810015	Buff	True	False	False	ラカンのバリア	ラカンのバリアにより、ダメージが無効化されます。	icon_status.immunedebuff_tex
9810016	WeakeningEffect	False	True	False			
9810017	WeakeningEffect	False	True	True	ラカン追従者	自らの体を犠牲にしてラカンの追従者になった者たちです。	icon_status.cruel_slayer_3_tex
9810018	Stun	False	False	False			
9810019	WeakeningEffect	False	True	True			
9940000	Stun	False	True	True			
9940001	WeakeningEffect	True	False	False	火傷	火傷で持続的にHPが減少します。	icon_status.minushp_tex
9940002	WeakeningEffect	True	False	False	凍傷	凍傷で移動速度が下がりました。	icon_skills.freezingtheearth_tex
9941001	Stun	True	False	False	強力な頭痛	ケーブキーパーが木に頭をぶつかって朦朧としています。	icon_status.confuseup_tex
9941002	WeakeningEffect	True	True	False	ケーブキーパーの興味	ケーブキーパーがあなたを睨みつけています。あなたに向かって強力な攻撃を仕掛けてきそうです。	icon_skills.througharrow_tex
9941003	WeakeningEffect	False	True	False			
9941004	Stun	False	False	False			
9941005	Stun	False	False	False			
9941006	WeakeningEffect	False	True	True			
9941007	WeakeningEffect	False	True	True			
9941008	WeakeningEffect	False	True	True			
9941009	WeakeningEffect	False	True	True			
9941010	WeakeningEffect	False	True	True			
9941011	Buff	False	False	True	堅い皮膚	堅い皮膚がケーブキーパーを包めています。これを破ればこいつにもバナナの皮を踏ませることができそうです。	icon_status.balanceup_tex
9941012	WeakeningEffect	False	True	False			
9941013	Stun	False	False	False			
9941014	Stun	True	False	False	出血	床に落ちて怪我をしました。持続的にHPが減少します。	icon_status.injuredbtdarkness_tex
9941015	Stun	True	False	False	衝撃	強い衝撃で何もできません。	icon_status.confuseup_tex
9941016	WeakeningEffect	False	True	False			
9941017	WeakeningEffect	False	True	False			
9941018	WeakeningEffect	False	True	True			
9941019	WeakeningEffect	False	True	True			
9941020	WeakeningEffect	False	True	True			
9941021	Buff	True	True	True			
9941022	DamageOverTime	True	False	False	粘つく液体	粘つく液体が体に纏わりついて動けません。	icon_skills.curseofshackle_tex
9941023	WeakeningEffect	False	True	True			
9941024	WeakeningEffect	False	True	True			
9941025	WeakeningEffect	False	True	True			
9941026	Buff	True	True	True	子サルの応援-1段階	子サルがケーブキーパーを応援します。ケーブキーパーの攻撃力と攻撃速度が増加します。	icon_status.plusciriticalresist_tex
9941027	Buff	True	True	True	子サルの応援-2段階	子サルがケーブキーパーを応援します。ケーブキーパーの攻撃力と攻撃速度が増加します。	icon_status.plusciriticalresist_tex
9941028	Buff	True	True	True	子サルの応援-3段階	子サルがケーブキーパーを応援します。ケーブキーパーの攻撃力と攻撃速度が増加します。	icon_status.plusciriticalresist_tex
9941029	WeakeningEffect	False	True	False			
9941030	WeakeningEffect	True	True	False	子サルの興味	木にぶら下がったサルがあなたを見つめています。どうやらバナナの皮を投げそうです。	icon_items.banana_tex
9941031	WeakeningEffect	False	True	True			
9941032	Stun	False	False	False			
9941034	WeakeningEffect	False	True	False			
9941035	WeakeningEffect	False	True	False			
9942001	WeakeningEffect	False	True	False			
9942002	WeakeningEffect	True	True	True			
9942003	WeakeningEffect	True	True	True			
9942004	DamageOverTime	False	False	False			
9942005	DamageOverTime	False	True	False			
9942006	WeakeningEffect	True	True	False	魔力浸透	レニムがあなたに魔力を浸透させて何かを召喚しようとしています。	icon_status.minusfocus_tex
9942007	WeakeningEffect	True	True	False	魔力浸透	レニムがあなたに魔力を浸透させて何かを召喚しようとしています。	icon_status.minusfocus_tex
9942008	Stun	True	False	False			
9942009	Stun	True	False	False			
9942010	WeakeningEffect	False	True	False			
9942011	WeakeningEffect	False	True	True			
9942012	WeakeningEffect	False	True	True			
9942013	WeakeningEffect	True	True	False			icon_items.cancel_lockon_potion_level_51_tex
9942014	WeakeningEffect	False	True	False			
9942015	Buff	True	True	False			
9942016	WeakeningEffect	False	True	False			
9942017	WeakeningEffect	False	True	True			
9942018	WeakeningEffect	False	True	False			
9942019	WeakeningEffect	False	True	False			
9942020	WeakeningEffect	False	True	False			
9942021	Stun	False	False	False			
9942022	WeakeningEffect	False	True	False			
9942023	WeakeningEffect	True	True	False			
9942024	WeakeningEffect	True	True	False			
9942025	WeakeningEffect	False	True	False			
9942026	WeakeningEffect	False	True	False			
9942027	WeakeningEffect	True	True	False			
9942028	DamageOverTime	False	True	False			
9942029	DamageOverTime	False	True	False			
9942030	DamageOverTime	False	True	False			
9942031	DamageOverTime	False	True	False			
9942032	DamageOverTime	False	True	False			
9942033	DamageOverTime	False	False	False			
9942034	WeakeningEffect	False	True	True			
9942035	WeakeningEffect	False	True	True			
9942036	Stun	False	False	False			
9942037	WeakeningEffect	True	True	True	鉱物の赤いマナ	鉱物の赤いマナがあなたを包んでいます。赤い光の光線に害はありません。	icon_status.immunedebuff_tex
9942038	WeakeningEffect	True	True	True	鉱物の青いマナ	鉱物の青いマナがあなたを包んでいます。青い光の光線に害はありません。	icon_status.immunedebuff_tex
9942039	WeakeningEffect	True	True	True	鉱物の白いマナ	鉱物の白いマナがあなたを包んでいます。白い光の光線に害はありません。	icon_status.immunedebuff_tex
9942040	DamageOverTime	False	True	False			
9942041	DamageOverTime	False	True	False			
9942042	WeakeningEffect	False	True	False			
9942043	WeakeningEffect	False	True	True			
9942044	WeakeningEffect	False	True	True			
9942045	WeakeningEffect	False	True	True			
9942046	WeakeningEffect	False	True	True			
9942047	WeakeningEffect	False	True	True			
9942048	WeakeningEffect	False	True	True			
9942049	WeakeningEffect	False	True	False			
9942050	WeakeningEffect	False	True	True			
9942051	DamageOverTime	True	False	False	ビリビリ電流	監視塔から流れてきた電流に感電しました。スキル使用不可、移動速度が減少し、HPが少しずつ減少します。	icon_status.paralyzestatus_tex
9943001	WeakeningEffect	False	True	True			
9943002	WeakeningEffect	False	True	True			
9943003	WeakeningEffect	False	True	False			
9943004	WeakeningEffect	False	True	False			
9943005	WeakeningEffect	False	True	False			
9943006	WeakeningEffect	False	True	False			
9943007	WeakeningEffect	False	True	True			
9943008	WeakeningEffect	False	True	True			
9943009	WeakeningEffect	False	True	True			
9943010	WeakeningEffect	False	True	True			
9943011	WeakeningEffect	False	True	True			
9943012	WeakeningEffect	False	True	False			
9943013	WeakeningEffect	False	True	False			
9943014	WeakeningEffect	False	True	True			
9943015	WeakeningEffect	False	True	True			
9943016	Buff	True	True	False			
9943017	WeakeningEffect	False	True	False			
9943018	DamageOverTime	False	True	True			
9943019	DamageOverTime	False	True	False			
9943020	DamageOverTime	False	True	True			
9943021	WeakeningEffect	False	True	False			
9943022	WeakeningEffect	False	True	True			
9943023	WeakeningEffect	False	True	False			
9943024	WeakeningEffect	False	True	False			
9943025	WeakeningEffect	False	True	False			
9943026	WeakeningEffect	False	True	False			
9943027	WeakeningEffect	True	False	False			
9943028	Buff	True	True	False	迅速な移動：準備	ゴブリンの移動速度がもうすぐ速くなりそうです。	icon_status.plusmove_tex
9943029	WeakeningEffect	False	True	False			
9943030	WeakeningEffect	False	True	False			
9943031	WeakeningEffect	False	True	True			
9943032	WeakeningEffect	False	True	True			
9943033	WeakeningEffect	False	True	True			
9943034	Buff	True	True	True	迅速な移動	ゴブリンの移動速度が非常に速くなりました。	icon_status.plusmove_tex
9943035	WeakeningEffect	False	True	True			
9943036	WeakeningEffect	False	True	False			
9943037	WeakeningEffect	False	True	True			
9943038	WeakeningEffect	True	True	True			
9943039	WeakeningEffect	False	True	False			
9943040	WeakeningEffect	True	True	False	冷たい魔力	冷たい魔力があなたを包みます。この魔力が凝集した時温めないとダメージを負います。	icon_status.poisondown_tex
9943041	Stun	True	False	False			
9943042	Stun	True	False	False	熱い魔力	冷たい魔力があなたを包みます。この魔力が凝集した時温めないとダメージを負います。	icon_status.confuseup_tex
9943043	Stun	True	False	False			
9943044	Stun	True	False	False			
9943045	WeakeningEffect	True	True	True	火傷	火傷で持続的にHPが減少します。	icon_status.icedamage_tex
9943046	WeakeningEffect	True	True	True	凍傷	凍傷で移動速度が下がりました。	icon_status.firedamage_tex
9943047	WeakeningEffect	False	True	False			
9943048	WeakeningEffect	False	True	False			
9943049	WeakeningEffect	False	True	False			
9943051	WeakeningEffect	False	True	True			
9943052	WeakeningEffect	False	True	True			
9943053	WeakeningEffect	False	True	True			
9943054	WeakeningEffect	True	True	True	不吉な魔力充電	サイラクスが不吉な魔力を集めながら、無防備状態になりました。	icon_status.heat_tex
9999001	DamageOverTime	False	False	True			
9999002	DamageOverTime	False	False	True			
9999003	DamageOverTime	False	False	True			
9999004	DamageOverTime	False	False	True			
9999005	DamageOverTime	False	False	True			
9999006	DamageOverTime	False	False	True			
9999007	DamageOverTime	False	False	True			
9999008	DamageOverTime	False	False	True			
9999009	DamageOverTime	False	False	True			
9999010	DamageOverTime	False	False	True			
9999011	DamageOverTime	False	False	True			
9999012	DamageOverTime	False	False	True			
9999013	DamageOverTime	False	False	True			
9999014	DamageOverTime	False	False	True			
9999015	DamageOverTime	False	False	True			
9999016	DamageOverTime	False	False	True			
9999017	DamageOverTime	False	False	True			
9999018	Stun	False	False	True			icon_status.minusmove_tex
9999019	Buff	True	True	True	ダンジョン探検隊の祝福	ダンジョン探検隊の祝福により、攻撃力が10％上昇します。 「守護の連係」、「攻撃の連係」、「回復の連係」、「勇猛のポーション」の効果と重複しません。	icon_status.speedystatus_tex
10151000	Buff	True	True	False	フラッシュスプリング連係	フラッシュスプリングをもう一度使用できます。	icon_status.instantleap_continuous_tex
10151010	Buff	True	True	False	闇神降臨	ソウルリーパーが闇の加護を受けます。この効果の適用中は、飛鎌を使用するスキル［デスクリーブ］、［ムーンスラッシュ］、［バックスラッシュ］、［スピニングエッジ］、［メテオストライク］、［デッドリーリープ］、［サタンフレイル］、［スマッシュ］のクールタイムが70％短縮します。	icon_status.descentofdarkness_tex
10151011	Buff	False	True	False	闇神降臨	「デスクリーブ」、「ムーンスラッシュ」、「バックスラッシュ」、「スピニングエッジ」、「メテオストライク」、「デッドリーリープ」、「サタンフレイル」、「スマッシュ」が初期化されます。	icon_status.descentofdarkness_tex
10151012	Buff	True	True	True	闇神降臨強化	モンスターを攻撃すると攻撃速度が5％ずつ上昇します。この効果は5回まで重複します。	icon_skills.descentofdarkness_tex
10151013	Buff	False	True	False			
10151020	Buff	False	True	False	通常攻撃2打で連結	見えないバフ。見えたらバグ申請をしてください！	icon_skills.comboattack2_tex
10151021	Buff	False	True	False	通常攻撃3打で連結	見えないバフ。見えたらバグ申請をしてください！	icon_skills.comboattack2_tex
10151022	Buff	False	True	False	通常攻撃4打で連結	見えないバフ。見えたらバグ申請をしてください！	icon_skills.comboattack2_tex
10151023	Buff	False	True	False	通常攻撃5打で連結	見えないバフ。見えたらバグ申請をしてください！	icon_skills.comboattack2_tex
10151030	Buff	False	True	False	ポジションチェンジクールタイム初期化	ポジションチェンジ命中時、スキルを再度使用すると、敵と位置を交換できます。	icon_skills.darkgrasp_tex
10151031	Buff	True	True	False	ポジションチェンジ可能	ポジションチェンジ命中時、スキルを再度使用すると、敵と位置を交換できます。闇の触手が命中した時のみ発動します。	icon_status.darkwater_tex
10151032	WeakeningEffect	True	False	False	闇の鎖	闇の触手により発動した闇の鎖が体を縛り、2秒毎に3454のダメージを与えます。この効果持続中は、いつでも闇の触手を発射した者と位置を交換できます。	icon_status.positionswap_tex
10151033	Stun	True	False	False	ポジションチェンジ	一時的に行動不能状態になりました。	icon_skills.darkgrasp_tex
10151034	Buff	False	True	False			
10151035	Buff	False	True	False			
10151040	Buff	False	True	False	ダークウィップクールタイム調節装置	このバフが見えたらバグを申告！	icon_skills.chainflurry_tex
10151041	Buff	False	True	False			
10151042	Buff	False	True	False			
10151050	WeakeningEffect	True	False	False	ジョーブロー	あごを打たれて一時的に移動ができない状態になりました。この効果はモンスターにのみ適用されます。	icon_skills.chainuppercut_tex
10151060	Stun	True	False	False	デッドリーリープ	鎖に縛られました。しばらく行動不能状態になります。	icon_skills.reversecapture_tex
10151070	Buff	True	False	False	リバースグラビティ	混沌の渦巻きに飲み込まれ、体が空中に浮き始めました。この効果の持続中はダメージを受けませんが、行動不能状態になります。	icon_skills.tornadoprison_tex
10151071	Buff	False	False	False	墜落	地面に落ちました。	icon_skills.tornadoprison_tex
10151072	Buff	False	True	True	リバースグラビティ	見えないバフ。見えたらバグ申請をしてください！	icon_skills.tornadoprison_tex
10151073	Buff	False	False	False	リバースグラビティ_見えない効果	見えないバフ。見えたらバグ申請をしてください！	icon_skills.tornadoprison_tex
10151074	Buff	True	True	False	均衡	重力に慣れたため一定時間混沌の渦巻きにかかりません。	icon_skills.tornadoprison_tex
10151080	Stun	True	False	False	テンプル強打	頭を強打しました。しばらく意識を失います。	icon_status.strikeskull_tex
10151090	Buff	True	True	False	冥府の幕	致死性のダメージを受けましたが、暗黒の力に保護されました。この効果が継続する間は全てのダメージを50%減少させ、持続時間が終了するとき最大HPの15%を回復します。	icon_skills.shadowcurtain_tex
10151091	Buff	False	False	False	冥府の幕治癒量減少		icon_skills.shadowcurtain_tex
10151092	WeakeningEffect	True	True	False	冥府の幕待機時間	クールタイムが経過するまで$H_W_GOOD起死回生$COLOR_END効果は発動しません。	icon_skills.shadowcurtain_tex
10151130	Buff	True	False	False	歩行制御	サタンフレイルにより動きが制限されました。一定時間移動速度が減少します。	icon_status.chainsnare_tex
10151131	Buff	True	True	False	サタンフレイル追加攻撃	効果持続中にサタンフレイルを再度使用できます。サタンフレイルを再使用したり、持続時間が切れるとクールタイムが適用されます。	icon_skills.chainbrandish_tex
10151150	Buff	False	True	False	ダークエクスプロージョン追加攻撃	飛鎌が地面に刺さった状態で再度ダークエクスプロージョンを使用すると、追加で攻撃できます。	icon_skills.darkexplosion_tex
10151160	WeakeningEffect	True	False	False	暗黒の傷	重複する毎にHP回復量が6％減少します。	icon_status.injuredbtdarkness_tex
10151170	WeakeningEffect	True	True	False	カウンターアタック	カウンターアタックに備えています。一時的に全ての異常状態を無効化します。	icon_skills.counterattack_tex
10151171	Buff	True	True	False	ダークネスハイドI	$time間、闇の中に隠れてモンスターに対する敵対値が初期化します。スキルを使用したり、攻撃を受けると効果は即解除されます。	icon_skills.hideindarkness_tex
10151180	Buff	False	True	False			
10151200	Buff	True	True	False	ボンバー	時間内に爆弾を処理しなければ、無残な死を迎えることになります。この状態では、乗り物に乗ることができません。	icon_skills.explosiontrap_tex
10151201	Buff	False	True	False			
10151202	WeakeningEffect	True	False	False	ボムブラスト	爆発の影響により、HPを回復できません。（5秒間持続）	icon_status.minusfocus_tex
10152000	Buff	False	True	False		この異常状態は見えてはいけません。	
10152001	Buff	False	True	False			
10152002	Buff	False	True	False			
10152010	Buff	False	True	False		この異常状態は見えてはいけません。	
10152011	Buff	False	True	False		この異常状態は見えてはいけません。	
10152012	Buff	False	True	False			
10152020	Stun	True	False	False	感電	感電により、一時的に動くことができません。	icon_skills.electricshock2_tex
10152021	Stun	True	False	False	感電	感電により、一時的に動くことができません。	icon_skills.electricshock2_tex
10152030	Stun	True	False	False	ブ～ン	爆風により、体が宙に浮いて動くことができません。	icon_skills.timebombshot_tex
10152031	Stun	True	False	False	ブ～ン	爆風により、体が宙に浮いて動くことができません。	icon_skills.timebombshot_tex
10152032	WeakeningEffect	True	False	False	やな感じ	不快な電波により、移動速度が減少します。	icon_skills.slowwave_tex
10152033	WeakeningEffect	True	False	False	やな感じ	不快な電波により、移動速度が減少します。	icon_skills.slowwave_tex
10152034	Buff	False	True	False		この異常状態は見えてはいけません。	
10152035	Stun	True	False	False			
10152040	Buff	True	True	False	アルケインバースト爆破可能	衝撃弾を爆発させることができます。	icon_skills.arcaneshockshot02_tex
10152050	Buff	False	True	False	アルケインマシンガン威力増加	この異常状態は見えてはいけません。	
10152051	WeakeningEffect	True	False	False	足首のキズ	連射攻撃により、移動速度が減少します。	icon_skills.anklelnjury_tex
10152052	WeakeningEffect	True	False	False	足首のキズ	連射攻撃により、移動速度が減少します。	icon_skills.anklelnjury_tex
10152053	Buff	False	True	False	アルケインマシンガン発射待機	この異常状態は見えてはいけません。	
10152054	Buff	False	True	False			
10152060	Buff	False	False	False	オーバーロード	過負荷により、持続ダメージが発生します。	icon_skills.excesselectron_tex
10152061	DamageOverTime	True	False	False	オーバーロード	過負荷により、持続ダメージが発生します。	icon_skills.excesselectron_tex
10152070	Buff	True	True	False	強化砲弾装填	次の攻撃スキルの威力が20％増加します。	icon_skills.magiccannonshot_tex
10152071	Buff	False	True	False			
10152072	Buff	False	True	False			
10152080	Buff	False	True	False		この異常状態は見えてはいけません。	
10152081	Buff	False	True	False		この異常状態は見えてはいけません。	
10152082	Buff	False	True	False		この異常状態は見えてはいけません。	
10152083	Buff	False	True	False		この異常状態は見えてはいけません。	
10152084	Buff	False	True	False		この異常状態は見えてはいけません。	
10152085	Buff	False	True	False		この異常状態は見えてはいけません。	
10152086	Buff	False	True	False		この異常状態は見えてはいけません。	
10152087	Buff	False	True	False		この異常状態は見えてはいけません。	
10152088	Buff	False	True	False		この異常状態は見えてはいけません。	
10152089	Buff	False	True	False		この異常状態は見えてはいけません。	
10152090	Buff	True	True	False	アルケイン弾装填	アルケイン弾が装填されたことにより、3発までショットの威力が50％増加します。	icon_skills.reload_tex
10152091	Buff	False	True	False			
10152092	Buff	False	True	False			
10152093	Buff	False	True	False			
10152094	Buff	False	True	False			
10152095	Buff	False	True	False			
10152096	Buff	False	True	False	レイジングバーストクール回らなかったら回そう	クラスターボムショット使ってクールタイムを回そう	
10152097	Buff	False	True	False	アナイアレイト I	アナイアレイトを発動する途中、無敵状態になります。	
10152100	Buff	True	True	False	エネルギー充電	効果中はアルケインゲージを消費しません。	icon_skills.energycharging_tex
10152110	Buff	True	True	False	緊急シールド展開	緊急シールドを展開しています。最大$H_W_GOOD27858$COLOR_ENDのダメージを無効化します。	icon_skills.emergencyshield_tex
10152111	Buff	True	True	False	緊急シールド展開	緊急シールドを展開しています。最大$H_W_GOOD34900$COLOR_ENDのダメージを無効化します。	icon_skills.emergencyshield_tex
10152112	Buff	True	True	False	緊急シールド展開	緊急シールドを展開しています。最大$H_W_GOOD46534$COLOR_ENDのダメージを無効化します。	icon_skills.emergencyshield_tex
10152113	WeakeningEffect	True	True	False	緊急シールド待機時間	クールタイムが経過するまで$H_W_GOOD起死回生$COLOR_END効果は発動しません。	icon_skills.emergencyshield_tex
10152120	Buff	True	True	True	オーバーロード	アルケインエネルギーが100％充填されました。	icon_skills.excesselectron_tex
10152130	Buff	True	True	False	戦闘狂	アルケインランチャーが火を噴く！	icon_skills.warmonger_tex
10152200	Buff	False	True	True		この異常状態は見えてはいけません。	
10152202	Buff	True	True	True	セントリータワー命令可能	セントリータワーが信号受信圏内にいます。命令スキルを使用することでセントリータワーに命令を出せます。	icon_skills.summonsentrytower_tex
10152203	Buff	False	True	True			
10152204	Buff	False	True	False			
10152205	Buff	False	True	True			
10152206	Buff	False	True	True			
10152210	Buff	True	True	False	アルケイン弾装着	未使用 - 見えたらバグ	
10152211	Buff	True	True	False	未使用	未使用 - 見えたらバグ	
10152212	Buff	True	True	False	未使用	未使用 - 見えたらバグ	
10152213	Buff	True	True	False	未使用	未使用 - 見えたらバグ	
10152214	Buff	True	True	False	未使用	未使用 - 見えたらバグ	
10152215	Buff	True	True	False	未使用	未使用 - 見えたらバグ	
10152220	Buff	False	True	False	リバースカレント	ディスペンサーが使用者を引き寄せます。使用者はダメージを受けません。	icon_skills.command_counterflow_tex
10152221	Buff	True	True	False	リバースカレント	ディスペンサーは電荷を逆流させてヘビーガンナーを自分の位置に引き寄せます。しばらくの間、ダメージを受けません。	icon_skills.command_counterflow_tex
10152230	Stun	True	False	False	電気ショック	爆発時の感電により、体が動きません。	icon_skills.electricshock_tex
10152231	Stun	True	False	False	電気ショック	爆発時の感電により、体が動きません。	icon_skills.electricshock_tex
10152250	Buff	False	True	True			
10152251	Buff	False	True	True			
10152270	Buff	True	True	True	ディスペンサー命令可能	ディスペンサーが信号受信圏内にいます。命令スキルを使用することでディスペンサーに命令を出せます。	icon_skills.summondispenser_tex
10153000	Buff	True	True	False	クロスカウンター使用可能	「クロスカウンター」を使用できます。	icon_skills.counterattack2_tex
10153001	Buff	False	True	True		この異常状態は見えてはいけません。	
10153002	Buff	False	True	True		この異常状態は見えてはいけません。	
10153003	Buff	False	True	True		この異常状態は見えてはいけません。	
10153004	Buff	False	True	True		この異常状態は見えてはいけません。	
10153005	Buff	False	True	True		この異常状態は見えてはいけません。	
10153006	Buff	False	True	True			
10153010	Buff	False	True	False		この異常状態は見えてはいけません。	
10153020	Stun	True	False	False	打ち上げ	空中でバランスを崩し、気を失っています。	icon_skills.lossofbalance_tex
10153021	Stun	True	False	False			
10153030	Stun	True	False	False	脳震とう	頭を強く打ち気絶しています。	icon_skills.concussion_tex
10153040	Buff	True	True	True	ギガントラース	身体を巨大化させて、内面から湧き上がる力を解放します。攻撃速度が10減少する代わりに、力が$value6、クリティカル発生が$value7増加し、敵対値を追加で10％獲得、全てのスキルのクールタイムが30％減少します。全てのスキルに前方防御効果が適用されます。	icon_skills.rampage_tex
10153041	Buff	False	True	True		この異常状態は見えてはいけません。	
10153042	Buff	False	True	True			
10153043	Buff	False	True	True			
10153050	Buff	True	True	True	溢れ出す怒り	怒りを抑えることができません。	icon_skills.flaringanger_tex
10153051	Buff	False	True	True		この異常状態は見えてはいけません。	
10153052	Buff	True	True	False	戦いの欲望	怒りが消えません。	icon_skills.desireofbattle_tex
10153053	Buff	True	True	False	溢れ出す怒り	怒りを抑えることができません。	icon_skills.flaringanger_tex
10153060	Buff	False	True	False		この異常状態は見えてはいけません。	
10153061	Buff	False	True	False		この異常状態は見えてはいけません。	
10153062	Buff	False	True	False		この異常状態は見えてはいけません。	
10153063	Buff	False	True	False		この異常状態は見えてはいけません。	
10153064	Buff	False	True	False			
10153070	Buff	False	True	False		この異常状態は見えてはいけません。	icon_skills.ferociouswill_tex
10153071	WeakeningEffect	True	True	False	不屈の闘志待機時間	クールタイムが経過するまで$H_W_GOOD起死回生$COLOR_END効果は発動しません。	icon_skills.ferociouswill_tex
10153080	Buff	False	True	False		この異常状態は見えてはいけません。	
10153090	Buff	False	True	True			
10153091	Buff	False	True	True			
10153092	Buff	False	True	True			
10153093	Buff	False	True	True			
10153110	Buff	True	True	False	積み上がる怒り	徐々に怒りで体が震えます。	icon_skills.arouseangercancel_tex
10153121	Buff	False	True	False			
10153130	Buff	False	True	True			
10153131	Buff	False	True	True			
10153140	WeakeningEffect	True	False	False	点穴	耐久力が$H_W_BAD1%$COLOR_END減少します。効果は最大8回まで重複します。	icon_skills.rapidattack_tex
10153150	Buff	True	True	False	ドッジ連係	ドッジをもう一度使用できます。	icon_skills.instancerush_tex
10153503	Buff	True	True	False	ダウンキック使用可能	「ダウンキック」を使用できます。	icon_skills.kick2_tex
10153504	Buff	False	True	False		この異常状態は見えてはいけません。	
10153505	Buff	False	True	False			
10153507	Buff	False	True	False		この異常状態は見えてはいけません。	
10153508	Buff	False	True	False			
10153509	Stun	False	False	True			
10154000	Buff	False	True	False			
10154001	Buff	False	True	False			
10154002	Buff	False	True	False			
10154003	Buff	False	True	False			
10154004	Buff	False	True	False			
10154005	Buff	False	True	False			
10154006	Buff	False	True	False			
10154010	Buff	True	True	False	廻天連係	もう一度「廻天」を使用できます。使用時にクールタイムが適用されます。	icon_skills.c12_dash
10154020	Stun	True	False	False	気絶	顎に打撃を受け、気絶しています。	icon_skills.c12_dashattack
10154021	Stun	True	False	False	失神	鳩尾に打撃を受け、失神しています。	icon_skills.c12_evadestingshot
10154030	Buff	True	True	True	極功術	集中力が高まっています。攻撃力が上昇します。	icon_skills.c12_atkupbuff
10154031	Buff	False	True	False		この異常状態は見えてはいけません。	
10154032	Buff	True	True	False	強力な極功術	強力な極功術により、攻撃力が更に増加します。	icon_skills.c12_atkupbuff
10154033	Buff	False	True	False		この異常状態は見えてはいけません。	
10154034	Buff	False	True	False		この異常状態は見えてはいけません。	
10154035	Buff	False	True	False		この異常状態は見えてはいけません。	
10154040	Buff	True	True	False	行気	チャクラが減少しません。	icon_skills.c12_chakracohesion
10154050	Buff	True	True	False	煙幕	煙幕により、敵の攻撃を回避しています。	icon_skills.c12_smokebombevade
10154051	Buff	False	True	False		この異常状態は見えてはいけません。	
10154052	Buff	False	True	False			
10154054	Buff	False	True	False	レイジングバーストクール回らなかったら回そう	レイジングバースト使ってクール回そう	
10154060	Buff	False	True	False			
10154061	Buff	False	True	False			
10154062	Buff	False	True	False			
10154063	Buff	False	True	False			
10154064	Buff	False	True	False			
10154065	Buff	False	True	False			
10154066	Buff	False	True	False			
10154067	Buff	False	True	False			
10154068	Buff	False	True	False			
10154069	Buff	False	True	False			
10154080	Buff	True	True	False	爆炎風車2打連係	より強力な「爆炎風車」を使用できます。	icon_skills.c12_flamestrike
10154081	Buff	True	True	False	爆炎風車3打連係	非常に強力な「爆炎風車」を使用できます。使用時にクールタイムが適用されます。	icon_skills.c12_flamestrike
10154082	Buff	False	True	False			
10154085	Buff	False	True	False		この異常状態は見えてはいけません。	
10154090	Buff	True	True	False	変化	相手の姿に変身した状態です。	icon_skills.c12_transform
10154100	Buff	False	True	False			
10154101	Buff	False	True	False			
10155006	Buff	False	True	False	出たらBTS	この異常状態は見えてはいけません。	
10155007	Buff	False	True	False	出たらBTS	この異常状態は見えてはいけません。	
10155008	Buff	False	True	False	出たらBTS	この異常状態は見えてはいけません。	
10155009	Buff	False	True	False	出たらBTS	この異常状態は見えてはいけません。	
10155010	Buff	True	True	False	精神統一	ルナティックゲージが減少しません。	icon_skills.moongrace_tex
10155020	Buff	True	True	False	エヴァシブロール連係	もう一度「エヴァシブロール」を使用できます。使用時にクールタイムが適用されます。	icon_skills.moonshadow_tex
10155030	Buff	True	True	True	満月の饗宴	与えるダメージが10％増加します。	icon_skills.fullmoon_tex
10155031	Buff	True	True	True	朱月の饗宴	与えるダメージが15％増加します。	icon_skills.fullmoon_red_tex
10155033	Buff	False	True	True			
10155034	Buff	False	True	True			
10155036	Buff	True	True	True	満月の饗宴	満月の2打目の攻撃ダメージが重複毎に10％、クリティカル発生率が0.2倍ずつ増加します。	icon_skills.fullmoon_tex
10155037	Buff	True	True	True	朱月の饗宴	満月の2打目の攻撃ダメージが重複毎に10％、クリティカル発生率が0.3倍ずつ増加します。	icon_skills.fullmoon_red_tex
10155040	Stun	True	False	False	出血	強烈な突き攻撃により出血が発生します。6重複すると破裂効果が付与され、対象は気絶します。	icon_items.vicious_red_blood_tex
10155041	Stun	True	False	False	破裂	出血過多によりしばらく気絶します。	icon_skills.brust_tex
10155050	Buff	False	True	False	出たらBTS	この異常状態は見えてはいけません。	
10155051	Buff	False	True	False	出たらBTS	この異常状態は見えてはいけません。	
10155052	Buff	False	True	False	出たらBTS	この異常状態は見えてはいけません。	
10155053	Buff	False	True	False	出たらBTS	この異常状態は見えてはいけません。	
10155060	Buff	False	True	False	出たらBTS	この異常状態は見えてはいけません。	
10155070	Buff	True	True	False	エアストライク連係	もう一度「エアストライク」を使用できます。	icon_skills.helicoptercuts_tex
10155071	Buff	True	True	False	エアストライク連係	もう一度「エアストライク」を使用できます。使用時にクールタイムが適用されます。	icon_skills.helicoptercuts_tex
10155072	Buff	False	True	False			
10155080	Buff	False	True	False	出たらBTS	この異常状態は見えてはいけません。	
10155081	Buff	False	True	False			
10155100	Stun	True	False	False	気絶	強烈な攻撃により気絶します。	icon_skills.fatalshot_tex
10155110	Buff	False	True	False	出たらBTS	この異常状態は見えてはいけません。	
10155111	Buff	False	True	False	出たらBTS	この異常状態は見えてはいけません。	
10155112	Buff	False	True	False	出たらBTS	この異常状態は見えてはいけません。	
10155113	Buff	False	True	False	出たらBTS	この異常状態は見えてはいけません。	
10155130	Buff	True	True	False	朱月	力が50、攻撃速度が20、攻撃範囲が20％増加します。スキル発動時、「エヴァシブロール」と「反撃」を除くクールタイム60秒未満の全てのスキルのクールタイムを初期化し、効果持続中はスキルのクールタイムが60％減少します。	icon_skills.redmoon_tex
10155131	Buff	False	True	False			
10155140	Buff	False	True	False	月光招	【行動不能】抵抗が大幅に上昇します。	icon_skills.moonlight_tex
10155141	Buff	False	True	False			
10155150	Buff	True	True	False	標的捕捉	敵の攻撃を完璧に回避して、反撃の機会を掴みます。「連撃」を除いた次の攻撃スキルの一撃目でクリティカルが100％発生します。	icon_status.darkriftareadance_tex
10155170	Stun	True	False	False	月光陣	月明かりによって引き付けられ、気絶します。	icon_skills.moongravity_tex
10155190	Buff	False	True	False	出たらBTS	この異常状態は見えてはいけません。	
10155200	Buff	False	True	True	出たらBTS	この異常状態は見えてはいけません。	
10155201	Buff	False	True	True	出たらBTS	この異常状態は見えてはいけません。	
10155202	Buff	False	True	True	出たらBTS	この異常状態は見えてはいけません。	
10155203	Buff	False	True	True			
10155204	Buff	False	True	False			
10155205	Buff	False	True	True			
10155206	Buff	False	True	True			
10155207	Buff	False	True	True			
10155210	Buff	False	True	False	出たらBTS	この異常状態は見えてはいけません。	
10155220	Buff	False	True	False	出たらBTS	この異常状態は見えてはいけません。	
10155230	Buff	False	True	False	出たらBTS	この異常状態は見えてはいけません。	
10155240	Buff	True	True	False	ルナティックゲージ最大回復	ルナティックゲージが最大となり、朱月スキルを使用できます。効果持続中はルナティックゲージは減少しません。	icon_items.fullmoon_gemstone_tex
10155250	Buff	True	True	False	守護光玉	守護光玉を纏い、攻撃にるダウン及び硬直が発生せず、押し出されなくなります。受けるダメージが70％減少します。	icon_skills.moongracebuff_tex
10155251	Buff	False	True	False	出たらBTS	この異常状態は見えてはいけません。	
10155252	Buff	False	True	False			
10155253	Buff	False	True	False			
10155254	Buff	False	True	False			
10155255	Buff	False	True	False			
10155270	Buff	True	True	False	月光陣の抗体	効果持続中は月光陣により引き付けられません。	icon_skills.moongravity_tex
10155280	Buff	False	True	True			
10155281	Buff	False	True	True			
10155282	Buff	False	True	True			
10155283	Buff	False	True	False			
10155284	Buff	False	True	True			
10155285	Buff	False	True	True			
10155290	WeakeningEffect	False	True	False			
10155291	WeakeningEffect	False	True	False			
10155300	WeakeningEffect	False	True	False			
10155310	Buff	False	True	False			
10155320	Buff	False	True	True			
10155400	Stun	True	False	False	回り込み	効果持続中は、その場から動けません。ダウンすると効果は即解除されます。	icon_skills.mooncatch_tex
10230001	Stun	True	False	False	超音波の衝撃	全てのスキルが使用不能となります！　$BRこの効果は解除できません。	icon_status.sealskill_tex
15200001	Buff	True	True	False	ラバトゥスの甲殻	ラバトゥスの甲殻効果によって$timeの間、防御力と体力が $H_W_GOOD20%$COLOR_END増加します。該当効果はスキル等の効果、死亡時に解除されません。また、ギルド対戦地域を離脱した場合のみ、自動的に解除されます。	icon_skills.emergencyshield_tex
15200002	Buff	True	True	False	ドゥラカンの火	ドゥラカンの火効果によって$timeの間、防御力と体力が $H_W_GOOD20%$COLOR_END増加します。該当効果はスキル等の効果、死亡時に解除されません。また、ギルド対戦地域を離脱した場合のみ、自動的に解除されます。	icon_items.campfire_tex
15200003	Buff	True	True	False	カイタンの恐怖	カイタンの恐怖効果によって$timeの間、防御力と体力が $H_W_GOOD10%$COLOR_END増加します。該当効果はスキル等の効果、死亡時に解除されません。また、ギルド対戦地域を離脱した場合のみ、自動的に解除されます。	icon_status.darkriftrage_tex
15200006	Buff	True	True	False	決戦	ギルドメンバー全員が決戦の意志を燃やし、PVP攻撃力が $H_W_GOOD10$COLOR_END、攻撃速度が $H_W_GOOD10%$COLOR_END 増加します。	icon_skills.guildskills_ccres2_tex
15200007	Buff	True	True	False	難攻不落	ギルドメンバー全員が難攻不落の意志でPVP防御力が $H_W_GOOD20$COLOR_END 増加します。	icon_skills.guildskills_basehp2_tex
15200008	Buff	True	True	False	前衛基地の守護	前衛基地の守護効果で攻撃力と防御力が $H_W_GOOD10%$COLOR_END 増加します。	icon_status.aura_of_damage_tex
15200009	Buff	True	False	True	時間旅行副作用	パーティー召喚類のスキル使用時、再使用時間が $H_W_BAD6$COLOR_END 倍増加します。	icon_status.darkriftareatimeshift_tex
15200010	Buff	False	False	True	時間旅行副作用」（見えないように）	見える場合BTS	
15200011	Buff	False	False	True	時間旅行副作用」（見えないように）	見える場合BTS	
15210001	Buff	False	True	False	持続呪文書効果削除	異常状態ツールチップ表示なし(isShow=False)このツールチップが見えたらBTS処理が必要！	icon_items.scroll_atk_speed_level_59_tex
15210002	Buff	False	True	False	瞬間呪文書効果削除	異常状態ツールチップ表示なし(isShow=False)このツールチップが見えたらBTS処理が必要！	icon_items.scroll_def_protect_level_59_tex
15210003	Buff	False	True	False	瞬間呪文書：疾駆効果削除	異常状態ツールチップ表示なし(isShow=False)このツールチップが見えたらBTS処理が必要！	icon_items.scroll_run_speed_level_51_tex
15210004	Buff	False	True	False	秘薬効果削除	異常状態ツールチップ表示なし(isShow=False)このツールチップが見えたらBTS処理が必要！	icon_items.griffon_potion_level_60_tex
15210005	Buff	False	True	False	秘薬効果削除	異常状態ツールチップ表示なし(isShow=False)このツールチップが見えたらBTS処理が必要！	
43100001	Buff	False	True	True	アカシャの潜伏地（ソロ）：ヘビーガンナー	異常状態ツールチップ表示されない（isShow=False）このツールチップが出たらBTS処理必要！	icon_status.diseaseup_tex
43100002	Buff	False	True	False	HP即回復	異常状態ツールチップ表示されない（isShow=False）このツールチップが出たらBTS処理必要！	icon_status.plushp_tex
43100003	Buff	False	True	True	アカシャの潜伏地（ソロ）：ランサー	異常状態ツールチップ表示されない（isShow=False）このツールチップが出たらBTS処理必要！	icon_status.diseaseup_tex
43100004	Buff	False	True	True	アカシャの潜伏地（ソロ）：アーチャー	異常状態ツールチップ表示されない（isShow=False）このツールチップが出たらBTS処理必要！	icon_status.diseaseup_tex
43100005	Buff	False	True	True	アカシャの潜伏地（ソロ）：ソウルリーパー	異常状態ツールチップ表示されない（isShow=False）このツールチップが出たらBTS処理必要！	icon_status.diseaseup_tex
43100006	Buff	False	True	True	アカシャの潜伏地（ソロ）：ソーサラー	異常状態ツールチップ表示されない（isShow=False）このツールチップが出たらBTS処理必要！	icon_status.diseaseup_tex
43100007	DamageOverTime	True	False	False	出血	強力な一撃によって出血しました。$H_W_BAD$tickInterval2$COLOR_END毎に全HPの$H_W_BAD5％$COLOR_ENDが減少します。	icon_status.minuscriticalresist_tex
43100008	Buff	False	True	True	ソロダンジョン：均衡補正（ソーサラー）	異常状態ツールチップ表示されない（isShow=False）このツールチップが出たらBTS処理必要！	icon_status.minuscriticalresist_tex
43100009	Buff	False	True	True	ソロダンジョン：均衡補正（アーチャー）	異常状態ツールチップ表示されない（isShow=False）このツールチップが出たらBTS処理必要！	icon_status.minuscriticalresist_tex
43100010	Buff	False	True	True	ソロダンジョン：均衡補正（プリースト/エレメンタリスト）	異常状態ツールチップ表示されない（isShow=False）このツールチップが出たらBTS処理必要！	icon_status.minuscriticalresist_tex
43100011	WeakeningEffect	True	False	False	破壊の予言	破壊の予言が下されました！　移動速度が$H_W_BAD0,8$COLOR_END減少します。時間内に解除しなければ、強力なダメージを受けることになります。	icon_status.delaydamage_tex
43100012	Buff	False	True	True	アカシャの潜伏地（ソロ）：スレイヤー	異常状態ツールチップ表示されない（isShow=False）このツールチップが出たらBTS処理必要！	icon_status.diseaseup_tex
43100013	Buff	False	True	True	アカシャの潜伏地（ソロ）：エレメンタリスト	異常状態ツールチップ表示されない（isShow=False）このツールチップが出たらBTS処理必要！	icon_status.diseaseup_tex
43100014	Buff	False	True	True	アカシャの潜伏地（ソロ）：プリースト	異常状態ツールチップ表示されない（isShow=False）このツールチップが出たらBTS処理必要！	icon_status.diseaseup_tex
43100015	Buff	False	True	True	アカシャの潜伏地（ソロ）：バーサーカー	異常状態ツールチップ表示されない（isShow=False）このツールチップが出たらBTS処理必要！	icon_status.diseaseup_tex
43100016	Buff	False	True	True	アカシャの潜伏地（ソロ）：ファイター	異常状態ツールチップ表示されない（isShow=False）このツールチップが出たらBTS処理必要！	icon_status.diseaseup_tex
43100017	Buff	False	True	True	アカシャの潜伏地（ソロ）：ウォーリアー	異常状態ツールチップ表示されない（isShow=False）このツールチップが出たらBTS処理必要！	icon_status.diseaseup_tex
43100018	Buff	False	True	False	瞬間呪文書：保護 V	異常状態ツールチップ表示されない（isShow=False）このツールチップが出たらBTS処理必要！	icon_items.scroll_def_protect_level_59_tex
43100019	Buff	False	True	True	アカシャの潜伏地（ソロ）-ヘビーガンナー	異常状態ツールチップ表示なし(isShow=False)このツールチップが見えたらBTS処理が必要！	icon_status.diseaseup_tex
43100020	Buff	False	True	True			
43200001	Buff	False	True	True	黄金の迷宮（ソロ）：ヘビーガンナー	異常状態ツールチップ表示されない（isShow=False）このツールチップが出たらBTS処理必要！	icon_status.diseaseup_tex
43200002	Buff	False	True	False	HP即回復	異常状態ツールチップ表示されない（isShow=False）このツールチップが出たらBTS処理必要！	icon_status.diseaseup_tex
43200003	Buff	False	True	True	黄金の迷宮（ソロ）：ランサー	異常状態ツールチップ表示されない（isShow=False）このツールチップが出たらBTS処理必要！	icon_status.diseaseup_tex
43200004	Buff	False	True	True	黄金の迷宮（ソロ）：アーチャー	異常状態ツールチップ表示されない（isShow=False）このツールチップが出たらBTS処理必要！	icon_status.diseaseup_tex
43200005	Buff	False	True	True	黄金の迷宮（ソロ）：ソウルリーパー	異常状態ツールチップ表示されない（isShow=False）このツールチップが出たらBTS処理必要！	icon_status.diseaseup_tex
43200006	Buff	False	True	True	黄金の迷宮（ソロ）：ソーサラー	異常状態ツールチップ表示されない（isShow=False）このツールチップが出たらBTS処理必要！	icon_status.diseaseup_tex
43200007	Buff	False	True	True	黄金の迷宮（ソロ）：スレイヤー	異常状態ツールチップ表示されない（isShow=False）このツールチップが出たらBTS処理必要！	icon_status.diseaseup_tex
43200008	Buff	False	True	True	黄金の迷宮（ソロ）：エレメンタリスト	異常状態ツールチップ表示されない（isShow=False）このツールチップが出たらBTS処理必要！	icon_status.diseaseup_tex
43200009	Buff	False	True	True	黄金の迷宮（ソロ）：プリースト	異常状態ツールチップ表示されない（isShow=False）このツールチップが出たらBTS処理必要！	icon_status.diseaseup_tex
43200010	Buff	False	True	True	黄金の迷宮（ソロ）：バーサーカー	異常状態ツールチップ表示されない（isShow=False）このツールチップが出たらBTS処理必要！	icon_status.diseaseup_tex
43200011	Buff	False	True	True	黄金の迷宮（ソロ）：ファイター	異常状態ツールチップ表示されない（isShow=False）このツールチップが出たらBTS処理必要！	icon_status.diseaseup_tex
43200012	Buff	False	True	True	黄金の迷宮（ソロ）：ウォーリアー	異常状態ツールチップ表示されない（isShow=False）このツールチップが出たらBTS処理必要！	icon_status.diseaseup_tex
43200013	Buff	True	True	True	攻撃速度上昇5％	モンスターの攻撃速度が上昇します。 	icon_status.diseaseup_tex
43200014	Buff	True	True	True	攻撃速度上昇10％	モンスターの攻撃速度が上昇します。 	icon_status.diseaseup_tex
43200015	Buff	True	True	True	攻撃速度上昇20％	モンスターの攻撃速度が上昇します。 	icon_status.diseaseup_tex
43200016	Buff	True	True	True	攻撃速度上昇30％	モンスターの攻撃速度が上昇します。 	icon_status.diseaseup_tex
43200017	Buff	True	True	True	攻撃速度上昇50％	モンスターの攻撃速度が上昇します。 	icon_status.diseaseup_tex
43200018	Buff	False	True	True	黄金の迷宮（ソロ）-ヘビーガンナー	異常状態ツールチップ表示なし(isShow=False)このツールチップが見えたらBTS処理が必要！	icon_status.diseaseup_tex
43200019	Buff	False	True	True			
43300001	DamageOverTime	True	False	False	デモクロンの呪い	重複する度に、力が$H_W_GOOD25%$COLOR_END上昇しますが、$H_W_BAD1$COLOR_END second毎に1秒当たりHPが$H_W_BAD500$COLOR_ENDが減少します。効果は最大99回まで重複します。	icon_status.diseaseup_tex
43300002	DamageOverTime	True	False	False	感染：デモクロンウィルス	デモクロンウィルスに感染しました。HPが持続的に減少し、回復量が減少します。	icon_status.minuscriticalresist_tex
43300003	WeakeningEffect	True	True	True	充填：デモクロンエネルギー	キルガルがデモクロンのエネルギーを集めています。エネルギーで形成されたバリアを破壊できない場合は、強大な力を獲得します。この効果は、「ブレッシングデバフ」や「フィーブルプレディクション」で解除できます。	icon_skills.manashield_tex
43300004	WeakeningEffect	False	False	True	防御力減少	異常状態ツールチップ表示されない（isShow=False）このツールチップが出たらBTS処理必要！	icon_status.diseaseup_tex
43300005	Buff	False	True	True	キルガルの洞窟（ソロ）：ヘビーガンナー	異常状態ツールチップ表示されない（isShow=False）このツールチップが出たらBTS処理必要！	icon_status.diseaseup_tex
43300006	Buff	False	True	False	HP即回復	異常状態ツールチップ表示されない（isShow=False）このツールチップが出たらBTS処理必要！	icon_status.diseaseup_tex
43300007	Buff	False	True	True	キルガルの洞窟（ソロ）：ランサー	異常状態ツールチップ表示されない（isShow=False）このツールチップが出たらBTS処理必要！	icon_status.diseaseup_tex
43300008	Buff	False	True	True	キルガルの洞窟（ソロ）：アーチャー	異常状態ツールチップ表示されない（isShow=False）このツールチップが出たらBTS処理必要！	icon_status.diseaseup_tex
43300009	Buff	False	True	True	キルガルの洞窟（ソロ）：ソウルリーパー	異常状態ツールチップ表示されない（isShow=False）このツールチップが出たらBTS処理必要！	icon_status.diseaseup_tex
43300010	Buff	False	True	True	キルガルの洞窟（ソロ）：ソーサラー	異常状態ツールチップ表示されない（isShow=False）このツールチップが出たらBTS処理必要！	icon_status.diseaseup_tex
43300011	Buff	False	True	True	キルガルの洞窟（ソロ）：スレイヤー	異常状態ツールチップ表示されない（isShow=False）このツールチップが出たらBTS処理必要！	icon_status.diseaseup_tex
43300012	Buff	False	True	True	キルガルの洞窟（ソロ）：エレメンタリスト	異常状態ツールチップ表示されない（isShow=False）このツールチップが出たらBTS処理必要！	icon_status.diseaseup_tex
43300013	Buff	False	True	True	キルガルの洞窟（ソロ）：プリースト	異常状態ツールチップ表示されない（isShow=False）このツールチップが出たらBTS処理必要！	icon_status.diseaseup_tex
43300014	Buff	False	True	True	キルガルの洞窟（ソロ）：バーサーカー	異常状態ツールチップ表示されない（isShow=False）このツールチップが出たらBTS処理必要！	icon_status.diseaseup_tex
43300015	Buff	False	True	True	キルガルの洞窟（ソロ）：ファイター	異常状態ツールチップ表示されない（isShow=False）このツールチップが出たらBTS処理必要！	icon_status.diseaseup_tex
43300016	Buff	False	True	True	キルガルの洞窟（ソロ）：ウォーリアー	異常状態ツールチップ表示されない（isShow=False）このツールチップが出たらBTS処理必要！	icon_status.diseaseup_tex
43300017	Buff	False	True	True	キルガルの洞窟（ソロ）-ヘビーガンナー	異常状態ツールチップ表示なし(isShow=False)このツールチップが見えたらBTS処理が必要！	icon_status.diseaseup_tex
44300001	WeakeningEffect	True	False	True	無敵状態	モンスターが無敵状態になります。	icon_status.darkriftrage_tex
44300002	DamageOverTime	True	True	False	黒い霧	周辺に黒い霧が立ち込めます。霧の中では移動速度が大幅に上昇します。	icon_status.darkeffect_tex
44300003	Buff	True	True	True	呪いの碑石の力	モンスターの力が$H_W_GOOD200%$COLOR_END上昇します。	icon_status.minushp_tex
44300004	Buff	True	True	False	看守の気合	モンスターの力が$H_W_GOOD30%$COLOR_END上昇します。	icon_status.plusepoisonresist_tex
44300005	WeakeningEffect	True	True	False	疫病	疫病にかかりました。解毒薬を飲まなければ、生命に危険が及びます。	icon_status.diseasedown_tex
44300006	WeakeningEffect	True	True	False	疫病	疫病にかかりました。解毒薬を飲まなければ、生命に危険が及びます。	icon_status.diseasedown_tex
44300007	WeakeningEffect	True	True	False	疫病	疫病にかかりました。解毒薬を飲まなければ、生命に危険が及びます。	icon_status.diseasedown_tex
44300008	WeakeningEffect	True	True	False	疫病	疫病にかかりました。解毒薬を飲まなければ、生命に危険が及びます。	icon_status.diseasedown_tex
44300009	WeakeningEffect	True	True	False	疫病	疫病にかかりました。解毒薬を飲まなければ、生命に危険が及びます。	icon_status.diseasedown_tex
44300010	WeakeningEffect	True	True	False	疫病	疫病にかかりました。解毒薬を飲まなければ、生命に危険が及びます。	icon_status.diseasedown_tex
44300011	Buff	True	True	False	移転した魔法の力	玉にかけられた魔法により、プレイヤーの力が$H_W_GOOD20%$COLOR_END上昇します。	icon_status.pluswill_tex
44300012	WeakeningEffect	True	True	False	魔法使いの呪い（赤）	魔法使いの呪いにかかりました。順番通りに解除しなければ「予告された死」にかかります。	icon_status.battlecommand03_tex
44300013	WeakeningEffect	True	True	False	魔法使いの呪い（黄）	魔法使いの呪いにかかりました。順番通りに解除しなければ「予告された死」にかかります。	icon_status.battlecommand02_tex
44300014	WeakeningEffect	True	True	False	魔法使いの呪い（緑）	魔法使いの呪いにかかりました。順番通りに解除しなければ「予告された死」にかかります。	icon_status.battlecommand04_tex
44300015	WeakeningEffect	True	True	False	魔法使いの呪い（青）	魔法使いの呪いにかかりました。順番通りに解除しなければ「予告された死」にかかります。	icon_status.battlecommand01_tex
44300016	WeakeningEffect	False	True	False			
44300017	WeakeningEffect	False	True	False			
44300018	WeakeningEffect	False	True	False			
44300019	WeakeningEffect	False	True	False			
44300020	WeakeningEffect	True	True	False	予告された死	しばらくすると死亡します。誰の助けも受けることはできません。	icon_status.delaydamage_tex
44300021	Buff	True	True	False	エネルギー凝縮	凝縮された強力なエネルギーにより、力が$H_W_GOOD100%$COLOR_END上昇します。	icon_status.plusecritical_tex
44300022	Stun	True	False	False	粘液	数秒間、その場から動くことができず、全ての移動、防御スキルも使用できません！　	icon_status.minusmove_tex
44300023	Buff	True	True	False	丈夫な繭綿	幼虫の糸で編んだ丈夫なバリア。一定時間、ダメージを約85％無効化します。	icon_status.immunedebuff_tex
44300024	WeakeningEffect	True	True	False	呪い解除装置（赤）	魔法使いの呪い（赤）を解除します。	icon_status.battlecommand03_tex
44300025	WeakeningEffect	True	True	False	呪い解除装置（黄）	魔法使いの呪い（黄）を解除します。	icon_status.battlecommand02_tex
44300026	WeakeningEffect	True	True	False	呪い解除装置（緑）	魔法使いの呪い（緑）を解除します。	icon_status.battlecommand04_tex
44300027	WeakeningEffect	True	True	False	呪い解除装置（青）	魔法使いの呪い（青）を解除します。	icon_status.battlecommand01_tex
44300028	WeakeningEffect	True	False	False	無気力	無気力状態に陥ります。移動速度が$H_W_BAD0,3$COLOR_END、力が$H_W_BAD70%$COLOR_END減少します。	icon_status.poisondown_tex
44300029	WeakeningEffect	False	False	True			
44300030	WeakeningEffect	False	False	True			
44300031	WeakeningEffect	True	False	False	目眩	めまいによって、動きが制限されます。	icon_status.confuseup_tex
44300032	Buff	True	True	False	疫病免疫ポーション	魔法使いが作った猛毒の疫病に免疫ができます。	icon_items.potion2_tex
44300033	Buff	True	True	False	疫病免疫ポーション	魔法使いが作った猛毒の疫病に免疫ができます。	icon_items.potion2_tex
44300034	Buff	True	True	False	疫病免疫ポーション	魔法使いが作った猛毒の疫病に免疫ができます。	icon_items.potion2_tex
44300035	Buff	True	True	False	疫病免疫ポーション	魔法使いが作った猛毒の疫病に免疫ができます。	icon_items.potion2_tex
44300036	Buff	True	True	False	疫病免疫ポーション	魔法使いが作った猛毒の疫病に免疫ができます。	icon_items.potion2_tex
44300037	Buff	True	True	False	疫病免疫ポーション	魔法使いが作った猛毒の疫病に免疫ができます。	icon_items.potion2_tex
44300038	WeakeningEffect	True	False	True	孤独な勇者の証	独力で試練に打ち勝たなければなりません。一定の範囲に気絶効果を与えます。	icon_status.plusfocus_tex
44300039	WeakeningEffect	False	True	False			
44300040	WeakeningEffect	False	True	False			
44300041	WeakeningEffect	False	True	False			
44300042	WeakeningEffect	False	True	False			
44300043	Stun	True	True	False	致命的な蛇の毒	猛毒の蛇に噛まれました。移動速度が$H_W_BAD5$COLOR_END減少し、$H_W_BAD0$COLOR_END second1毎に全HPの$H_W_BAD6％$COLOR_ENDが減少します。	icon_status.minuscriticalresist_tex
44300044	Stun	True	False	False	内出血	内出血により思うように動けません。移動速度が$H_W_BAD5$COLOR_END減少し、$H_W_BAD1$COLOR_END second毎に全HPの$H_W_BAD6％$COLOR_ENDが減少します。	icon_status.minuscriticalresist_tex
44300045	WeakeningEffect	False	True	True			
44300046	WeakeningEffect	True	True	True	ガルキンの守護	魔法使いガルキンのバリアにより、砲台によるダメージを無効化します。	icon_status.plusedefence_tex
44300047	Stun	True	False	False	黒騎士の気迫	ベイダの気迫により、混乱状態に陥ります。耐久力が$H_W_BAD45%$COLOR_END減少し、コントロール不能になります。	icon_status.fearstatus_tex
44300048	WeakeningEffect	False	True	False			
44300049	WeakeningEffect	True	True	False	ネバネバの繭糸	伸縮性のある非常に丈夫な糸を作っています。この瞬間はリアクション抵抗力が非常に低下します。	icon_status.risindagon_tex
44300050	WeakeningEffect	True	True	False	魔法使いの呪い（赤）	魔法使いの呪いにかかりました。順番通りに解除しなければ「予告された死」にかかります。	icon_status.battlecommand03_tex
44300051	WeakeningEffect	True	True	False	魔法使いの呪い（黄）	魔法使いの呪いにかかりました。順番通りに解除しなければ「予告された死」にかかります。	icon_status.battlecommand02_tex
44300052	WeakeningEffect	True	True	False	魔法使いの呪い（緑）	魔法使いの呪いにかかりました。順番通りに解除しなければ「予告された死」にかかります。	icon_status.battlecommand04_tex
44300053	WeakeningEffect	True	True	False	魔法使いの呪い（青）	魔法使いの呪いにかかりました。順番通りに解除しなければ「予告された死」にかかります。	icon_status.battlecommand01_tex
44300054	WeakeningEffect	False	True	False			
44300055	WeakeningEffect	False	True	False			
44300056	WeakeningEffect	False	True	False			
44300057	WeakeningEffect	False	True	False			
44300058	WeakeningEffect	False	True	False			
44300059	WeakeningEffect	False	True	False			
44300060	WeakeningEffect	False	True	False			
44300061	WeakeningEffect	False	True	False			
44300062	Stun	True	False	False	繭化	幼虫の針に含まれる成分によって、全身が石のように固まります。	icon_status.sealskill_tex
44300063	Stun	True	False	False	繭化	幼虫の針に含まれる成分によって、全身が石のように固まります。	icon_status.sealskill_tex
44300064	WeakeningEffect	True	True	False	神聖な魔法の結晶	甚大なダメージを無効化できる程の魔法エネルギーが込められています。	icon_status.battlecommand04_tex
44300065	Buff	True	True	False	魔法エネルギーバリア	一定時間、全てのダメージを無効化します。	icon_status.plusedefence_tex
44300066	Buff	True	True	False	凶暴化	ボスモンスターが凶暴化します。重複するたびに、攻撃速度が$H_W_BAD10%$COLOR_ENDずつ上昇します。	icon_status.plusattack_tex
44300067	WeakeningEffect	False	True	False			
44300068	Stun	True	False	False	氷結	体が凍って動きが鈍ります。移動速度が$H_W_BAD0,2$COLOR_END減少します。	icon_status.icedamage_tex
44300069	Stun	True	False	False	氷結	体が凍って動きが鈍ります。移動速度が$H_W_BAD0,2$COLOR_END減少します。	icon_status.icedamage_tex
44300070	WeakeningEffect	False	True	False			icon_status.pluswill_tex
44300071	Buff	True	True	False	移転した魔法の力	玉にかけられた魔法により、プレイヤーの力が$H_W_GOOD2%$COLOR_END、攻撃速度が$H_W_GOOD2%$COLOR_END上昇します。	
44300072	WeakeningEffect	False	True	False			
44300073	Buff	True	True	False	凶暴化	ボスモンスターが凶暴化します。重複するたびに、攻撃速度が$H_W_BAD20%$COLOR_ENDずつ上昇します。	icon_status.plusattack_tex
44300074	Buff	False	True	False			
44300075	Buff	True	True	False	野獣の力	野獣の気を感じます。重複するたびに、力が$H_W_BAD30%$COLOR_ENDずつ上昇します。	icon_status.cruel_slayer_3_tex
44300076	Buff	True	True	False	野獣の羽	野獣の気を感じます。重複するたびに、攻撃速度が$H_W_BAD30%$COLOR_ENDずつ上昇します。	icon_status.cruel_slayer_2_tex
44300077	Buff	True	True	False	野獣の爪	野獣の気を感じます。重複するたびに、クリティカル発生が$H_W_BAD30%$COLOR_ENDずつ上昇します。	icon_status.cruel_slayer_4_tex
44300078	Buff	True	True	False	無限の体力	HP回復スキルを使います！　$H_W_GOOD1$COLOR_END second毎にHPが$H_W_GOOD1500,000$COLOR_END回復します。	icon_status.delayheal_tex
44300079	Buff	True	True	True	凶暴化	力が$H_W_GOOD1000％$COLOR_END、攻撃速度が$H_W_GOOD10％$COLOR_END上昇します。	icon_status.plusattack_tex
44300080	DamageOverTime	True	True	False	幼虫の毒	キングラザードの毒が回ります。$H_W_BAD3$COLOR_END second1毎に全HPの$H_W_BAD8％$COLOR_ENDが減少します。	icon_status.poisonstatus_tex
44300081	Buff	True	False	True	鉄壁の外皮	キングラザードの外皮が硬化します。集中攻撃を行ってください！	icon_skills.manashield_tex
44300082	Buff	False	True	False			
44300083	WeakeningEffect	False	True	False			
44300084	DamageOverTime	False	True	False			
44300085	WeakeningEffect	False	True	False			
44300086	WeakeningEffect	False	True	False			
44300087	WeakeningEffect	False	True	False			
44300088	WeakeningEffect	False	True	False			
44300089	Buff	False	True	True			
44300090	Buff	True	True	False	男らしさ	勇者の証の感電効果に免疫ができます。堂々とした振る舞いに真の男らしさを感じます。毛深い体は好き嫌いが分かれそうですが……。	icon_items.potion2_tex
44300091	WeakeningEffect	False	True	True			
44300092	DamageOverTime	True	True	True	黒い霧	周囲に黒い霧が立ち込めます。移動速度が大幅に上昇します。	icon_status.darkeffect_tex
44300093	DamageOverTime	False	True	True			
44300094	DamageOverTime	False	True	True			
44300095	WeakeningEffect	False	True	False			
44300096	Stun	True	False	False	感電！	パーティーメンバーが放つ強力な電圧により気絶しました。	icon_status.confuseup_tex
44500100	Buff	False	True	True	リリパット_攻撃力上昇防御力減少	異常状態ツールチップ非表示（isShow=False）このツールチップが出たらBTS処理が必要です。	
45000001	DamageOverTime	True	False	False	エンタングル	体についた胞子から発芽した棘のツルが全身に巻き付きます。一定時間スキルの使用が制限されます。	icon_status.poisonstatus_tex
45000002	WeakeningEffect	True	False	False	養分	黄色の食虫植物を通して供給される養分。養分が重複する毎に力が$H_W_GOOD5%$COLOR_END上昇します。	icon_status.damageup_tex
45000003	Buff	False	False	False	堅固な筋	食虫植物から得た養分により、ツルが固くなります。耐久力が$H_W_GOOD0%$COLOR_END上昇します。	icon_status.plusedefence_tex
45000004	Stun	True	False	False	麻痺毒	ベスパの棘にある強力な毒成分によって、体を動かすことができません。	icon_status.confusestatusnpc_tex
45000005	Stun	True	False	False	ショック	ショック状態に陥り、移動速度が低下します。また、あらゆるスキルが使用できません。	icon_status.minusmove_tex
45000006	Buff	True	True	False	表皮強化	カシュバルの表皮が硬化し、あらゆるダメージを無効化します。	icon_status.plusedefence_tex
45000007	WeakeningEffect	True	True	False	弱点	固まった表皮の下に隠されている弱点です。表皮が脱げるとダウン状態にかかりやすくなります。	icon_status.risindagon_tex
45000008	WeakeningEffect	True	False	False	有毒ガス	有害なガスを吸入しました。移動速度が低下し、スキルを使用できません。	icon_status.minusmove_tex
45000009	WeakeningEffect	False	False	True	ターゲット	ターゲット更新用	icon_status.minusmove_tex
45000010	WeakeningEffect	False	False	True	落雷	落雷チェック用	icon_status.minusmove_tex
45000011	DamageOverTime	True	False	False	粉塵	粉塵が付きました。移動速度が$H_W_BAD80％$COLOR_END減少し、$H_W_BAD1秒$COLOR_END毎に全HPの$H_W_BAD2％$COLOR_ENDが減少します（最大5重複）。ジャンプで粉塵を落とせます。	icon_status.minusmove_tex
45000012	Buff	True	True	False	粉塵落とし	体についた粉塵を落とします。移動速度が$H_W_GOOD10%$COLOR_END上昇します。$BR	icon_status.plusattack_tex
45000013	DamageOverTime	False	False	False			
45000014	DamageOverTime	False	False	False			
45000015	WeakeningEffect	True	False	False	巨大化	リザード呪術師の呪術により、力が$H_W_GOOD20％$COLOR_END上昇し、HPが$H_W_GOOD20％$COLOR_END回復します。	icon_skills.berserk_tex
45000016	Buff	True	False	True	外皮強化	硬化したカシュバルの殻が一定のダメージを無効化します。	icon_status.plusedefence_tex
45000017	Buff	False	False	False			
45000018	DamageOverTime	False	False	False			
45000019	WeakeningEffect	True	False	False	猛毒唾液	洞窟寄生虫の唾液で$H_W_BAD1秒$COLOR_END毎に$H_W_BAD10％$COLOR_ENDのダメージを受け、移動速度が$H_W_BAD90%$COLOR_END減少します。	icon_status.minusmove_tex
45000020	Buff	True	True	True	凶暴化	凶暴化しました。力が$H_W_GOOD68%$COLOR_END上昇し、攻撃速度が$H_W_GOOD50%$COLOR_END上昇します。	icon_status.plusattack_tex
45000021	WeakeningEffect	False	True	False			
45000022	Buff	False	True	False			
45000023	Stun	True	True	False	捕獲	捕獲され、身動きがとれません。	icon_status.confuseup_tex
45000024	DamageOverTime	False	False	False			
45000025	Stun	True	False	False	狂戦士の咆哮	恐怖に囚われました。しばらく移動速度が減少し、コントロール不能状態になります。	icon_status.fearstatus_tex
45000026	Stun	False	False	True			
45000027	DamageOverTime	True	False	False	虫毒	虫の毒に侵されました。$H_W_BAD1秒$COLOR_END毎に全HPの$H_W_BAD1.6％$COLOR_ENDが減少します。	icon_status.poisonstatus_tex
45000028	WeakeningEffect	False	True	False			
45000029	Stun	False	False	True			
45000030	Stun	False	False	True			
45000031	Stun	False	False	True			
45000032	Stun	False	False	True			
45000033	Stun	False	False	True			
45000034	Stun	False	False	True			
45000035	Stun	False	False	True			
45000036	Stun	False	False	True			
45000037	Stun	False	False	True			
45000038	DamageOverTime	True	False	False	出血	強力な一撃によって出血しました。$H_W_BAD3$COLOR_END second1毎に全HPの$H_W_BAD12.5％$COLOR_ENDが減少します。	icon_status.minuscriticalresist_tex
45000039	Buff	True	True	True	発光	カシュバルがひどく暴れています。もはや止めることはできません。カシュバルの力が$H_W_GOOD1,000％$COLOR_END、攻撃速度が$H_W_GOOD5倍$COLOR_END上昇します。	icon_status.diseaseup_tex
45000115	WeakeningEffect	False	False	False			
45000116	Buff	True	True	False	ヴェリックの恩寵	ヴェリックの恩寵を受けます。持続時間内に死亡時、その場で即時に復活できます。	icon_skills.selfpreresurrection_tex
45000117	Buff	True	True	False	ヴェリックの保護	ヴェリックの保護を受けます。10秒間、ダメージを無効化するバリアが発動します。	icon_status.bless_of_velic_tex
45000118	DamageOverTime	False	False	False			
45000119	Buff	False	True	True			
45000120	Buff	True	True	False	高所恐怖症	高所恐怖症により一時的にスキルが使用できなくなります。	icon_status.fearstatus_tex
45000121	Buff	True	True	False	表皮強化	カシュバルの殻が硬化し、あらゆるダメージを無効化します。	icon_status.plusedefence_tex
45000122	Buff	True	True	False	ヴェリックの保護	ヴェリックの保護を受けます。10秒間、ダメージを無効化するバリアが発動します。	icon_status.bless_of_velic_tex
46600001	Stun	False	False	False	2ネームド捕獲スキル用2秒スタン		
46600002	Buff	True	True	True	デモロスの圧倒	ダイスを回すデモロスは妨害を受けません。デモロスの防御力が1000倍増加します。	icon_status.plusedefence_tex
46600003	Buff	False	True	False			
46600004	Stun	False	False	False			
46600005	DamageOverTime	False	False	False			
46600006	WeakeningEffect	False	True	True			
46600007	Buff	False	True	True		大ダイスが持つと転がっていく	
46600008	Buff	False	True	True		PCダイスデスポーン条件	
46600009	Buff	False	True	True			
46600010	WeakeningEffect	False	True	False			
46600011	Buff	False	False	True		ダイス（青）エフェクト用	
46600012	Buff	False	False	True		ダイス（赤）エフェクト用	
46600013	Buff	False	True	True		ダイス（白）エフェクト用	
46600014	Buff	False	True	False			
46600015	Buff	False	True	False			
46600016	Buff	False	True	False		ダイススポーンクールタイム90秒	
46600017	Buff	False	True	True			
46600018	DamageOverTime	True	False	False	デモロスの呪い	$H_W_BAD2$COLOR_END second1ごとに全HPの$H_W_BAD10％$COLOR_ENDが持続的に減少します。	icon_status.injuredbtdarkness_tex
46600019	WeakeningEffect	False	True	False		2ネームドFevertime進入時、グロッキー演出	
46600020	WeakeningEffect	False	True	False		行動キャンセル用abnormality	
46600021	Buff	False	True	False		ラウンド勝・敗チェック用	
46600022	Buff	False	True	True			
46600023	Buff	False	True	True			
46600024	Buff	False	True	True			
46600025	Buff	False	True	True			
46600026	Buff	False	True	True			
46600027	Buff	False	True	True		2ネームド２Phase以後、透明NPCが持って、スポーンされるダイス3種を全て転がせるようにする	
46600028	Buff	False	True	False		PC用安全地帯	
46600029	Buff	False	True	False	レコード用異常状態	レコード用異常状態	
46600030	Buff	False	True	False	レコード用異常状態	レコード用異常状態	
46600031	Buff	False	True	True			
46600032	Buff	False	True	True			
46600033	Buff	False	True	True			
46600034	Buff	False	True	True			
46600035	Buff	False	True	True			
46600036	Buff	False	True	True			
46600037	Buff	False	True	True			
46600038	Buff	False	True	False			
46600039	Buff	False	True	False			
46600040	Stun	True	False	False	麻痺	全身が痺れて5秒間動けません。	icon_status.positionswap_tex
46600041	Buff	False	True	False		1ネームド集中攻撃エフェクト演出用（赤）	
46600042	DamageOverTime	False	True	False		1ネームド集中攻撃エフェクト演出用（青）	
46600043	DamageOverTime	False	True	False		1ネームド集中攻撃エフェクト演出用（緑）	
46600053	Buff	False	True	True	輝くダイス	輝くダイスが召喚されます。	
46600054	WeakeningEffect	False	True	True			
46600055	Buff	False	True	True			
46600056	Buff	False	True	True			
46600057	Buff	False	True	True			
46600059	Buff	False	True	True		透明NPCにルーレット逆方向回転情報伝達	
46600060	Buff	False	True	True		透明NPCにルーレット正方向回転情報伝達	
46600061	Buff	False	True	True		透明NPCにルーレットの結果（赤）伝達	
46600062	Buff	False	True	True		透明NPCにルーレットの結果（白）伝達	
46600063	Buff	False	True	True		透明NPCにルーレットの結果（青）伝達	
46600064	Buff	False	True	True		PCダイス転がせるようにする異常状態	
46600065	Buff	False	True	True		PCダイスが爆発するようにする異常状態	
46600066	WeakeningEffect	False	True	True		爆発するPCダイス用バリア	
46600067	WeakeningEffect	False	True	True		転ぶダイス1個用バリア	
46600068	WeakeningEffect	False	True	True		転ぶダイス2個用バリア	
46600069	DamageOverTime	False	False	False		ルーレットデスポーン全透明化	
46600070	Buff	False	True	False		ルーレットNPCスポーンabnormality	
46600071	DamageOverTime	False	False	False		46600070持続時間が終わる時にかかる異常状態	icon_status.icedamage_tex
46600072	Buff	False	True	False		ルーレットが回っている状態を2ネームドに伝達、ダイススポーンできないよう	icon_status.firedamage_tex
46600073	Buff	False	True	True		逆回転ルーレット召喚用異常状態	
46600074	Buff	False	True	True		正回転ルーレット召喚用異常状態	
46600075	Buff	False	True	False		ルーレットクールタイム異常状態	
46600076	WeakeningEffect	False	True	True		2PHASEダイスを3個全て転がせることができる異常状態	
46600077	Buff	False	True	False		ルーレットが全部回ったことを2ネームドに伝達	
46600078	Buff	False	True	True		2ネームドが2PHASE突入時、自分自身にかける異常状態	
46600079	Buff	True	True	False	デモロスの狂気	デモロスが異空間に移動する準備をします。防御力が1000倍増加します。	icon_status.plusedefence_tex
46600080	Buff	False	True	True		10番マスにいます。	
46600081	Buff	False	True	True		1番マスにいます。	
46600082	Buff	False	True	True		2番マスにいます。	
46600083	Buff	False	True	True		3番マスにいます。	
46600084	Buff	False	True	True		4番マスにいます。	
46600085	Buff	False	True	True		5番マスにいます。	
46600086	Buff	False	True	True		6番マスにいます。	
46600088	Buff	False	True	False		コイン被撃時、ゲージ1上昇（演出用）	
46600089	DamageOverTime	False	False	False		コイン被撃時、ゲージ3上昇（演出用）	
46600090	DamageOverTime	False	False	False		2ネームドルーレットを回します。	
46600091	Buff	False	True	False			
46600092	Buff	False	True	False			
46600093	Buff	False	True	False			
46600094	Buff	False	True	False		2ネームド_ボーナスダイスパターン用	
46600095	Buff	False	True	False			
46600096	Buff	False	True	False			
46600097	Buff	False	True	False			
46600098	DamageOverTime	False	False	False		2ネームド_fevertime用回復	icon_skills.refreshbless_tex
46600099	Buff	True	True	False	異空間吸収	$H_W_GOOD1$COLOR_END second毎に全HPの$H_W_GOOD0.35％$COLOR_ENDが持続的に回復します。	icon_skills.refreshbless_tex
46600100	Buff	False	True	True		2ネームド無敵異常状態	
46600101	Buff	False	True	False			
46600102	Buff	False	True	False			
46600103	Buff	False	True	True		開始時、赤・遠距離攻撃でパターン開始→2Phaseで緑・遠距離攻撃	
46600104	Buff	False	True	True		開始時、緑・遠距離攻撃でパターン開始→2Phaseで赤・遠距離攻撃	
46600105	Buff	False	True	False		1ネームド奇数チェック用の異常状態（持っている場合奇数）	
46600106	Buff	False	True	False		奇数2重複時、偶数異常状態に変化→1秒後消える	
46600107	Buff	False	False	False			
46600108	Buff	False	False	False			
46600109	Buff	False	True	False		1ネームド奇数・偶数パターンクールタイム	
46600110	Buff	False	True	False		1ネームド集中攻撃パターンクールタイム	
46600111	Buff	False	True	True			
46600112	Buff	False	True	False		1ネームド集中攻撃範囲デカル用	
46600113	DamageOverTime	True	False	False	トゥルガスが引っ掻いた傷	$H_W_BAD1$COLOR_END second毎に全HPの $H_W_BAD10％$COLOR_ENDが持続的に減少します。	icon_status.injuredbtdarkness_tex
46600114	Buff	False	True	True		奇数-近距離爆発	
46600115	Buff	False	True	True		奇数-遠距離爆発	
46600116	Buff	False	True	True		偶数-近距離爆発	
46600117	Buff	False	True	True		偶数-遠距離爆発	
47300100	DamageOverTime	True	False	False	猛毒のエキス	致命的な毒により、$H_W_BAD60$COLOR_END second1毎に全HPの$H_W_BAD50％$COLOR_ENDが減少します。$BRこの効果は解除できません。	icon_status.poisonstatus_tex
47300200	DamageOverTime	True	False	False	トゥルサの猛毒	致命的な毒により、$H_W_BAD3$COLOR_END second1毎に全HPの$H_W_BAD5％$COLOR_ENDが減少します。$BRこの効果は解除できません。	icon_status.poisonstatus_tex
47300300	DamageOverTime	True	False	False	トゥルサの毒	トゥルサの毒が全身に回りました！　$H_W_BAD4$COLOR_END second1後に全HPの$H_W_BAD30％$COLOR_ENDが減少します。$BRトゥルサの毒は解除することができません。	icon_status.poisonstatus_tex
47300400	Stun	True	False	False	苦痛の業火	苦痛に耐えきれず、逃げ出します。$H_W_BAD1$COLOR_END second毎に全HPの$H_W_BAD3％$COLOR_ENDが減少します。ダウンすると効果は即解除されます。	icon_status.fearstatus_tex
47300500	Stun	True	False	False	沈黙の時間	気絶しているため動けません。	icon_status.confuseup_tex
47300600	WeakeningEffect	True	False	False	恐怖の根源	恐怖の権化となりました！　自身を除くパーティーメンバーを一定時間気絶させます。有効範囲は周囲約10mです。	icon_status.confusestatusnpc_tex
47300700	WeakeningEffect	True	False	False	死の予言	「死の予言」が下されました！　時間内に予言を解除しなければ、現HPの$H_W_BAD30%$COLOR_ENDが減少します。	icon_status.delaydamage_tex
47300800	Buff	True	True	False	レイジ	重複する度に、力が$H_W_GOOD10%$COLOR_END上昇します。効果は最大99回まで重複します。	icon_status.diseaseup_tex
47300900	DamageOverTime	True	False	False	執行官の猛毒	致命的な猛毒に感染し$H_W_BAD1$COLOR_END second毎にHPが$H_W_BAD-3000$COLOR_ENDずつ減少します。	icon_skills.venomtrap_tex
47500100	DamageOverTime	True	False	False	破滅の業火	$H_W_BAD5$COLOR_END second1毎に全HPの$H_W_BAD5％$COLOR_ENDが減少し、持続時間が過ぎると対象者は即死します。$BRこの効果は、「破滅の冷気」でのみ解除することができます。	icon_status.firedamage_tex
47500150	WeakeningEffect	True	True	False	神の聖火	聖なる炎により、全てのデバフ抵抗が大幅に減少しました！	icon_items.fireofpurification_tex
47500200	Buff	True	True	False	削除_生命の叫び	異常状態ツールチップ非表示（isShow=False）このツールチップが出たらBTS処理が必要です。	icon_status.delayheal_tex
47500250	Buff	True	True	False	強固な結界	全てのデバフを受け付けません。効果持続中、ダウン/硬直状態になりません。	icon_status.immunedebuff_tex
47500300	Stun	True	False	False	無力化の呪縛	全身から力が抜け、効果持続中は全てのスキルを使用できません！	icon_status.sealskill_tex
47500400	DamageOverTime	True	False	False	報復の結界	$H_W_BAD5$COLOR_END second1毎に全HPの$H_W_BAD20％$COLOR_ENDが減少し、近距離攻撃スキルの威力が$H_W_BAD40%$COLOR_END減少します。$BR結界の効果は解除できません。	icon_status.minuscritical_tex
47500500	DamageOverTime	True	False	False	懲戒の結界	$H_W_BAD5$COLOR_END second1毎に全HPの$H_W_BAD20％$COLOR_ENDが減少し、遠距離攻撃スキルの威力が$H_W_BAD50%$COLOR_END減少します。$BR結界の効果は解除できません。	icon_status.minorexhaustion_tex
47500600	DamageOverTime	True	False	False	死の結界	$H_W_BAD2$COLOR_END second1毎に全HPの$H_W_BAD1％$COLOR_ENDが減少し、効果持続中はHPの回復はできません。$BR結界の効果は解除できません。	icon_status.minusfocus_tex
47500700	WeakeningEffect	True	False	False	奈落の束縛	移動速度が$H_W_BAD0,5$COLOR_END減少し、使用したスキルのクールタイムが$H_W_BAD2$COLOR_END延長されます。$BRこの効果は解除できません。	icon_status.mpsuckdown_tex
47500800	DamageOverTime	True	False	False	報復の結界	$H_W_BAD5$COLOR_END second1毎に全HPの$H_W_BAD10％$COLOR_ENDが減少し、近距離攻撃スキルの威力が$H_W_BAD15%$COLOR_END減少します。$BR結界の効果は解除できません。	icon_status.minuscritical_tex
47500900	DamageOverTime	True	False	False	懲戒の結界	$H_W_BAD5$COLOR_END second1毎に全HPの$H_W_BAD10％$COLOR_ENDが減少し、遠距離攻撃スキルの威力が$H_W_BAD30%$COLOR_END減少します。$BR結界の効果は解除できません。	icon_status.minorexhaustion_tex
47501000	DamageOverTime	True	False	False	死の結界	$H_W_BAD5$COLOR_END second1毎に全HPの$H_W_BAD10％$COLOR_ENDが減少し、効果持続中はHPの回復はできません。$BR結界の効果は解除できません。	icon_status.minusfocus_tex
47501100	DamageOverTime	True	False	False	破滅の冷気	$H_W_BAD5$COLOR_END second1毎に全HPの$H_W_BAD5％$COLOR_ENDが減少し、持続時間が過ぎると対象者は即死します。$BRこの効果は、「破滅の業火」でのみ解除することができます。	icon_status.icedamage_tex
47501200	Stun	True	False	False	ケルサイクの憤怒	気絶しているため動けません。この効果は解除できません。	icon_status.confuseup_tex
47501300	DamageOverTime	True	False	False	ケルサイクの呪魂	重複する度に、力が$H_W_GOOD200%$COLOR_END上昇しますが、$H_W_BAD1$COLOR_END second毎に全HPの$H_W_BAD0.5％$COLOR_ENDが減少します。効果は最大99回まで重複します。	icon_status.diseaseup_tex
47501400	DamageOverTime	True	False	False	地獄の業火	$H_W_BAD5$COLOR_END second1毎に全HPの$H_W_BAD5％$COLOR_ENDが減少し、持続時間が過ぎると対象者は即死します。$BRこの効果は、「破滅の業火」または「破滅の冷気」でのみ解除することができます。	icon_status.poisonstatus_tex
47501500	Buff	True	True	False	破滅の鎧	最大$H_W_GOOD500000$COLOR_ENDのダメージを無効化します。最大値を超えると、結界は破壊されます。持続時間内に破壊できない場合、その効果により全ての対象プレイヤーは死亡し、ケルサイクは破滅の憤怒に飲み込まれます！	icon_skills.manashield_tex
47501600	Buff	True	True	False	破滅の鎧	最大$H_W_GOOD400000$COLOR_ENDのダメージを無効化します。最大値を超えると、結界は破壊されます。持続時間内に破壊できない場合、その効果により全ての対象プレイヤーは死亡し、ケルサイクは破滅の憤怒に飲み込まれます！	icon_skills.manashield_tex
47501700	DamageOverTime	True	False	False	ケルサイクの呪魂	重複する度に、力が$H_W_GOOD5%$COLOR_END上昇しますが、$H_W_BAD5$COLOR_END second1毎に全HPの$H_W_BAD2％$COLOR_ENDが減少します。効果は最大99回まで重複します。	icon_status.diseaseup_tex
47501800	DamageOverTime	True	False	False	破滅の業火	$H_W_BAD5$COLOR_END second1毎に全HPの$H_W_BAD3％$COLOR_ENDが減少し、持続時間が過ぎると対象者は即死します。$BRこの効果は、「破滅の冷気」でのみ解除することができます。	icon_status.firedamage_tex
47501900	DamageOverTime	True	False	False	破滅の冷気	$H_W_BAD5$COLOR_END second1毎に全HPの$H_W_BAD3％$COLOR_ENDが減少し、持続時間が過ぎると対象者は即死します。$BRこの効果は、「破滅の業火」でのみ解除することができます。	icon_status.icedamage_tex
47502000	DamageOverTime	True	False	False	地獄の業火	$H_W_BAD5$COLOR_END second1毎に全HPの$H_W_BAD3％$COLOR_ENDが減少し、持続時間が過ぎると対象者は即死します。$BRこの効果は、「破滅の業火」または「破滅の冷気」でのみ解除することができます。	icon_status.poisonstatus_tex
47502100	Buff	True	True	False	ケルサイクの威容	重複する度に、力が$H_W_GOOD30%$COLOR_END上昇します。効果は最大99回まで重複します。	icon_status.damageup_tex
47502200	Buff	True	True	False	ケルサイクの守護	強力な守護の力によりケルサイクの耐久力が$H_W_GOOD4倍$COLOR_END上昇します。$BRこの効果は解除できません。	icon_status.plusedefence_tex
47502300	WeakeningEffect	True	False	False	無能の結界 - 放出	自身とパーティーメンバーのスキル威力が$H_W_BAD50％$COLOR_END減少します。効果は死亡後も解除されません。	icon_status.minuswill_tex
47600100	Buff	True	True	False	完全無欠の時間	効果持続中、全てのデバフ抵抗が100％になり、どんな攻撃も受け付けません！	icon_status.immunedebuff_tex
47600200	DamageOverTime	False	False	False	苦痛の時間	異常状態ツールチップ非表示（isShow=False）このツールチップが出たらBTS処理が必要です。	icon_status.delayheal_tex
47600300	Buff	True	True	False	九死一生	九死に一生を得ました！　$H_W_GOOD1$COLOR_END second毎に全HPの$H_W_GOOD3％$COLOR_ENDが回復します。	icon_status.delayheal_tex
47600400	Stun	True	False	False	苦痛の呪い	苦痛に耐えきれず、逃げ出します。$H_W_BAD3$COLOR_END second1毎に全HPの$H_W_BAD8％$COLOR_ENDが減少します。$BRこの効果は、ダウン時のみ自動で解除されます。	icon_status.fearstatus_tex
47600500	Stun	True	False	False	束縛の苦痛	全身から力が抜け、移動速度が$H_W_BAD0,5$COLOR_END減少します。効果持続中、全てのスキルを使用できません。	icon_status.sealskill_tex
47600600	Stun	True	False	False	キリアンの恐怖	恐怖に慄き、逃げ出します。この効果は、ダウン時のみ自動で解除されます。	icon_status.fearstatus_tex
47600650	Buff	True	True	False	意志の秘薬	効果持続中、「キリアンの恐怖」に対する免疫力が高まります。この効果は、死亡後も解除されません。	icon_items.potion4_tex
47610100	Buff	True	True	False	トゥルサの祝福	力が$H_W_GOOD30%$COLOR_END、耐久力が$H_W_GOOD30%$COLOR_END上昇します。また$H_W_GOOD1$COLOR_END second毎に全HPの$H_W_GOOD1％$COLOR_ENDが回復します。	icon_status.plushp_tex
47610200	Stun	True	False	False	トゥルサの呪い［混乱］	精神錯乱状態に陥りました！　【移動キー】入力時の移動方向が反対になります。$BRこの効果は解除できません。	icon_status.confusestatuspc_tex
47610300	Stun	True	False	False	トゥルサの呪い［恐怖］	恐怖に慄き、逃げ出します。この効果は、ダウン時のみ自動で解除されます。	icon_status.fearstatus_tex
47610400	Stun	True	False	False	無力化	効果持続中は全てのスキルを使用できません！　この効果は解除できません。	icon_status.sealskill_tex
47610500	Stun	True	False	False	強打	気絶しているため動けません。この効果は解除できません。	icon_status.confuseup_tex
47610600	Buff	True	False	False	電気放出［オーラ］	強力な電気が発生しました。自身を除くパーティーメンバーを一定時間気絶させます。有効範囲は周囲約15mです。	icon_status.fearstatus_tex
47610700	WeakeningEffect	True	False	False	ビビッシュの呪い［減速］	自身を除くパーティーメンバーの移動速度が減少します。有効範囲は周囲約10mです。	icon_status.minuswill_tex
47610710	WeakeningEffect	True	False	False	ビビッシュの呪い［待機］	3秒後に、ビビッシュの呪い［減速］が発生します。	icon_status.minusmove_tex
47610800	WeakeningEffect	True	False	False	ビビッシュの呪い［弱化］	自身を除くパーティーメンバーの力が減少します。有効範囲は周囲約10mです。	icon_status.minuswill_tex
47610810	WeakeningEffect	True	False	False	ビビッシュの呪い［待機］	3秒後に、ビビッシュの呪い［弱化］が発生します。	icon_status.diseaseup_tex
47610900	Buff	True	True	False	ビビッシュの呪い［破壊］	自身を除くパーティーメンバーの耐久力が減少します。有効範囲は周囲約20mです。	icon_status.minuswill_tex
47610910	WeakeningEffect	True	False	False	ビビッシュの呪い［待機］	10秒後に、ビビッシュの呪い［破壊］が発生します。	icon_status.firedamage_tex
47611000	WeakeningEffect	True	False	False	ビビッシュの呪い［混乱］	自身を除くパーティーメンバーが精神錯乱状態に陥ります。有効範囲は周囲約10mです。	icon_status.minuswill_tex
47611010	Stun	True	False	False	ビビッシュの呪い［待機］	3秒後に、ビビッシュの呪い［混乱］が発生します。	icon_status.fearstatus_tex
47611100	WeakeningEffect	True	False	False	ビビッシュの呪い［恐怖］	自身を除くパーティーメンバーが恐怖に慄き、逃げ出します。有効範囲は周囲約10mです。	icon_status.minuswill_tex
47611110	Stun	True	False	False	ビビッシュの呪い［待機］	3秒後に、ビビッシュの呪い［恐怖］が発生します。	icon_status.fearstatus_tex
47611200	Buff	True	False	False	ビビッシュの呪い［沈黙］	自身を除くパーティーメンバーはスキルを使用できません。有効範囲は周囲約10mです。	icon_status.minuswill_tex
47611210	Stun	True	False	False	ビビッシュの呪い［待機］	3秒後に、ビビッシュの呪い［沈黙］が発生します。	icon_status.sealskill_tex
47611300	Buff	True	True	False	アルゴンの力	力が$H_W_GOOD10%$COLOR_END上昇し、クリティカル威力が$H_W_GOOD+0.1$COLOR_END倍増加します。効果は最大10回まで重複します。	icon_status.minuswill_tex
47611400	Buff	True	True	False	マッドチャージ	スキルダメージが$H_W_GOOD100%$COLOR_END増加します。	icon_status.plusattack_tex
47611500	Stun	True	False	False	マッドパニック	恐怖に慄き、逃げ出します。この効果は、ダウン時のみ自動で解除されます。	icon_status.fearstatus_tex
47611600	WeakeningEffect	True	False	False	妖惑	敵対値が$H_W_GOOD900%$COLOR_END上昇します。この効果は解除できません。	icon_status.boundmoveup_tex
47611700	WeakeningEffect	True	False	False	隠身	敵対値が$H_W_GOOD90%$COLOR_END減少します。この効果は解除できません。	icon_status.boundmovedown_tex
47611800	WeakeningEffect	True	False	False	集中攻撃	耐久力が$H_W_BAD50%$COLOR_END減少し、HP回復効果発動時、回復量が$H_W_GOOD50％$COLOR_END減少します。この効果は解除できません。	icon_status.minusdefence_tex
47611900	WeakeningEffect	True	False	False	寒気	均衡が$H_W_GOOD20%$COLOR_END上昇し、クリティカル抵抗が$H_W_BAD20%$COLOR_END減少します。この効果は解除できません。	icon_status.minuscriticalresist_tex
47612000	WeakeningEffect	True	False	False	大寒	均衡が$H_W_GOOD40%$COLOR_END 上昇し、クリティカル抵抗が$H_W_BAD40%$COLOR_END減少します。またチャージ速度が$H_W_BAD10%$COLOR_END減少します。$BRこの効果は解除できません。	icon_status.minuscriticalresist_tex
47612100	WeakeningEffect	True	False	False	厳寒	均衡が$H_W_GOOD60%$COLOR_END 上昇し、クリティカル抵抗が$H_W_BAD60%$COLOR_END減少します。またチャージ速度が$H_W_BAD20%$COLOR_END、攻撃速度が各$H_W_BAD5%$COLOR_ENDずつ減少します。$BRこの効果は解除できません。	icon_status.minuscriticalresist_tex
47612200	WeakeningEffect	True	False	False	酷寒	均衡が$H_W_GOOD80%$COLOR_END 上昇し、クリティカル抵抗が$H_W_BAD80%$COLOR_END減少します。またチャージ速度が$H_W_BAD30%$COLOR_END、攻撃速度が各$H_W_BAD10%$COLOR_ENDずつ減少します。$BRこの効果は解除できません。	icon_status.minuscriticalresist_tex
47612300	Buff	True	True	False	攻撃力上昇 III	力が$H_W_GOOD20%$COLOR_END上昇します。	icon_status.plusattack_tex
47612400	Buff	True	True	False	防御力上昇 III	耐久力が$H_W_GOOD20%$COLOR_END上昇します。	icon_status.plusedefence_tex
47612500	Buff	True	True	False	HP持続回復 I	$H_W_GOOD3$COLOR_END second1毎に全HPの$H_W_GOOD3％$COLOR_ENDが回復します。	icon_status.delayheal_tex
47612600	Buff	False	True	False	HP即時回復 5％	異常状態ツールチップ非表示（isShow=False）このツールチップが出たらBTS処理が必要です。	icon_status.plushp_tex
47612700	Buff	True	True	False	不死身の時間 III	全てのデバフを受け付けなくなり、耐久力が$H_W_GOOD$value2$COLOR_END上昇します。	icon_status.immunedebuff_tex
47612800	Buff	True	True	False	トゥルサの呪い［破壊］	均衡が減少します。ダウン/硬直発生時、解除されます。	icon_status.minusdefence_tex
47612900	Buff	True	True	False	ビビッシュの力	クリティカル発生が飛躍的に上昇します。$BRこの効果は解除できません。	icon_status.plusecritical_tex
47613000	WeakeningEffect	True	False	False	ビビッシュの憤怒	持続時間が過ぎるとHPが$H_W_GOOD-5000$COLOR_END減少します。$BRこの効果は、死亡後も解除されません。	icon_status.minushp_tex
47613100	DamageOverTime	False	True	False	ダメージ反射	ダメージを反射しています！！　打撃毎に全HPの$H_W_GOOD0.1％$COLOR_ENDが減少します。	icon_status.poisonstatus_tex
47613200	WeakeningEffect	True	False	False	ビビッシュの力［破滅］	$H_W_BAD3$COLOR_END second1毎に全HPの10％が減少します。	icon_status.poisonstatus_tex
47613300	WeakeningEffect	True	False	False	魔石破壊	耐久力が$H_W_GOOD99%$COLOR_END、全攻撃スキルによる敵対値が$H_W_GOOD99,9%$COLOR_END減少します。この効果は解除できません。	icon_status.minusdefence_tex
47620100	WeakeningEffect	True	True	False	ゴブリンの憤怒 I	力が$H_W_GOOD30%$COLOR_END上昇し、均衡が$H_W_BAD100%$COLOR_END減少します。またデバフ抵抗が$H_W_BAD100%$COLOR_END減少します。	icon_status.plusattack_tex
47620200	WeakeningEffect	True	True	False	ゴブリンの憤怒 II	クリティカル発生が$H_W_GOOD80%$COLOR_END上昇し、クリティカル威力が$H_W_GOOD20%$COLOR_END増加します。また均衡が$H_W_BAD100%$COLOR_END減少し、デバフ抵抗が$H_W_BAD100%$COLOR_END減少します。	icon_status.plusecritical_tex
47620300	WeakeningEffect	True	True	False	不知火	最大HPが$H_W_BAD10%$COLOR_END減少し、均衡が$H_W_GOOD100%$COLOR_END増加します。またデバフ抵抗が$H_W_GOOD100%$COLOR_END上昇します。	icon_status.plusdiseaseresist_tex
47620400	DamageOverTime	True	False	False	業火	$H_W_GOOD1$COLOR_END second毎に全HPの$H_W_BAD2％$COLOR_ENDが減少します。	icon_status.minushp_tex
47620500	WeakeningEffect	True	False	False	クチャートの呪い I	10秒後に最大MPが$H_W_BAD30%$COLOR_END減少します。	icon_status.minusmp_tex
47620600	WeakeningEffect	True	False	False	クチャートの呪い II	10秒後に最大MPが$H_W_BAD100%$COLOR_END減少します。	icon_status.minusmp_tex
47620700	Buff	True	True	False	クチャートの祝福 I	ダウン/硬直発生率が$H_W_BAD50%$COLOR_END上昇します。	icon_status.balanceup_tex
47620800	Buff	True	True	False	クチャートの祝福 II	ダウン/硬直発生率が$H_W_BAD100%$COLOR_END上昇します。	icon_status.balanceup_tex
47620900	Buff	True	True	False	オーカンの祝福［防御］	耐久力が$H_W_GOOD10%$COLOR_END上昇します。効果は最大10回まで重複します。	icon_status.plusedefence_tex
47621000	Buff	True	True	False	オーカンの祝福［攻撃］	力が$H_W_GOOD10%$COLOR_END上昇します。効果は最大10回まで重複します。	icon_status.plusattack_tex
47621100	WeakeningEffect	True	False	False	オーカンの呪い［無気力 I］	移動速度が$H_W_BAD0,9$COLOR_END、力が$H_W_BAD10%$COLOR_END減少します。	icon_status.minusattack_tex
47621200	WeakeningEffect	True	False	False	オーカンの祝福［忠誠］	発動と同時に自爆します。この効果は解除できません。	icon_status.minushp_tex
47621300	WeakeningEffect	True	False	False	オーカンの祝福［恐怖］	恐怖に慄き、逃げ出します。この効果は、ダウン時のみ自動で解除されます。	icon_status.fearstatus_tex
47621400	WeakeningEffect	True	False	False	諸刃の剣［防御 I］	耐久力が$H_W_GOOD10%$COLOR_END上昇し、力が$H_W_BAD476217$COLOR_END減少します。	icon_status.plusedefence_tex
47621500	WeakeningEffect	True	False	False	諸刃の剣［攻撃 I］	耐久力が$H_W_BAD10%$COLOR_END減少し、力が$H_W_GOOD476221$COLOR_END上昇します。	icon_status.plusattack_tex
47621600	WeakeningEffect	True	True	False	金剛不壊	ダウン/硬直が発生しません。	icon_status.balanceup_tex
47621700	Buff	True	True	False	巨大化	最大HPが$H_W_GOOD50%$COLOR_END増加し、$H_W_GOOD12$COLOR_END second1毎にHPが$H_W_GOOD99%$COLOR_END回復します。また耐久力が$H_W_GOOD20%$COLOR_END、力が$H_W_GOOD20%$COLOR_END上昇します。	icon_status.plushp_tex
47621800	WeakeningEffect	True	True	False	一般化	最大HPが$H_W_BAD50%$COLOR_END、耐久力が$H_W_BAD20%$COLOR_END減少します。また力が$H_W_BAD20%$COLOR_END減少します。	icon_status.minushp_tex
47621900	WeakeningEffect	True	True	False	浄化された魔石の気運	力が$H_W_BAD$value1$COLOR_END、耐久力が$H_W_BAD50%$COLOR_END上昇します。またHP回復効果を受ける際の回復量が$H_W_BAD50%$COLOR_END増加します。	icon_status.plusattack_tex
47622000	WeakeningEffect	True	False	False	砂のベール	移動速度が$H_W_BAD$value3$COLOR_END減少します。	icon_status.minusmove_tex
47622100	Buff	True	True	True	カルダバの気運	力が$H_W_GOOD100%$COLOR_END上昇します。気絶すると効果は解除されます。	icon_status.plusattack_tex
47622200	WeakeningEffect	True	False	False	神経圧迫	10秒後に気絶します。	icon_status.confuseup_tex
47622300	DamageOverTime	True	False	False	砂嵐	移動速度が$H_W_BAD0,01$COLOR_END、$H_W_BAD1$COLOR_END second毎に全HPの$H_W_BAD0.1％$COLOR_ENDが減少します。	icon_status.minusmove_tex
47630100	WeakeningEffect	True	False	False	フカの挑発	力が$H_W_GOOD10%$COLOR_END、攻撃速度が$H_W_GOOD5%$COLOR_END上昇します。また、$H_W_GOOD3$COLOR_END second1毎に全HPの$H_W_BAD1％$COLOR_ENDが減少します。効果は最大10回まで重複します。$BRこの効果は解除できません。	icon_status.plusattack_tex
47630200	Stun	True	False	False	スタニングフラッシュ	自身を除くパーティーメンバーを一定時間気絶させます。有効範囲は周囲約15mです。$BRこの効果は解除できません。	icon_status.fearstatus_tex
47630300	Buff	True	True	True	凶暴化	力が$H_W_GOOD1000％$COLOR_END、攻撃速度が$H_W_GOOD10％$COLOR_END上昇します。	icon_status.plusattack_tex
47640100	Buff	True	True	False	偶像の憑依	力が$H_W_GOOD30%$COLOR_END上昇します。	icon_status.plusattack_tex
47640200	Buff	True	True	False	家紋の祝福	耐久力が$H_W_GOOD900%$COLOR_END上昇し、ダウン/硬直が発生せず、デバフを受け付けません。	icon_status.plusedefence_tex
47640300	Buff	True	True	False	鉄壁の外殻	耐久力が$H_W_GOOD100%$COLOR_END上昇し、ダウン/硬直が発生しません。またデバフを受け付けません。	icon_status.plusedefence_tex
47640400	DamageOverTime	True	False	False	破壊の鉄炎	$H_W_BAD1$COLOR_END second毎に全HPの$H_W_BAD7％$COLOR_ENDが減少します。	icon_status.poisonstatus_tex
47640500	Buff	True	True	False	戦闘の賛歌	力が$H_W_GOOD20%$COLOR_END上昇します。	icon_status.plusattack_tex
47640600	Buff	True	True	True	聖泉の祝福	泳ぐ速度が$H_W_BAD240$COLOR_END上昇します。効果持続中に死亡した場合、その場で即時に復活します。	icon_status.minusmove_tex
47640700	DamageOverTime	True	False	False	アルゴンのウィルス I	致死性のウィルスに侵されました。$H_W_BAD1$COLOR_END second毎に全HPの$H_W_BAD10％$COLOR_ENDが減少します。	icon_status.poisonstatus_tex
47640800	DamageOverTime	True	False	False	アルゴンのウィルス II	致死性のウィルスに侵されました。$H_W_BAD1$COLOR_END second毎に全HPの$H_W_BAD5％$COLOR_ENDが減少します。	icon_status.poisonstatus_tex
47640900	DamageOverTime	True	False	False	アルゴンのウィルス II	致死性のウィルスに侵されました。$H_W_BAD1$COLOR_END second毎に全HPの$H_W_BAD3％$COLOR_ENDが減少します。	icon_status.poisonstatus_tex
47641000	Buff	True	True	False	ラバーズエール	メスの応援により、力が$H_W_BAD100%$COLOR_END、耐久力が$H_W_BAD100%$COLOR_END、攻撃速度が$H_W_GOOD50%$COLOR_END上昇します。	icon_status.plusattack_tex
47641100	Buff	True	True	False	神聖なクリスタルの保護	全ダメージを無効化します。	icon_status.plusedefence_tex
47641200	WeakeningEffect	True	False	True	弱化	力が$H_W_BAD50%$COLOR_END、耐久力が$H_W_BAD70%$COLOR_END減少します。また移動速度が$H_W_BAD50%$COLOR_END減少します。	icon_status.minusmove_tex
47641300	Buff	True	True	False	神聖なクリスタルの保護	全ダメージを無効化します。	icon_status.plusedefence_tex
47641400	WeakeningEffect	True	False	False	めまい	めまいにより、移動速度が$H_W_BAD50%$COLOR_END減少します。	icon_status.minusmove_tex
47650100	Buff	True	True	False	50キルバフ	力が$H_W_GOOD50%$COLOR_END上昇します。	icon_status.plusattack_tex
47650200	Buff	True	True	False	100キルバフ	クリティカル発生が$H_W_GOOD2900%$COLOR_END上昇します。	icon_status.plusecritical_tex
47650300	Buff	True	True	False	150キルバフ	効果持続中、遠距離攻撃スキルのクールタイムが$H_W_GOOD0,1$COLOR_END短縮されます。	icon_status.pluswill_tex
47650400	Buff	True	True	False	戦神の恩寵	全HPの$H_W_GOOD50％$COLOR_ENDが即時に回復します。	icon_status.plushp_tex
47650500	Buff	True	True	False	250キルバフ	全てのデバフを受け付けず、均衡が上昇します。	icon_status.immunedebuff_tex
47650510	WeakeningEffect	True	False	False	250キルバフ	気絶しているため動けません。	icon_status.confuseup_tex
47650600	Stun	True	False	False	時の歪み	時空間が歪み、効果持続中は全てのスキルが使用不可になります。この効果は解除できません。	icon_status.minuswill_tex
47650700	Buff	True	True	False	保護の秘薬	全てのデバフを受け付けません。効果持続中、ダウン/硬直状態になりません。	icon_status.sealskill_tex
47650800	DamageOverTime	True	False	False	苦痛の棘	移動速度が$H_W_BAD10$COLOR_ENDになり、全HPの$H_W_BAD9％$COLOR_ENDが減少します。この効果は解除できません。	icon_status.poisonstatus_tex
47650900	WeakeningEffect	True	False	False	天魔鳴動	大地が大きく揺れ、大ダメージを受けます。この効果は解除できません。	icon_status.minuswill_tex
47651000	Buff	True	True	False	戦神の祝福	効果持続中は、死亡してもその場で即時に復活できます。	icon_status.vitality_tex
47651001	Buff	True	True	True	ティアランの祝福	ティアランの祝福効果により、死亡時その場でHP、MPが全て回復された状態ですぐ復活することができます。	icon_status.vitality_tex
47651002	Buff	False	True	False	ティアランの祝福バフ解除_見えたらバグ	見えたらバグ	icon_status.vitality_tex
47651003	Buff	True	True	False	アーシャの祈祷	ティアランがアーシャの最後の祈りに応えています。&#xA; &#xA;アーシャの祈祷により、5分間下記の効果を得ます。&#xA;-力が$H_W_GOOD80$COLOR_END増加&#xA;-耐久力が$H_W_GOOD10$COLOR_END増加&#xA;-攻撃速度が$H_W_GOOD20%$COLOR_END増加&#xA;-戦闘中の移動速度が$H_W_GOOD10$COLOR_END増加&#xA;-1秒毎にHP/MPが$H_W_GOOD5%$COLOR_END回復&#xA;&#xA;この効果は現在の場所から離れると解除されます。	icon_status.holybless_tex
47651004	Buff	False	True	False	後から来る疲労感	3秒間コンディションが90減少します。	icon_status.confusedown_tex
47660100	DamageOverTime	True	False	False	神殿の熱気	神殿のとてつもない熱気により、$H_W_BAD1$COLOR_END second毎に全HPの$H_W_BAD3％$COLOR_ENDが減少します。この効果は解除できません。	icon_status.poisonstatus_tex
47660200	DamageOverTime	True	False	False	ビリビリ電気	強烈な電気が全身を流れます！　$H_W_BAD5$COLOR_END second1毎に全HPの$H_W_BAD3％$COLOR_ENDが減少し、自身を含むパーティーメンバーを一定時間気絶させます。有効範囲は周囲約12mです。この効果は解除できません。	icon_status.poisonstatus_tex
47660300	DamageOverTime	True	False	False	ショック	ショック！　ショック！　$H_W_BAD5$COLOR_END second1毎に全HPの$H_W_BAD30％$COLOR_ENDが減少します。気絶したため動くことができません。この効果は解除できません。	icon_status.confuseup_tex
47660400	WeakeningEffect	True	False	False	浸潤の体躯	全身びしょ濡れになったため、移動速度が$H_W_BAD10%$COLOR_END減少します。また、被ダメージ時、HPが$H_W_BAD50%$COLOR_END減少します。この効果はすべすべタオルで解除できます。	icon_status.minushp_tex
47660500	Buff	True	True	False	きちんと整備された機械	移動速度が$H_W_GOOD10%$COLOR_END、攻撃速度が$H_W_GOOD10%$COLOR_END上昇します。この効果は解除できません。	icon_status.plusmove_tex
47660600	Buff	True	True	False	修理完了	修理が完了しました。耐久力が$H_W_GOOD30%$COLOR_END上昇し、最大HPが$H_W_GOOD10%$COLOR_END増加します。この効果は解除できません。	icon_status.plusedefence_tex
47660700	Buff	True	False	False	露出	敵に見つかりました！　周囲12m以内にいるモンスターの敵対値が上昇します。この効果は解除できません。	icon_skills.voidtrap_tex
47660800	WeakeningEffect	False	False	False	暗黒 I	漆黒の暗闇のため、周囲が見えません。この効果は解除できません。	icon_status.darkeffect_tex
47660900	WeakeningEffect	True	False	False	閃光	効果持続中、眩しさのあまり周囲が見えなくなります。この効果は解除できません。	icon_status.lighteffect_tex
47661000	WeakeningEffect	True	False	False	暗黒 II	漆黒の暗闇のため、周囲が見えません。この効果は解除できません。	icon_status.darkeffect_tex
47661100	Buff	False	False	False	電気充電基本	力が$H_W_GOOD476611$COLOR_END上昇します。充電は4回まで重複します。	icon_skills.voidtrap_tex
47661500	WeakeningEffect	False	False	False	ライトニングショック	ライトニングショックを受けました。効果は最大4回まで重複します。	icon_skills.voidtrap_tex
47661900	Stun	True	False	False	呪いの壺	効果持続中、全スキルが使用できなくなります。この効果は解除できません。	icon_status.sealskill_tex
47662000	Buff	True	True	False	祝福の壺	クールタイムが$H_W_GOOD0,1$COLOR_END短縮されます。この効果は解除できません。	icon_status.minusmp_tex
47662100	WeakeningEffect	True	False	False	粘着	底なし沼にはまりました。移動速度が$H_W_BAD50%$COLOR_END減少します。この効果は解除できません。	icon_status.minusmove_tex
47662110	WeakeningEffect	False	False	False	Ai確認用	Ai確認用	icon_skills.voidtrap_tex
47662120	Buff	True	True	False	潤滑油	攻撃速度が$H_W_GOOD5%$COLOR_END上昇します。効果は最大3回まで重複します。	icon_status.plusmove_tex
47662130	Buff	True	True	False	完璧な機械	全てのダメージを受け付けません。また、スキルダメージが$H_W_GOOD100%$COLOR_END増加します。	icon_status.plusattack_tex
47662140	Buff	True	True	False	Zzz……………	効果が10回重複すると、熟睡します。	icon_status.sleepstatus_tex
47662200	Buff	True	True	False	ココナッツエナジー	ココナッツに対する情熱により無敵状態になります。	icon_status.plusedefence_tex
47662300	WeakeningEffect	True	False	False	暗黒 I	徐々に視界が暗くなります。	icon_status.darkeffect_tex
47662400	Stun	False	False	False	捕縛用スタン	このツールチップが出たら、異常状態が間違って指定されています。BTS処理が必要です。	icon_skills.voidtrap_tex
47662500	WeakeningEffect	True	False	False	慈母の悲痛	母の悲痛な叫びが響き渡ります。耐久力が$H_W_BAD10%$COLOR_END減少します。効果は最大6回まで重複します。	icon_status.minusdefence_tex
47662600	Buff	True	True	False	ゴーレムの剛力	ゴーレムの力により、電撃系スキルのダメージが$H_W_GOOD10%$COLOR_END減少します。	icon_status.minusdefence_tex
47662700	WeakeningEffect	False	False	False	ライトニングショック	電気ショックを受けました。効果は最大4回まで重複します。	icon_skills.voidtrap_tex
47662800	Buff	True	True	False	不死身の時間	全てのデバフを受け付けなくなり、耐久力が$H_W_GOOD200%$COLOR_END上昇します。	icon_status.immunedebuff_tex
47670100	Buff	True	True	False	魔法吸収	不思議な力により、最大$H_W_GOOD300000$COLOR_ENDのダメージを無効化します。最大値を超えると持続時間に関わらず即解除されます。この効果は解除できません。	icon_skills.manashield_tex
47670101	Buff	True	True	False	魔法吸収	不思議な力により、最大$H_W_GOOD100%$COLOR_ENDのダメージを無効化します。最大値を超えると持続時間に関わらず即解除されます。この効果は解除できません。	icon_skills.manashield_tex
47670200	Buff	True	True	False	戦士の憤怒	力が$H_W_GOOD5%$COLOR_END、移動速度が$H_W_GOOD5%$COLOR_END上昇します。また、耐久力が$H_W_BAD5%$COLOR_END減少します。この効果は解除できません。	icon_status.angerwarrior_tex
47670300	Buff	True	True	False	戦友の覇気	みなぎる覇気により、力が$H_W_GOOD100%$COLOR_END上昇します。この効果は解除できません。	icon_status.plusattack_tex
47670400	WeakeningEffect	True	False	False	ダゴンの体液	力が$H_W_BAD50%$COLOR_END、攻撃速度が$H_W_BAD50%$COLOR_END、移動速度が$H_W_BAD80%$COLOR_END減少します。	icon_status.risindagon_tex
47670500	WeakeningEffect	True	False	False	ダゴンの浄化	自身を除くパーティーメンバーのMPが減少します。有効範囲は周囲約2mです。この効果は解除できません。	icon_status.purifydagon_tex
47670600	Buff	True	True	False	アガンティの血痕	スキル命中時、全HPの$H_W_GOOD500$COLOR_ENDが即時に回復します。この効果は解除できません。	icon_status.blooduanty_tex
47670700	WeakeningEffect	False	True	False	聖なる祝福	祝福の恩寵により、全てのデバフを防ぎます。この効果は解除できません。	icon_status.holybless_tex
47670800	Buff	False	True	False	狂気のバリア	バリアが発生し、全てのデバフを防ぎます。	icon_status.immunedebuff_tex
47670900	WeakeningEffect	True	True	False	消滅	数秒後、対象者を即死させる効果が発生します。$BRこの効果は解除できません。	icon_status.delaydamage_tex
47671000	Stun	True	False	False	無力化 I	全身から力が抜け、効果持続中は全てのスキルを使用できません！	icon_status.sealskill_tex
47680000	WeakeningEffect	True	True	False	次元の狂気	次元の狂気により、力が$H_W_GOOD150%$COLOR_END、ダウン/硬直誘発が$H_W_GOOD100%$COLOR_END上昇します。また移動速度が$H_W_GOOD50%$COLOR_END、攻撃速度が$H_W_GOOD50%$COLOR_END上昇します。	icon_skills.voidtrap_tex
47680100	WeakeningEffect	True	True	False	暗黒の霊光	スキル命中時、HPが$H_W_GOOD3%$COLOR_END回復します。	icon_skills.voidtrap_tex
47680200	Buff	True	True	True	黒時空の狂気	黒時空の狂気に覆われました！　力が$H_W_GOOD3倍$COLOR_END、ダウン/硬直誘発が$H_W_GOOD2倍$COLOR_ENDに上昇します。$BRこの効果は解除できません。	icon_status.darkriftrage_tex
47680300	Buff	True	True	True	黒時空の狂乱	黒時空の狂乱に覆われました！　力が$H_W_GOOD3倍$COLOR_END、攻撃速度が$H_W_GOOD2倍$COLOR_ENDに上昇します。$BRこの効果は解除できません。	icon_status.darkriftrage_tex
47680400	Buff	True	True	True	黒時空の再生	攻撃成功時に、全HPの$H_W_GOOD0.2％$COLOR_ENDが即時に回復します。$BRこの効果は解除できません。	icon_status.darkriftrecovery_tex
47680500	Buff	True	True	False	黒時空の意志	重複する度に、力と耐久力が$H_W_GOOD50%$COLOR_END上昇します。効果は最大10回まで重複します。$BRこの効果は解除できません。	icon_status.darkriftwill_tex
47680600	WeakeningEffect	True	False	False	黒時空の鳴動	黒時空から轟音が鳴り響いています！　$H_W_BAD5回重複$COLOR_END時、対象者を即死させる「時空崩壊！」が発生します。$BRこの効果は解除できません。	icon_status.darkriftwhisper_tex
47680700	Buff	True	True	False	憤激の猛獣	印書の実験は失敗したようだ……相当頭にきている……。	icon_status.diseaseup_tex
47680800	Buff	True	True	False	黒時空の引力	黒時空を越えてさらに強力になりました！　重複する毎に最大HPが$H_W_GOOD5%$COLOR_END増加します。	icon_status.darkriftgravity_tex
47680900	Buff	True	True	False	黒時空の報酬	黒時空の引力により、重複するたびに、アイテムを獲得できる確率が上昇します。	icon_status.darkriftreward_tex
47681000	WeakeningEffect	True	True	False	次元の狂気	重複する度に、力が$H_W_GOOD10%$COLOR_END上昇します。効果は最大5回まで重複可能で、解除できません。	icon_status.darkriftarearage_tex
47681100	WeakeningEffect	True	True	False	時空の歪	重複する度に、全スキルのクールタイムが$H_W_GOOD0,9$COLOR_END短縮されます。効果は最大5回まで重複可能で、解除できません。	icon_status.darkriftareatimeshift_tex
47681200	WeakeningEffect	True	True	False	次元の旋風	重複する度に、攻撃速度が$H_W_GOOD10%$COLOR_END上昇します。効果は最大5回まで重複可能で、解除できません。	icon_status.darkriftareawind_tex
47681300	WeakeningEffect	True	True	False	次元の白刃	攻撃対象が1体増える度にスキルダメージが$H_W_GOOD50％$COLOR_END増加し、対象が5体以上になると$H_W_GOOD3倍$COLOR_ENDになります。効果は最大5回まで重複可能で、解除できません。	icon_status.darkriftareasword_tex
47681400	WeakeningEffect	True	True	False	次元の群舞	重複する度に、力が$H_W_GOOD20%$COLOR_END上昇します。効果は最大5回まで重複しますが、最大回数に達すると勝手に踊り始め、重複は初期化されます。この効果は解除できません。	icon_status.darkriftareadance_tex
47681500	WeakeningEffect	True	True	False	次元の活力	効果持続中、ジャンプする度に力が$H_W_GOOD15％$COLOR_ENDずつ、最大$H_W_GOOD75％$COLOR_ENDまで上昇します。効果は最大5回まで重複可能で、解除できません。	icon_status.darkriftareafunny_tex
47681600	Buff	True	True	False	次元の誘引	暗黒の領域の内部に引き込まれるような感覚です。効果発動中にのみ暗黒次元の亜空間に入場できます。$BRキャラクターが亜空間に入場すると、同一アカウントの他キャラクターは13時間入場することができません。	icon_status.calldimension_tex
47681601	Buff	True	True	False	次元の誘引	暗黒の領域の内部に引き込まれるような感覚です。効果発動中にのみ暗黒次元の亜空間に入場できます。$BRキャラクターが亜空間に入場すると、同一アカウントの他キャラクターは2時間入場することができません。	icon_status.calldimension_tex
47681602	Buff	True	True	False	次元の誘引	暗黒の領域の内部に引き込まれるような感覚です。効果発動中にのみ暗黒次元の亜空間に入場できます。$BRキャラクターが亜空間に入場すると、同一アカウントの他キャラクターは2時間入場することができません。	icon_status.calldimension_tex
47681700	Buff	True	True	False	次元の抑制	暗黒次元の亜空間を探検した冒険家。効果持続中は「次元の誘引」を受けられず、暗黒次元の亜空間に入場できません。	icon_status.dimensionguard_tex
47681800	Buff	True	True	False	黒次元の引力	周囲12m内にいる味方に$H_W_GOOD5$COLOR_END second1毎に「黒次元の本能」の効果を誘発します。	icon_status.darkriftareatimeshift_tex
47690000	Stun	True	False	False	超音波の衝撃	全てのスキルが使用不能となります！　$BRこの効果は解除できません。	icon_status.sealskill_tex
47690100	WeakeningEffect	True	False	False	破鎧突進	耐久力が$H_W_BAD80%$COLOR_END減少します。$BRこの効果は解除できません。	icon_status.minusdefence_tex
47690200	Buff	True	True	True	レッドシールド	遠距離によるダメージが$H_W_GOOD80%$COLOR_END減少します。$BRこの効果は解除できません。	icon_status.plusedefence_tex
47690300	Buff	True	True	True	ブルーシールド	近距離によるダメージが$H_W_GOOD80%$COLOR_END減少します。$BRこの効果は解除できません。	icon_status.plusedefence_tex
47690400	Stun	True	False	True	エレキショック	気絶状態のため動くことができません。$BRこの効果は解除できません。	icon_status.confuseup_tex
47690500	WeakeningEffect	True	False	False	放電	周囲10m内の味方に$H_W_GOOD2$COLOR_END second1毎にダウン/硬直を誘発しますが、エレキショックを解除します。$BRこの効果は解除できません。	icon_status.paralyzestatus_tex
47690600	WeakeningEffect	True	False	False	死の宣告 - 放出	数秒後、$H_W_BAD1$COLOR_END second毎に全HPの$H_W_BAD50％$COLOR_ENDが減少します。	icon_status.poisonstatus_tex
47690700	DamageOverTime	True	False	False	精神崩壊	数秒後、気絶状態に陥り、HPが減少します。	icon_status.confuseup_tex
47690800	WeakeningEffect	True	False	False	黄泉の誘い	数秒後、全HPの$H_W_BAD10％$COLOR_ENDが減少します。$BRこの効果は解除できません。	icon_status.minushp_tex
47690900	DamageOverTime	True	False	False	黄泉の誘い	数秒後、即死します。$BRこの効果は解除できません。	icon_status.delaydamage_tex
47691000	WeakeningEffect	True	False	False	魔力喪失	MPが$H_W_BAD0$COLOR_ENDになり、MP回復効果は適用されません。$BRこの効果は解除できません。	icon_status.minusmp_tex
47700000	Buff	True	True	True	生気充実	移動速度が$H_W_GOOD50%$COLOR_END、攻撃速度が$H_W_GOOD50%$COLOR_END上昇します。$BRこの効果は解除できません。	icon_status.plusmove_tex
47700100	DamageOverTime	True	False	False	虚脱	$H_W_BAD1$COLOR_END second毎に全HPの$H_W_BAD20％$COLOR_ENDが減少します。$BRこの効果は解除できません。	icon_status.poisonstatus_tex
47700200	DamageOverTime	True	False	False	セル・バースト（50％以上）	HPが$H_W_GOOD50％以上$COLOR_ENDの時、数秒後に即死します。$BRこの効果は解除できません。	icon_status.firedamage_tex
47700300	DamageOverTime	True	False	False	セル・バースト（50％以下）	HPが$H_W_BAD50％以下$COLOR_ENDの時、数秒後に即死します。$BRこの効果は解除できません。	icon_status.firedamage_tex
47700400	WeakeningEffect	True	False	False	熔解	耐久力が$H_W_BAD50%$COLOR_END減少します。$BRこの効果は解除できません。	icon_status.minusdefence_tex
47700500	WeakeningEffect	True	False	False	アーマーコロージョン	耐久力が$H_W_BAD50%$COLOR_END上昇し、移動速度が$H_W_BAD50%$COLOR_END減少します。$BRこの効果は解除できません。	icon_status.minusdefence_tex
47700600	Buff	True	True	False	アルゴン状態	陽極磁場の効果を利用し、対象を全て捕獲します。$BRこの効果は解除できません。	icon_status.plusedefence_tex
47700700	Buff	True	True	False	カルゴン状態	陰極磁場の効果を利用し、対象を全て捕獲します。$BRこの効果は解除できません。	icon_status.plusedefence_tex
47700800	DamageOverTime	True	False	False	アルゴンパラサイト	$H_W_BAD1$COLOR_END second毎に全HPの$H_W_BAD2％$COLOR_ENDが減少します。この効果は最大5回まで重複し、重複5回目に全HPの$H_W_BAD50％$COLOR_ENDが減少します。$BRジャンプすると「リムーブパラサイト」が発生します。$BRこの効果は解除できません。	icon_status.minusattack_tex
47701000	Buff	True	True	True	生命エネルギーバリア	生命エネルギーによるバリアが発生しました。全てのデバフを防ぎます。$BRこの効果は解除できません。	icon_status.immunedebuff_tex
47701100	WeakeningEffect	True	False	True	免疫破壊	耐久力を$H_W_BAD100$COLOR_ENDに固定します。$BRこの効果は解除できません。	icon_status.plusedefence_tex
47701200	Buff	True	True	True	鋼鉄の意思	アルゴンの女王が全ての敵対値を無視します。$BRこの効果は解除できません。	icon_status.diffusionaggro_tex
47701300	Buff	True	True	True	自我崩壊	アルゴンの女王の自我が崩壊し、敵対値の高い対象を無条件に攻撃します。$BRこの効果は解除できません。	icon_status.stackabnormality_tex
47701400	WeakeningEffect	True	False	False	アルゴン細胞転移	重複5回目に、アルゴンのウィルスが発動します。	icon_status.poisonstatus_tex
47701600	Buff	True	True	False	エネルギー吸収	ダメージを受けると、HPが$H_W_GOOD5%$COLOR_END回復します。$BRこの効果は解除できません。	icon_status.plushp_tex
47701700	Buff	True	True	False	女王の咆哮	女王の咆哮が聞こえます。重複3回目に、「女王の激怒」が発生します。	icon_status.plusattack_tex
47701800	WeakeningEffect	True	False	False	アルゴン細胞侵食	数秒後、アルゴン末期ガンに陥ります。	icon_status.confuseup_tex
47701900	Buff	True	False	True	アルゴン	アルゴン	icon_status.plusabnormality_tex
47702000	Buff	True	False	True	カルゴン	カルゴン	icon_status.minusabnormality_tex
47702100	DamageOverTime	True	False	False	セル・バースト	$H_W_BAD1$COLOR_END second毎に全HPの$H_W_BAD10％$COLOR_ENDが減少し、数秒後、HPが$H_W_BAD-30000$COLOR_END減少します。$BRこの効果は解除できません。	icon_status.delaydamage_tex
47702200	DamageOverTime	True	False	False	女王の呪い - 放出	自身を除く周囲のパーティーメンバーは、$H_W_BAD1秒$COLOR_END毎に全HPの$H_W_BAD10％$COLOR_ENDが減少します。	icon_status.minuswill_tex
47702300	Buff	True	False	False	女王の挑発 - 放出	自身を含む周囲のパーティーメンバーの力が$H_W_GOOD30％$COLOR_END上昇します。	icon_status.pluswill_tex
47702400	Buff	True	False	False	鉄のカーテン	鉄のカーテンが最大$H_W_GOOD1000000$COLOR_ENDのダメージを無効化します。最大値を超えると持続時間に関わらず即解除されます。	icon_skills.manashield_tex
47702500	Buff	True	False	False	スピニーアーマー	攻撃毎に全HPの$H_W_GOOD40％$COLOR_ENDが減少します。	icon_status.poisonstatus_tex
47702700	Stun	True	False	False	結晶の力	気絶状態のため動くことができず、耐久力が$H_W_BAD70%$COLOR_END減少します。	icon_status.confuseup_tex
47702800	Buff	True	True	False	効果無し	効果無し	icon_status.plusattack_tex
47702900	DamageOverTime	True	False	False	貪欲の波動	貪欲な考えが全身を駆け巡ります。持続時間終了時までに、憎悪の波動に更新しなければなりません。	icon_status.cruel_slayer_1_tex
47703000	DamageOverTime	True	False	False	憎悪の波動	憎悪の思いが膨らんでいきます。持続時間終了時までに、絶望の波動に更新しなければなりません。	icon_status.cruel_slayer_2_tex
47703100	DamageOverTime	True	False	False	絶望の波動	絶望の奈落に陥ります。90秒以内に貪欲の波動に更新しなければなりません。	icon_status.cruel_slayer_3_tex
47703200	DamageOverTime	True	False	False	セル・バースト	異常状態ツールチップ非表示（isShow=False）このツールチップが出たらBTS処理が必要です。	icon_skills.voidtrap_tex
47703300	DamageOverTime	True	False	False	セル・バースト	異常状態ツールチップ非表示（isShow=False）このツールチップが出たらBTS処理が必要です。	icon_skills.voidtrap_tex
47703400	DamageOverTime	True	False	False	セル・バースト	異常状態ツールチップ非表示（isShow=False）このツールチップが出たらBTS処理が必要です。	icon_skills.voidtrap_tex
47703500	Stun	True	False	False	女王の呪縛	数秒間、その場から動くことができず、全ての移動、防御スキルも使用できません！　	icon_status.minusmove_tex
47703600	WeakeningEffect	True	False	False	エタニティパワー	攻撃速度が$H_W_GOOD10%$COLOR_END上昇します。効果は最大3回まで重複します。	icon_status.plusmove_tex
47710000	WeakeningEffect	True	False	False	ルーインボディ	均衡が$H_W_BAD100%$COLOR_END、クリティカル抵抗が$H_W_BAD100%$COLOR_END、耐久力が$H_W_BAD100%$COLOR_END減少します。$BR数秒後、「コアバリア」の効果が発生します。$BRこの効果は解除できません。	icon_status.minusdefence_tex
47710200	Buff	True	True	False	トゥルサの憤怒	重複する度に、力が$H_W_GOOD10%$COLOR_END上昇します。効果は最大10回まで重複します。$BRこの効果は解除できません。	icon_status.plusattack_tex
47710300	Buff	True	True	False	セリオンの慈悲	重複する度に、力が$H_W_GOOD20%$COLOR_END上昇します。効果は最大10回まで重複します。$BRこの効果は解除できません。	icon_status.plusattack_tex
47710400	Buff	False	True	False	中央修正	効果無し	icon_skills.voidtrap_tex
49300100	WeakeningEffect	True	False	False	脱力	移動速度が$H_W_BAD0,2$COLOR_END減少します。	icon_status.minusmove_tex
49300200	WeakeningEffect	True	False	False	破壊の予言	破壊の予言が下されました！　移動速度が$H_W_BAD0,8$COLOR_END減少します。時間内に解除しなければ、現HPの$H_W_BAD90%$COLOR_ENDが減少します。	icon_status.delaydamage_tex
49400100	Buff	True	True	False	諦めを知らぬ心	最大HPが$H_W_GOOD30%$COLOR_END増加します。	icon_status.plushp_tex
49400200	Buff	True	True	False	強靭な意志	最大MPが$H_W_GOOD30%$COLOR_END増加します。	icon_status.plusmp_tex
49400300	Buff	True	True	False	湧き上がる闘志	スキルダメージが$H_W_GOOD30%$COLOR_END増加します。	icon_status.plusattack_tex
49400400	Buff	True	True	False	風の支配者	非戦闘状態での移動速度が$H_W_GOOD240$COLOR_ENDに上昇します。	icon_status.plusmove_tex
49400500	DamageOverTime	True	False	False	汚染の原因	$H_W_BAD1$COLOR_END second毎に全HPの$H_W_BAD0.1％$COLOR_ENDが減少します。有効範囲は半径10m以内です。$BRこの効果は解除できません。	icon_status.poisonup_tex
49400600	Buff	False	True	False	龍の涙	異常状態ツールチップ非表示（isShow=False）このツールチップが出たらBTS処理が必要です。	icon_status.delayheal_tex
49400700	Stun	True	False	False	戦意喪失	戦意を喪失し、逃げ出します！　ダウンすると効果は即解除されます。	icon_status.fearstatus_tex
49400710	Stun	True	False	False	石像の混乱	「石像の混乱」により逃げ出します！　ダウンすると効果は即解除されます。	icon_status.fearstatus_tex
49400800	Buff	True	True	False	レイジ	重複する度に、力が$H_W_GOOD20%$COLOR_END上昇します。効果は最大99回まで重複します。	icon_status.diseaseup_tex
49400900	DamageOverTime	True	False	False	ボルフェロンの呪縛	ボルフェロンに呪いをかけられました！　時間内に解除しなければ、現HPの$H_W_BAD50%$COLOR_ENDが減少します。	icon_status.diseasedown_tex
49500100	Buff	True	True	True	燃える大地の力	力が$H_W_GOOD200%$COLOR_END、攻撃速度が$H_W_GOOD100%$COLOR_END上昇します。	icon_status.plusattack_tex
49500200	Buff	True	True	True	大地の力	力が$H_W_GOOD100%$COLOR_END、攻撃速度が$H_W_GOOD50%$COLOR_END上昇します。	icon_status.plusattack_tex
49500300	WeakeningEffect	False	True	False	消滅	数秒後、対象者を即死させる効果が発生します。$BRこの効果は解除できません。	icon_status.confusestatusnpc_tex
49500400	WeakeningEffect	True	False	False	業火の呪い - オーラ	自身とパーティーメンバーのスキル威力が$H_W_BAD50％$COLOR_END減少します。効果は死亡後も解除されません。	icon_status.minuswill_tex
49500500	WeakeningEffect	True	True	False	黄金に目が眩んだ者	黄金に目が眩み、速く走れるようになります。	icon_status.plusmove_tex
60950511	Buff	False	False	False			
60950512	Stun	False	False	False			
60950513	Stun	True	False	False	恐怖爆弾	怪しげな音に怯えて逃亡します！　対象がモンスターの場合、ダウンすると効果が解除されます。対象がキャラクターの場合、攻撃を受けると効果が解除されます。	icon_status.fearstatus_tex
60950514	Buff	True	True	False	オーシャルの保護	オーシャルの保護を受け、5秒間ダメージを受けません。	icon_skills.voidtrap_tex
71600004	DamageOverTime	True	False	False	ダルカンの炎	$H_W_BAD2$COLOR_END second1毎に全HPの$H_W_BAD5％$COLOR_ENDが持続的に減少します。解除されるまで持続します。	icon_status.firedamage_tex
71600010	DamageOverTime	True	False	False	火傷	$H_W_BAD1$COLOR_END second毎に全HPの$H_W_BAD5％$COLOR_ENDが持続的に減少します。解除されるまで持続します。	icon_status.firedamage_tex
71600020	WeakeningEffect	False	False	False			
73500000	Buff	False	True	False	見えたらBTS	このPCの攻撃はダメージが分散しません	
73500001	Buff	True	True	True	送風機微風	格納庫換気施設の送風機から吹いてくる風の影響で落下ダメージを受けません。	icon_skills.rage_tex
73500002	WeakeningEffect	False	True	True	見えたらBTS	このNPCはダメージ/リアクションに抵抗しています	
73500003	Buff	False	True	False	見えたらBTS	このPCはヒーラークラスとして判定されています。	
73500004	Buff	False	True	False	見えたらBTS	このPCはタンカークラスとして判定されています。	
73500005	Buff	False	True	True	見えたらBTS	このPCはタンカー以外のクラスとして判定されています。	
73500006	WeakeningEffect	False	True	True	見えたらBTS	このNPCは全てのダメージ、異常状態、リアクションに免疫状態です。	
73501000	Buff	True	True	False	保護されたエネルギー	エネルギーがベンタロンに安全に伝達されるようにエアーホールが全てを保護します。エアーホールを通過する時に落下ダメージを受けません。	icon_skills.rage_tex
73501001	DamageOverTime	True	False	False	プラズマ露出	時限爆弾が爆発しました！$H_W_BAD1$COLOR_END second毎に$H_W_BAD4％$COLOR_ENDのHPが減少します。	icon_status.paralyzestatus_tex
73501002	Buff	False	True	False	見えたらBTS	このPCは飛んでいく途中です！他の衝撃波スキルや空間移動スキルにダメージを受けません	
73501003	Buff	False	True	False	見えたらBTS	このNPCは爆発攻撃を使用できません	
73501004	Stun	True	False	False	朦朧	ベンタロンの強力な攻撃で気絶したため動けません。	icon_status.confuseup_tex
73501005	WeakeningEffect	True	False	False	プラズマ衝撃	時限爆弾が爆発しました！衝撃波に攻撃されて移動速度が$H_W_BAD50％$COLOR_END、スキルによる移動距離が$H_W_BAD30％$COLOR_END 減少します。 この効果は解除できません。	icon_status.minusmove_tex
73501006	Buff	False	True	False	見えたらBTS	このNPCは時限爆弾を召喚できます。	
73501007	Buff	False	True	False	見えたらBTS	このPCは異常状態の持続時間の間、全滅スキルに攻撃されません。	
73501008	WeakeningEffect	True	False	False	神経損傷	ベンタロンのプラズマ放出により、スキルを使用できません。	icon_status.vergoscurse_tex
73501009	Buff	False	True	False	見えたらBTS	このNPCは送風機を動作させることができません	
73501010	Buff	False	True	False	見えたらBTS	このNPCは異常状態の持続時間の間、連続爆発パターンを実行できません	
73501011	Buff	False	True	False	見えたらBTS	このNPCは異常状態の持続時間の間、送風機作動パターンを実行できません	
73501012	WeakeningEffect	True	True	False	リバースカレント	ベンタロンの強力な磁場攻撃によって身体が強制的に移動しています。	icon_status.electriceffect3_tex
73501013	Buff	False	True	False	見えたらBTS	時限爆弾が設置されました。次のパターンが連続で動作しません：連続爆発パターン、全滅パターン、送風機パターン	
73501014	Buff	False	True	False	見えたらBTS	送風機が動作します。次のパターンが連続で動作しません：全滅パターン	
73501015	Buff	False	True	False	見えたらBTS	送風機が動作します。次のパターンが連続で動作しません：時限爆弾パターン	
73501016	Buff	False	True	False	見えたらBTS	RK-9格納庫レコード達成異常状態 - 吸気排気施設利用	
73501017	Buff	False	True	False	見えたらBTS	吸気/排気施設の重複被撃を防止します。	
73501018	Buff	False	True	False	見えたらBTS	時限爆弾100個除去達成異常状態です。	
73501019	Buff	False	True	True	見えたらBTS	敵意透明NPCを条件として割り当てることができます。	
73502000	DamageOverTime	True	False	False	電気ショック	強力な電流により1重複当たり$H_W_BAD2$COLOR_END second1毎にHPが$H_W_BAD6％$COLOR_END減少します。最大12回まで重複されます。	icon_skills.electricshock_tex
73502001	WeakeningEffect	False	True	True	見えたらBTS	このNPCは全てのダメージとリアクション、異常状態に抵抗しています。	
73502002	Buff	False	True	True	見えたらBTS	このNPCは電流爆発パターン使用時、電磁気誘導攻撃を先に実行します。	
73502003	Buff	False	True	True	見えたらBTS	このNPCは電流爆発パターン使用時、近距離爆発攻撃を先に実行します。	
73502004	Buff	False	True	False	見えたらBTS	このPCはのこぎり回転攻撃を受けました。ヘキサフレオンが連携攻撃を実行できます。	
73502005	WeakeningEffect	True	False	False	感電ショック	ヘキサフレオンの強力な電流によってショック状態になりました。スキルを使用できません。	icon_skills.electricshock2_tex
73502006	Buff	False	True	False	見えたらBTS	このNPCはクールタイムになると100％確率で攻撃します。	
73502007	WeakeningEffect	False	True	True	見えたらBTS	このNPCのエフェクトを出力する異常状態です。	
73503000	Buff	False	True	False	見えたらBTS	このNPCは異常状態が続く限り月明り衝撃波スキルを使用できません。	
73503001	Stun	True	False	False	朦朧	RK-9の攻撃で気絶したため動けません。	icon_status.confuseup_tex
73503002	Buff	False	True	False	見えたらBTS	このNPCは現在月明り衝撃波スキルを使用できません。	
73503003	Buff	False	True	False	見えたらBTS	このNPCは異常状態の持続時間の間、生命体感知パターンを実行できません	
73503004	Buff	False	True	False	見えたらBTS	このNPCは現在、生命体感知パターンを実行できません	
73503005	Buff	False	True	True	見えたらBTS	このNPCは現在、向上した熱感知プロトコルの使用条件をボスに付与することができます。	
73503006	Buff	False	True	True	見えたらBTS	このNPCは現在、向上した熱感知プロトコルの正順序使用条件をボスに付与することができます。	
73503007	Buff	False	True	True	見えたらBTS	このNPCは現在、向上した熱感知プロトコルの逆順序使用条件をボスに付与することができます。	
73503008	Buff	False	True	True	見えたらBTS	このNPCは現在部位破壊パターンで胸保護部分が破壊されました。持続的に誤作動を起こします。	
73503009	DamageOverTime	True	True	False	レーザー衝撃	高出力レーザーによって持続的な衝撃ダメージを受けます。毎$H_W_BAD2$COLOR_END second1毎に$H_W_BAD6％$COLOR_ENDのHPが減少します。この効果は解除できません。	icon_status.fullelectriceffect_tex
73503100	Buff	False	True	False	見えたらBTS	このNPCは現在、熱感知プロトコルパターンを実行できません	
73503101	Buff	False	True	True	見えたらBTS	このNPCは熱感知プロトコルパターンで最初に近距離範囲を打撃します。	
73503102	Buff	False	True	True	見えたらBTS	このNPCは熱感知プロトコルパターンで最初に遠距離範囲を打撃します。	
73503103	Buff	False	True	True	見えたらBTS	このNPCは熱感知プロトコルパターンで最初に全範囲を打撃します。	
73503104	Buff	False	True	True	見えたらBTS	このNPCは熱感知プロトコルパターンで2番目に近距離範囲を打撃します。	
73503105	Buff	False	True	True	見えたらBTS	このNPCは熱感知プロトコルパターンで2番目に遠距離範囲を打撃します。	
73503106	Buff	False	True	True	見えたらBTS	このNPCは熱感知プロトコルパターンで2番目に全範囲を打撃します。	
73503107	Buff	False	True	True	見えたらBTS	このNPCは胸の保護部分が破壊されてないので、正常的なシステムで侵入者を排除します。	
73503108	Buff	True	True	True	見えたらBTS	このNPCは熱感知プロトコルパターンで正順序で打撃します。	
73503109	Buff	True	True	True	見えたらBTS	このNPCは熱感知プロトコルパターンで正順序で打撃します。	
73503200	Buff	False	True	False	見えたらBTS	このNPCは現在遠距離対象に小型爆弾スキルを使用できません。	
73503201	Buff	False	True	False	見えたらBTS	このNPCは現在復活スキル発動対象に小型爆弾スキルを使用できません	
73503300	Buff	False	True	True	見えたらBTS	このNPCは保護プロトコルを実行できます。	
73503301	Buff	True	True	True	プロトコル実行中：保護	RK-9のシステムが危険を感知して保護プロトコルを実行しました。保護プロトコルが実行されると、侵入者をすべて排除します。	icon_skills.emergencyshield_tex
73503302	Buff	False	True	False	見えたらBTS	このNPCは、保護プロトコルの実行中、過度な衝撃によりシステムが一時ダウンしました。5000ms間行動できません。	
73503303	Buff	False	True	False	見えたらBTS	このNPCは、保護プロトコルの実行中にシステムエラーが発生しました。20000msの間、ラカンの魔石の保護プレートが弱化され、過度な衝撃を受けると破壊される可能性があります。	
73503400	Buff	False	True	False	見えたらBTS	このNPCは異常状態の持続時間の間、保護プロトコルパターンを実行できません	
73503401	Buff	True	True	True	プロトコル実行中：保護	RK-9のシステムが危険を感知して保護プロトコルを実行しました。保護プロトコルが実行されると、侵入者をすべて排除します。	icon_skills.emergencyshield_tex
73503402	Buff	False	True	False	見えたらBTS	このNPCは、保護プロトコルの実行中、過度な衝撃によりシステムが一時ダウンしました。5000ms間行動できません。	
73503403	WeakeningEffect	False	True	False	見えたらBTS	このNPCは全てのダメージ、異常状態、リアクションに免疫状態です。	
73504000	WeakeningEffect	True	True	True	強力な磁場	強力な磁場の影響でスキルを使用することができません。	icon_status.sealskill_tex
73504001	WeakeningEffect	True	True	False	感電状態	磁場回転装置に触れて、一時的な感電状態になったため移動できません。	icon_skills.excesselectron_tex
74300002	DamageOverTime	True	True	False	黒い霧	周辺に黒い霧が立ち込めます。霧の中では移動速度が大幅に上昇します。	icon_status.darkeffect_tex
74300003	Buff	True	True	True	呪いの碑石の力	モンスターの力が$H_W_GOOD50%$COLOR_END上昇します。	icon_status.minushp_tex
74300012	WeakeningEffect	True	True	False	魔法使いの呪い（赤）	魔法使いの呪いにかかりました。順番通りに解除しなければ、大ダメージを受けます。	icon_status.battlecommand03_tex
74300013	WeakeningEffect	True	True	False	魔法使いの呪い（黄）	魔法使いの呪いにかかりました。順番通りに解除しなければ、大ダメージを受けます。	icon_status.battlecommand02_tex
74300014	WeakeningEffect	True	True	False	魔法使いの呪い（緑）	魔法使いの呪いにかかりました。順番通りに解除しなければ、大ダメージを受けます。	icon_status.battlecommand04_tex
74300015	WeakeningEffect	True	True	False	魔法使いの呪い（青）	魔法使いの呪いにかかりました。順番通りに解除しなければ、大ダメージを受けます。	icon_status.battlecommand01_tex
74300020	WeakeningEffect	True	True	False	予告ダメージ	しばらくするとダメージを受けます。誰の助けも受けることはできません。	icon_status.darkeffect_tex
74300047	Stun	True	False	False	黒騎士の気迫	ベイダの気迫により、混乱状態に陥ります。耐久力が$H_W_BAD10%$COLOR_END減少し、しばらくコントロール不能状態となります。	icon_status.fearstatus_tex
74300074	Buff	False	True	False			
74300078	Buff	True	True	False	無限の体力	HP回復スキルを使います！　HPが$H_W_GOOD1$COLOR_END second毎に$H_W_GOOD100,000$COLOR_END回復します。	icon_status.delayheal_tex
74300081	Buff	True	False	True	鉄壁の外皮	幼虫キングの外皮が硬化します。集中攻撃を行ってください！	icon_skills.manashield_tex
74300091	Buff	False	True	True			
75000002	WeakeningEffect	True	False	False	養分	黄色の食虫植物を通して供給される養分。養分が重複される毎に力が$H_W_GOOD1%$COLOR_END上昇します。	icon_status.damageup_tex
75000007	WeakeningEffect	True	True	False	弱点	固まった表皮の下に隠されている弱点です。表皮が脱げるとダウン状態にかかりやすくなります。	icon_status.risindagon_tex
75000015	WeakeningEffect	True	False	False	巨大化	リザード呪術師の呪術により、力が$H_W_GOOD6％$COLOR_END上昇し、HPが$H_W_GOOD6％$COLOR_END回復します。	icon_skills.berserk_tex
75000016	Buff	True	False	True	外皮強化	硬化したカシュバルの外皮が一定のダメージを無効化します。	icon_status.plusedefence_tex
75000018	DamageOverTime	False	False	False			
75000021	WeakeningEffect	False	True	False			
75000027	DamageOverTime	True	False	False	虫毒	虫の毒に侵されました。$H_W_BAD3秒$COLOR_END毎に全HPの$H_W_BAD1.6％$COLOR_ENDが減少します。	icon_status.poisonstatus_tex
76600018	Buff	True	True	False	海賊の覇気	海賊の強靭な力を得て、力と耐久力が$ H_W_GOOD10％$ COLOR_END上昇します。この効果は、最大10回まで重複します。	icon_status.plusattack_tex
76600019	WeakeningEffect	True	True	False	海賊の強靭さ	臆病な海賊たちが身を守っています。この効果は、「ブレッシングデバフ」や「フィーブルプレディクション」で解除できます。	icon_status.plusedefence_tex
76600020	Buff	False	True	False	完全透明	異常状態ツールチップ非表示 (isShow=False)このツールチップが出たらBTS処理が必要です!	icon_status.immunedebuff_tex
76600021	Buff	True	True	False	海賊の武力	力が$H_W_GOOD10%$COLOR_END上昇します。	icon_status.plusattack_tex
76600022	Buff	True	True	False	海賊の防御力	耐久力が$H_W_GOOD10%$COLOR_END上昇します。	icon_status.plusedefence_tex
76600023	Buff	True	True	True	海賊の速力	攻撃速度が$H_W_GOOD10%$COLOR_END上昇します。この効果は重複します。	icon_skills.berserk_tex
76600024	Buff	True	True	False	海賊の治癒力	$H_W_GOOD3$COLOR_END second1毎に全HPの$H_W_GOOD$value%$COLOR_ENDが持続的に回復します。	icon_status.aura_of_regeneration_hp_tex
76600025	Buff	False	True	False			icon_status.aura_of_regeneration_hp_tex
77600001	Buff	True	True	False	力上昇	力上昇	icon_status.poisondown_tex
77600002	Buff	True	True	False	攻撃速度上昇	攻撃速度上昇	icon_status.poisondown_tex
77600003	Buff	True	True	False	クリティカル発生上昇	クリティカル発生上昇	icon_status.poisondown_tex
77600004	Buff	True	True	False	クリティカル威力増加	クリティカル威力増加	icon_status.poisondown_tex
77600005	Buff	True	False	False	トゥンカの怒り	激高したトゥンカが、我を忘れて暴れています。	icon_status.minuscriticalresist_tex
77600006	DamageOverTime	False	False	False	カウントダウン	爆弾には敵も味方もありません。	icon_status.minuscriticalresist_tex
77600007	Stun	True	False	False	全身麻痺	衝撃が、大脳の前頭葉まで伝わり、身動きが取れません。	icon_status.confusestatusnpc_tex
77600008	WeakeningEffect	True	False	False	亡霊の痕跡	亡霊が放った矢により、大ダメージを受けました。	icon_status.minushp_tex
77600009	DamageOverTime	True	False	False	亡霊の証	亡霊の標的になりました。亡霊の攻撃による追加ダメージを受けます。	icon_status.fearstatus_tex
77600010	DamageOverTime	True	False	False	亡霊の証解除	亡霊の証が解除されました。	icon_status.confusestatusnpc_tex
77600011	WeakeningEffect	True	True	False	地面返し	シャークの強力な攻撃により、空中に飛ばされました。	icon_status.plusepoisonresist_tex
77600012	WeakeningEffect	True	False	False	動く爆弾	終了後、周囲20mに強力なダメージを与え、火炎地帯ができます。	icon_skills.voidtrap_tex
77600013	Buff	False	True	False	動く爆弾	お前は爆弾！　	icon_skills.voidtrap_tex
77600014	Buff	False	True	False	動く爆弾	炸裂！　	icon_skills.voidtrap_tex
77600015	Buff	False	True	False	動く爆弾	炸裂！　	icon_skills.voidtrap_tex
77600016	WeakeningEffect	True	False	True	闇の保護	亡霊の力によって攻撃が無効化されます。	icon_status.delaydamage_tex
77600017	Buff	True	False	False	ボス一定時間凶暴化	周囲から集めた闇の力を使います。効果持続中、非常に強力になります。	icon_status.angerwarrior_tex
77700001	Buff	True	True	False	不安定な破壊力	重複するたびに、スキル攻撃力が$H_W_GOOD5％$COLOR_ENDずつ上昇します。この効果は、最大10回まで重複します。	icon_status.battlefieldbuff02_tex
77700002	Buff	True	True	False	古代の再生力	$H_W_GOOD2$COLOR_END second1毎に全HPの$H_W_GOOD5％$COLOR_ENDが回復します。	icon_status.aura_of_regeneration_hp_tex
77700003	Stun	True	True	False	スイッチ作動バフ	スイッチが作動し、不安定なバリアがかかりました。3回重複すると、破滅を防ぐことができます。	icon_skills.manashield_tex
77700004	DamageOverTime	True	False	False	疲労困憊	永い眠りから覚めた後遺症により、HPが2秒毎に1％ずつ減少します。	icon_status.poisonstatus_tex
77700005	WeakeningEffect	True	False	True	バリア	ケルキオンによって、保護されています。	icon_status.darkriftrage_tex
77700006	WeakeningEffect	True	False	False	移動妨害	移動速度が減少します。	icon_skills.slowball_tex
77700007	Stun	True	True	False	スイッチ作動3重複	全ダメージを無効化します。	icon_skills.manashield_tex
77700008	DamageOverTime	True	True	False	地下水路_1番部屋_破滅	数秒後、30,000のダメージ	icon_skills.voidtrap_tex
77700009	WeakeningEffect	True	True	False	地下水路_1番部屋_集団ダメージ	数秒後、30,000のダメージ	icon_status.plusattack_tex
77700010	Buff	True	False	False	不安定な狂気	重複するたびに、クリティカル発生が$H_W_GOOD5％$COLOR_ENDずつ上昇します。この効果は、最大10回まで重複します。	icon_status.battlefieldbuff01_tex
77700011	Stun	True	True	False	地下水路_1番部屋_幽霊_睡眠	幽霊の睡眠	icon_skills.shackleofquicksand_tex
77700012	Stun	True	False	False	ゴーレムの呪い	ゴーレムに精神を支配されています。	icon_status.diffusionabnormality_tex
77700013	WeakeningEffect	False	False	True	地下水路_1番部屋_モンスターオーバーレイ用	色用	icon_skills.voidtrap_tex
77700014	WeakeningEffect	True	False	True	妨害禁止	アルゴスが幻影を召喚する間、自身を保護します。	icon_status.darkriftrage_tex
77700015	DamageOverTime	True	False	False	宿主	宿主になりました。	icon_status.poisonstatus_tex
77700016	Stun	True	False	False	寄生虫の粘液質	寄生虫の粘液質により、移動速度が減少します。	icon_status.darkriftrage_tex
77700017	WeakeningEffect	False	True	True	地下水路_3番部屋_ランサー追加敵対値	追加敵対値	icon_status.darkriftrage_tex
77700018	Buff	True	True	False	微かな古代の再生力	$H_W_GOOD2$COLOR_END second1毎に全HPの$H_W_GOOD15％$COLOR_ENDが回復します。	icon_status.aura_of_regeneration_hp_tex
77700019	Buff	True	True	False	微かな古代の破壊力	攻撃力が$H_W_GOOD50％$COLOR_END上昇します。	icon_status.cruel_slayer_3_tex
77700020	Buff	True	True	False	恐怖	敗北の恐怖により、暴走しています。	icon_status.darkriftrage_tex
77700021	Stun	True	False	False	強力な咆哮	ケルキオンの咆哮により、しばらく気絶します。	icon_status.confuseup_tex
77700022	WeakeningEffect	True	False	False	小石	小石に当たり、移動速度が減少します。	icon_status.minusmove_tex
77700023	WeakeningEffect	True	True	False	孵化準備	フィトンの卵が孵化しています。	icon_status.poisonstatus_tex
77700024	WeakeningEffect	False	True	True	地下水路_3番部屋_狂気再生免疫用	地下水路_3番部屋_狂気再生免疫用	icon_skills.voidtrap_tex
77700025	WeakeningEffect	False	True	True	地下水路_3番部屋_クリティカル免疫用	地下水路_3番部屋_クリティカル免疫用	icon_status.poisondown_tex
77700800	DamageOverTime	True	False	False	アルゴンパラサイト	$H_W_BAD1$COLOR_END second毎に全HPの$H_W_BAD2％$COLOR_ENDが減少します。この効果は最大5回まで重複し、重複5回目に全HPの$H_W_BAD30％$COLOR_ENDが減少します。$BRジャンプすると「リムーブパラサイト」が発生します。$BRこの効果は解除できません。	icon_status.minusattack_tex
77701400	WeakeningEffect	True	False	False	アルゴン細胞転移	重複5回目に、アルゴンのウィルスが発動します。	icon_status.poisonstatus_tex
77701700	Buff	True	True	False	女王の咆哮	女王の咆哮が聞こえます。重複3回目に、「女王の激怒」が発生します。	icon_status.plusattack_tex
77702100	DamageOverTime	True	False	False	セル・バースト	$H_W_BAD3$COLOR_END second1毎に全HPの$H_W_BAD10％$COLOR_ENDが持続的に減少します。この効果は解除できません。	icon_status.delaydamage_tex
77702400	Buff	True	False	False	鉄のカーテン	鉄のカーテンが最大$H_W_GOOD700000$COLOR_ENDのダメージを無効化します。最大値を超えると持続時間に関わらず即解除されます。	icon_skills.manashield_tex
77702900	DamageOverTime	True	False	False	貪欲の波動	貪欲な考えが全身を駆け巡ります。持続時間終了時までに、憎悪の波動に更新しなければなりません。	icon_status.cruel_slayer_1_tex
77703000	DamageOverTime	True	False	False	憎悪の波動	憎悪の思いが膨らんでいきます。持続時間終了時までに、絶望の波動に更新しなければなりません。	icon_status.cruel_slayer_2_tex
77703100	DamageOverTime	True	False	False	絶望の波動	絶望の奈落に陥ります。180秒以内に貪欲の波動に更新しなければなりません。	icon_status.cruel_slayer_3_tex
77703200	DamageOverTime	True	False	False	セル・バースト	異常状態ツールチップ非表示（isShow=False）このツールチップが出たらBTS処理が必要です。	icon_skills.voidtrap_tex
77703300	DamageOverTime	True	False	False	セル・バースト	異常状態ツールチップ非表示（isShow=False）このツールチップが出たらBTS処理が必要です。	icon_skills.voidtrap_tex
77703400	DamageOverTime	True	False	False	セル・バースト	異常状態ツールチップ非表示（isShow=False）このツールチップが出たらBTS処理が必要です。	icon_skills.voidtrap_tex
77703401	DamageOverTime	False	False	True	アボミネーションインフェクション_基本異常状態	異常状態ツールチップ非表示（isShow=False）このツールチップが出たらBTS処理が必要です。	
77703402	Buff	True	False	False	捕食	デモクロンを補食し強化しました。	icon_status.minusdiseaseresist_tex
77703403	Buff	False	True	False	HP回復	異常状態ツールチップ非表示（isShow=False）このツールチップが出たらBTS処理が必要です。	
77703404	DamageOverTime	False	False	True	アボミネーションツイン_基本異常状態	異常状態ツールチップ非表示（isShow=False）このツールチップが出たらBTS処理が必要です。	
77703405	WeakeningEffect	True	False	False	無敵解除		
77703406	DamageOverTime	False	False	True	腐ったアボミネーション_基本異常状態	異常状態ツールチップ非表示（isShow=False）このツールチップが出たらBTS処理が必要です。	
77703407	WeakeningEffect	True	False	True	無敵解除		
77703408	Stun	True	True	True	気絶 VIII	気絶しているため動けません。	icon_status.confuseup_tex
77703409	WeakeningEffect	False	True	False	無敵解除		
77703410	Buff	True	False	False	クーマス体力回復 I	$H_W_GOOD1$COLOR_END second毎にHPが$H_W_GOOD97%$COLOR_END回復します。	icon_status.darkriftrecovery_tex
77703411	WeakeningEffect	False	False	False	無敵解除		
77703412	DamageOverTime	True	True	False	デモクロン化	体がデモクロン化しています。全ての攻撃に敵対値を追加で獲得し、防御力が上昇しますが、HPが持続的に減少します。	icon_status.darkriftdestroy_tex
77703413	WeakeningEffect	True	False	True	デモクロンの保護	周囲にデモクロンがいるため、ダメージを受けません。デモクロンが全て消えるまで、この効果は継続します。	icon_status.delaydamage_tex
77703414	WeakeningEffect	False	False	False			
77703415	DamageOverTime	False	False	False			
77703416	Buff	True	False	True	デモクロンの保護	周囲にいるデモクロンにより、防御力が上昇します。デモクロンが全て消えるまで、この効果は継続します。	icon_status.darkriftwhisper_tex
77703417	WeakeningEffect	True	False	False	落石の衝撃	落石に当たりました。衝撃により、身動きがとれません。	icon_status.confuseup_tex
77703418	WeakeningEffect	False	True	False			
77703419	Buff	False	True	False			
77703420	Buff	True	True	True			icon_status.minusmove_tex
77703421	Buff	False	True	True			
77703422	Buff	False	True	True			
77703423	WeakeningEffect	True	True	False			
77703424	WeakeningEffect	True	True	False	デモクロンの呪い	デモクロンの呪いにかかりました。動きがだんだん鈍くなります。	
77703426	Buff	True	True	False	捕食	デモクロンを補食し強化しました。	icon_status.minusdiseaseresist_tex
77703428	DamageOverTime	True	False	False	デモクロンの呪い	デモクロンの呪いにかかりました。全てのHP回復効果が無効化します。	icon_status.minusfocus_tex
77703429	Buff	False	True	False	HP回復	異常状態ツールチップ表示バグ(isShow=False)このツールチップが見えたらBTS処理必要！	
77703430	Buff	True	True	False	捕食	キルガルがプレイヤーの犠牲により強化されました。この効果が3回重複すると「進化：キルガル」効果が発動します。	icon_status.plusattack_tex
77703431	DamageOverTime	True	False	False	感染：デモクロンウィルス	デモクロンウィルスに感染しました。HPが持続的に減少し、回復量が減少します。	icon_status.minuscriticalresist_tex
77703432	DamageOverTime	True	False	False	変型：デモクロンウィルス	致命的なデモクロンウィルスに感染しました。急激にHPが減少し、デモクロンの力を感じます。	icon_status.delaydamage_tex
77703433	WeakeningEffect	True	True	True	充填：デモクロンエネルギー	キルガルがデモクロンのエネルギーを集めています。エネルギーで形成されたバリアを破壊できない場合は、強大な力を獲得します。	icon_skills.manashield_tex
77703434	DamageOverTime	True	False	False	感染：デモクロンウィルス	デモクロンウィルスに感染しました。回復量が減少します。	icon_status.minuscriticalresist_tex
77703435	Buff	True	False	False	デモクロン細胞	デモクロンの細胞を手にしました。効果適用中はデモクロンからのダメージが減少します。	icon_status.balanceup_tex
77703436	WeakeningEffect	False	True	False	消滅	異常状態ツールチップ表示バグ(isShow=False)このツールチップが見えたらBTS処理必要！	icon_status.delaydamage_tex
77703437	DamageOverTime	True	False	False	凶暴化	キルガルが理性を失い凶暴化しました。重複毎に攻撃力が上昇します。	icon_status.diseaseup_tex
77703438	WeakeningEffect	True	False	False	電流放出	電流が放出されました。周囲10m内の味方に$H_W_GOOD2$COLOR_END second1毎にダウン硬直を誘発します。放電はエレキショックを解除します。$BRこの効果は解除できません。	icon_status.paralyzestatus_tex
77703439	Buff	True	True	False	充填：デモクロンエネルギー	デモクロンのエネルギーが集まっています。解除できない場合、強大な力を獲得します。	icon_status.fearstatus_tex
77703440	Buff	True	True	False	暴走跳躍	キルガルの狂気により均衡感覚を失います。ダウンが起こりやすい状態です。	icon_status.risindagon_tex
77703441	Buff	True	True	False	パワーセーブ	グレクトンが力を集めて放心しています。スタンがかかりやすい状態です。	icon_status.minushp_tex
77703442	Buff	True	True	False	感染：デモクロンウィルス	デモクロンウィルスに感染しました。非常に強力なためデモクロンからもダメージを受けます。	icon_status.cruel_slayer_3_tex
77703443	Buff	True	True	True	デモクロンの甲皮	デモクロンの甲皮による保護を受けています。一般的な攻撃による討伐は困難です。	icon_status.plusedefence_tex
77703444	DamageOverTime	True	True	False	デモクロンの呪い	デモクロンに魂を侵食されました。回復量が減少します。	icon_status.diffusionabnormality_tex
77703445	WeakeningEffect	False	True	False			
77703446	DamageOverTime	False	False	True	アボミネーション触手監獄_基本異常状態	異常状態ツールチップバグ(isShow=False)このツールチップが見えたらBTS処理必要！	
77703447	DamageOverTime	False	False	True	アボミネーションバリア触手_基本異常状態	異常状態ツールチップバグ(isShow=False)このツールチップが見えたらBTS処理必要！	
78100001	Buff	False	True	False	ラカン魂モード	ラカンの魂	icon_status.immunedebuff_tex
78100002	WeakeningEffect	False	True	False	ラカン一般モード	ラカン一般モード	icon_status.curse_tex
78100003	WeakeningEffect	False	True	False	ラカン一般モード_開始	ラカン一般モード_開始	icon_status.curse_tex
78100004	Buff	False	True	True	ラカン魂モード	ラカンの魂	icon_status.immunedebuff_tex
78100005	WeakeningEffect	False	True	True	ラカン一般モード	ラカン一般モード	icon_status.curse_tex
78100006	WeakeningEffect	True	False	True	ラカンの魂世界	ラカンの魂世界に入りました。	icon_socials.social_010_tex
78100007	Buff	False	True	False	ラカン魂球体_Oｎ	ラカン魂球体_Oｎ	icon_status.immunedebuff_tex
78100008	Buff	False	True	False	ラカン注視パターンクールタイム用	ラカン注視パターンクールタイム用	icon_status.immunedebuff_tex
78100009	DamageOverTime	True	True	False	ラカンの注視	ラカンが見つめています。$H_W_BAD1$COLOR_END second毎に全HPの$H_W_BAD3％$COLOR_ENDが減少します。	icon_items.q_animaleyeball_tex
78100010	WeakeningEffect	False	False	False	死亡	ラカンの過渡な関心により死亡しました。	icon_status.injuredbtdarkness_tex
78100011	DamageOverTime	False	False	False	ラカン球体キャンセル用	ラカン球体キャンセル用	icon_status.fearstatus_tex
78100012	Buff	False	True	False	ラカン球体全滅チェック用	ラカン球体全滅チェック用	icon_status.immunedebuff_tex
78100013	WeakeningEffect	False	True	True			
78100014	Buff	False	True	True			
78100015	Buff	False	True	True			
78100016	Buff	False	True	True			
78100017	Buff	False	True	False			
80401500	Buff	True	True	False	破滅の鎧	最大$H_W_GOOD4000000$COLOR_ENDのダメージを無効化します。最大値を超えると、結界は破壊されます。持続時間内に破壊できない場合、その効果により全ての対象プレイヤーは死亡し、ケルサイクは破滅の憤怒に飲み込まれます！	icon_skills.manashield_tex
80900001	WeakeningEffect	True	False	False	集中攻撃	標的となった対象は、耐久力と移動速度が$H_W_BAD0,3$COLOR_END低下します。この効果は解除できません。	icon_status.minusdefence_tex
80900002	Stun	True	False	False	ハンマーパンチ	ハンマーパンチにより、気絶しました。この攻撃による気絶は解除可能です。	icon_status.confuseup_tex
80900003	WeakeningEffect	False	True	True	A		icon_status.battlecommand03_tex
80900004	WeakeningEffect	False	True	True	B		icon_status.battlecommand02_tex
80900005	WeakeningEffect	False	True	True	C		icon_status.battlecommand04_tex
80900006	WeakeningEffect	False	True	True	D		icon_status.battlecommand01_tex
80900007	Buff	False	True	False	HP急速回復_1%	異常状態ツールチップ非表示（isShow=False）このツールチップが出たらBTS処理が必要です。	icon_status.plushp_tex
80900008	Buff	True	True	False	不死身の時間 	全てのデバフ抵抗が$H_W_GOOD100%$COLOR_END上昇し、耐久力が$H_W_GOOD200%$COLOR_END上昇します。	icon_status.immunedebuff_tex
81300001	DamageOverTime	True	False	False			icon_status.cruel_slayer_3_tex
81300002	Buff	True	True	True	回復中の古代の岩	$H_W_GOOD2$COLOR_END second1毎に全HPの$H_W_GOOD1％$COLOR_ENDが回復します。	icon_status.aura_of_regeneration_hp_tex
81300004	WeakeningEffect	False	False	True	精神支配石の保護	精神支配石の力により保護されています。	icon_status.darkriftrage_tex
81300005	Buff	True	True	False	守護のオーラ	耐久力が$H_W_GOOD30％$COLOR_END上昇し、$H_W_GOOD2秒$COLOR_END毎に全HPの$H_W_GOOD3％$COLOR_ENDが回復します。	icon_status.aura_of_regeneration_hp_tex
81300006	WeakeningEffect	False	True	True	ギルリアンの森_追加アグロ	追加敵対値	icon_status.darkriftrage_tex
81300008	Buff	True	True	False	守護者の祝福	ダウン/硬直発生率が$H_W_BAD30%$COLOR_END上昇します。	icon_status.balanceup_tex
81300009	Buff	True	True	False	門番の祝福	スキルの攻撃力が$H_W_BAD30%$COLOR_END上昇します。	icon_status.balanceup_tex
81300010	Buff	True	True	True	門番のオーラ - 放光	自身を含む周囲30m以内のパーティーメンバーに門番のオーラを付与します。	icon_skills.areahpgain_tex
81300011	Buff	False	True	False			icon_status.cruel_slayer_3_tex
81300012	Buff	False	True	True			icon_status.cruel_slayer_3_tex
81300013	WeakeningEffect	False	False	False	ギルリアンの森_ノーマルモード攻撃速度減少	攻撃速度が$H_W_BAD10%$COLOR_END減少します。	icon_crest.crestactiveattackspeeddown_tex
81300014	WeakeningEffect	True	True	False	ギルリアンの憤怒	攻撃力が$H_W_GOOD50％$COLOR_END、攻撃速度が$H_W_GOOD10％$COLOR_END上昇します。	icon_status.cruel_slayer_3_tex
81300015	DamageOverTime	True	False	False	ギルリアンの炎	$H_W_BAD2$COLOR_END second1毎に全HPの$H_W_BAD3％$COLOR_ENDが減少します。	icon_status.firedamage_tex
81300016	WeakeningEffect	True	False	False	ギルリアンの粘液	移動速度が$H_W_BAD0,5$COLOR_END減少します。	icon_status.poisonstatus_tex
81300017	Buff	True	True	False	森の祝福	森の祝福によりスキルクールタイムが$H_W_GOOD20％$COLOR_END減少します。プリースト、エレメンタリストにのみ適用。	icon_status.cruel_slayer_4_tex
81300018	Buff	True	True	False	守護者の力	攻撃力が$H_W_GOOD10％$COLOR_END上昇します。	icon_status.cruel_slayer_3_tex
81300019	Buff	True	True	False	守護者の回復力	$H_W_GOOD2$COLOR_END second1毎に全HPの$H_W_GOOD2％$COLOR_ENDが回復します。	icon_status.aura_of_regeneration_hp_tex
81300020	WeakeningEffect	True	True	False	汚染された塵	攻撃力が$H_W_GOOD30％$COLOR_END上昇します。	icon_status.plusattack_tex
81300021	DamageOverTime	True	False	False	岩に刻まれた傷	$H_W_BAD2$COLOR_END second1毎に全HPの$H_W_BAD1.5％$COLOR_ENDが減少します。	icon_status.firedamage_tex
81300022	WeakeningEffect	True	False	True	ギルリアンの保護	ギルリアンが自身を保護しています。全てのダメージを無効化します。	icon_status.darkriftrage_tex
81300023	DamageOverTime	True	False	False	ギルリアンの炎（偽）	ネットカフェ用インダンで '惜しまず与える木'レコードを達成しいように仮でCheckする異常状態。 (見えちゃダメ!)	icon_status.firedamage_tex
81300024	DamageOverTime	True	False	False	ギルリアンの炎 II（偽）	ネットカフェ用インダンで '惜しまず与える木'レコードを達成しいように仮でCheckする異常状態。 (見えちゃダメ!)	icon_status.firedamage_tex
90048060	Stun	True	False	False	スタン	ノクタニウム抽出機の鍵を落としてしまい、驚きのあまり硬直します。	icon_status.confuseup_tex
90290001	WeakeningEffect	True	True	False	無欠の絶対防御	$H_W_BAD[絶対防御]$COLOR_END復活のコルヌスは無敵状態です。	icon_status.plusedefence_tex
90290002	WeakeningEffect	True	True	False	無欠の絶対防御	復活のコルヌスが気を集めています。解除できなかった場合、1分間、復活のコルヌスが$H_W_BAD[耐久力増加]$COLOR_END效果を受けます。	icon_status.plusedefence_tex
90991001	WeakeningEffect	True	False	True	開発用_だるまさんがころんだ	だるまさんがころんだ	icon_status.minusmove_tex
90991002	WeakeningEffect	True	False	False	開発用_だるまさんがころんだ（2）	だるまさんがころんだ（2）	icon_status.fearstatus_tex
91100200	DamageOverTime	True	False	False	破滅の業火	$H_W_BAD2$COLOR_END second1毎に全HPの$H_W_BAD3％$COLOR_ENDが減少し、持続時間が過ぎると対象者は即死します。$BRこの効果は、「破滅の冷気」でのみ解除することができます。	icon_status.firedamage_tex
91100400	WeakeningEffect	True	False	False	神の憤怒	効果が重複する毎に回復量が減少します。	icon_status.minusdefence_tex
91101100	DamageOverTime	True	False	False	地獄の業火	$H_W_BAD2$COLOR_END second1毎に全HPの$H_W_BAD3％$COLOR_ENDが減少し、持続時間が過ぎると対象者は即死します。$BRこの効果は、「破滅の業火」または「破滅の冷気」でのみ解除することができます。	icon_status.poisonstatus_tex
91101300	DamageOverTime	True	False	False	破滅の冷気	$H_W_BAD2$COLOR_END second1毎に全HPの$H_W_BAD3％$COLOR_ENDが減少し、持続時間が過ぎると対象者は即死します。$BRこの効果は、「破滅の業火」でのみ解除することができます。	icon_status.icedamage_tex
91104200	WeakeningEffect	True	True	False	ケルサイクの憤怒	攻撃力が$H_W_GOOD30％$COLOR_END、攻撃速度が$H_W_GOOD10％$COLOR_END上昇します。この効果は解除できません。	icon_status.plusattack_tex
91104300	WeakeningEffect	True	False	False	ケルサイクの挑発	力と攻撃速度が$H_W_GOOD50%$COLOR_END上昇します。ただし、この効果が消えると死亡します。	icon_status.poisonstatus_tex
91240000	Buff	True	True	False	見えない支援	訓練教官がこっそり支援して、スキル攻撃力が$H_W_GOOD50％$COLOR_END上昇します。プリーストとエレメンタリストにのみ効果が発動します。	icon_status.cruel_slayer_4_tex
91240001	Buff	True	True	False	訓練教官の鞭	訓練教官の鞭打ちにより、スキル攻撃力$H_W_GOOD20%$COLOR_END、クリティカル発生率$H_W_GOOD20%$COLOR_ENDが上昇します。效果は最大20回まで重複します。	icon_status.plusattack_tex
91240002	Buff	True	True	False	訓練教官の力	$H_W_GOOD1$COLOR_END second毎に全HPの$H_W_GOOD4％$COLOR_ENDが回復します。	icon_status.aura_of_regeneration_hp_tex
91240003	WeakeningEffect	True	False	False	ボルカンの呪い_無気力	移動速度が$H_W_BAD0,8$COLOR_END減少されます。	icon_status.minusattack_tex
91260001	Stun	True	False	False	衝撃	強力なエネルギーによる衝撃で動けません。	icon_status.confuseup_tex
91260002	WeakeningEffect	True	False	True	保護	ペトレを守るための養成所の保護効果が持続されます。	icon_skills.guildskills_def_tex
91260003	WeakeningEffect	True	False	True	保護	ペトレを守るための養成所の保護効果が持続されます。	icon_skills.guildskills_def_tex
91260004	WeakeningEffect	False	True	False			
91600001	WeakeningEffect	True	False	False	闇の破片	効果が解除されるまでの間、$H_W_BAD1$COLOR_END second毎に全HPの$H_W_BAD10%$COLOR_ENDが減少し、スキルを使用できません。	icon_status.fearstatus_tex
91600003	Stun	True	False	False	ダルカンの脅威	おびえて逃げています。	icon_status.darkriftrage_tex
91600004	DamageOverTime	True	False	False	ダルカンの不滅炎	$H_W_BAD2$COLOR_END second1ごとに全HP対比 $H_W_BAD10％$COLOR_ENDに至るHPが持続的に減少します。	icon_status.firedamage_tex
91600005	DamageOverTime	False	False	False	アルクス_演出用_透明化	アルクス_演出用透明化	icon_status.fearstatus_tex
91600006	WeakeningEffect	False	False	False	ダルカン_演出用_闇化	ダルカン_演出用透明化	icon_status.fearstatus_tex
91600007	WeakeningEffect	True	False	False	アルクスの悲鳴	効果が重複する毎に攻撃力が$H_W_GOOD20%$COLOR_END、攻撃速度が$H_W_GOOD10%$COLOR_END上昇します。この効果を解除することはできません。	icon_status.plusattack_tex
91600008	Stun	True	False	False	ダルカンの怒号	気絶しているため動けません。	icon_status.confuseup_tex
91600010	DamageOverTime	True	False	False	火傷のあと	効果が解除されるまでの間、$H_W_BAD1$COLOR_END second毎に全HPの$H_W_BAD10％$COLOR_ENDが減少します。	icon_status.firedamage_tex
91600011	DamageOverTime	False	False	False	ダルカン_闇の幕演出用_透明化	ダルカン_闇の幕演出用_透明化	icon_status.fearstatus_tex
91600012	DamageOverTime	False	False	False	ダルカン_闇の幕キャンセル用_リアクション	ダルカン_闇の幕キャンセル用_リアクション	icon_status.fearstatus_tex
91600013	WeakeningEffect	True	False	False	闇の破片 I	闇の中に閉じ込められています。回復量が25%減少し$H_W_BAD1$COLOR_END second毎に全HPの$H_W_BAD2％$COLOR_ENDが減少します。	icon_status.fearstatus_tex
91600014	WeakeningEffect	True	False	False	闇の破片 II	闇の中に閉じ込められています。回復量が50%減少し$H_W_BAD1$COLOR_END second毎に全HPの$H_W_BAD2％$COLOR_ENDが減少します。	icon_status.fearstatus_tex
91600015	WeakeningEffect	True	False	False	闇の破片 III	闇の中に閉じ込められています。回復量が75%減少し$H_W_BAD1$COLOR_END second毎に全HPの$H_W_BAD2％$COLOR_ENDが減少します。	icon_status.fearstatus_tex
91600016	WeakeningEffect	True	False	False	闇の破片 IV	闇の中に閉じ込められています。回復量が100%減少し$H_W_BAD1$COLOR_END second毎に全HPの$H_W_BAD2％$COLOR_ENDが減少します。	icon_status.fearstatus_tex
91600017	WeakeningEffect	True	False	False	ダルカンの手	全てのデバフを受け付けなくなり、効果持続中はダウンと硬直が発生しないが、持続時間が終わると即死します。$BR「神の手」は「ダルカンの火花」でのみ解除可能です。	icon_status.immunedebuff_tex
91600018	WeakeningEffect	False	False	True	エルカラス号_3番部屋_ンスターオーバーレイ用	色用	icon_skills.voidtrap_tex
91600019	Buff	True	False	True	ダルカンのバリア	ダルカンが精神を集中させるために使用したバリア。一定量のダメージを吸収します。	icon_status.plusedefence_tex
91600020	WeakeningEffect	False	False	False	エルカラス号_3番部屋_アラームエフェクト用	アラームエフェクト用	icon_skills.voidtrap_tex
91600021	Buff	True	True	True	ダルカンのバリア	何人たりとも、ダルカンを止めることはできません。	icon_status.plusedefence_tex
91600022	WeakeningEffect	True	True	False	弱点	固まった表皮の下に隠されている弱点です。表皮が脱げるとダウン状態にかかりやすくなります。	icon_status.risindagon_tex
91600023	DamageOverTime	True	False	False	エルカラス号_1番部屋_HP吸収	$H_W_BAD2$COLOR_END second1毎に全HPの$H_W_BAD3％$COLOR_ENDが減少し、持続時間が過ぎると対象者は即死します。$BRこの効果は、「破滅の冷気」でのみ解除することができます。	icon_status.cruel_slayer_3_tex
91600024	DamageOverTime	True	False	False	エルカラス号_1番部屋_MP吸収	$H_W_BAD2$COLOR_END second1毎に全HPの$H_W_BAD3％$COLOR_ENDが減少し、持続時間が過ぎると対象者は即死します。$BRこの効果は、「破滅の業火」でのみ解除することができます。	icon_status.cruel_slayer_4_tex
91600025	DamageOverTime	True	False	False	エルカラス号_1番部屋_ネームド_HP回復	$H_W_BAD1$COLOR_END second毎に全HPの$H_W_BAD3％$COLOR_ENDが減少し、持続時間が過ぎると対象者は即死します。$BRこの効果は、「破滅の業火」でのみ解除することができます。	icon_status.battlefieldbuff02_tex
91600026	DamageOverTime	True	False	False	エルカラス号_1番部屋_ネームド_力増加	$H_W_BAD0$COLOR_END second1毎に全HPの$H_W_BAD3％$COLOR_ENDが減少し、持続時間が過ぎると対象者は即死します。$BRこの効果は、「破滅の業火」でのみ解除することができます。	icon_status.battlefieldbuff01_tex
91600027	DamageOverTime	True	False	False	エルカラス号_1番部屋_ネームド_回復不可	$H_W_BAD0$COLOR_END second1毎に全HPの$H_W_BAD3％$COLOR_ENDが減少し、持続時間が過ぎると対象者は即死します。$BRこの効果は、「破滅の業火」でのみ解除することができます。	icon_status.battlefieldbuff01_tex
91600028	WeakeningEffect	True	True	False	孵化準備	フィトンの卵が孵化しています。	icon_status.poisonstatus_tex
91600029	WeakeningEffect	True	False	False	有毒ガス	有害なガスを吸入しました。移動速度が低下し、スキルを使用できません。	icon_status.minusmove_tex
91600030	DamageOverTime	True	False	False	エルカラス号_1番部屋_HP吸収	$H_W_BAD1$COLOR_END second毎に全HPの$H_W_BAD3％$COLOR_ENDが減少し、持続時間が過ぎると即死します。$BRこの効果は、「破滅の冷気」でのみ解除することができます。	icon_status.cruel_slayer_3_tex
91600031	Buff	True	True	True	強靭な皮膚	自らの動きを制限する代わりに、防御力を極限まで高めます。この状態では、どんな攻撃でもダメージを受け付けません。	icon_status.plusedefence_tex
91600032	WeakeningEffect	False	False	True	ピュトリオンの保護	ピュトリオンの力で保護されています。防御力が大幅上昇します。	icon_status.darkriftrage_tex
91600033	WeakeningEffect	False	False	True	エルカラス号_2ネームド_攻撃速度減少	攻撃速度が$H_W_BAD10%$COLOR_END 減少します。	icon_crest.crestactiveattackspeeddown_tex
91600034	WeakeningEffect	False	False	True	エルカラス号_2ネームド_攻撃速度減少	攻撃速度が$H_W_BAD10%$COLOR_END 減少します。	icon_crest.crestactiveattackspeeddown_tex
91600035	Buff	True	True	False	きれいに！	ピュトリオンが現れる前に、全てのデモクロンとアークデヴァを退治したため、とても良い気分になりました。	icon_status.smile_firecracker_abnormality_tex
91600036	DamageOverTime	False	False	False			
91600037	DamageOverTime	False	False	False			icon_status.cruel_slayer_3_tex
91600038	Buff	False	True	False	浮遊石の回復	浮遊石のHP回復用の異常状態	icon_status.aura_of_regeneration_hp_tex
93500000	Buff	False	True	False	見えたらBTS	このPCの攻撃はダメージが分散しません	
93500001	Buff	False	True	False	見えたらBTS	格納庫換気施設の送風機から吹いてくる風の影響で落下ダメージが増加します。	
93500002	WeakeningEffect	False	True	True	見えたらBTS	このNPCはダメージ/リアクションに抵抗しています	
93500003	Buff	False	True	False	見えたらBTS	このPCはヒーラークラスとして判定されています。	
93500004	Buff	False	True	False	見えたらBTS	このPCはタンカークラスとして判定されています。	
93500005	Buff	False	True	True	見えたらBTS	このPCはタンカー以外のクラスとして判定されています。	
93500006	WeakeningEffect	False	True	True	見えたらBTS	このNPCは全てのダメージ、異常状態、リアクションに免疫状態です。	
93501000	Buff	True	True	False	保護されたエネルギー	エネルギーがベンタロンに安全に伝達されるようにエアーホールが全てを保護します。エアーホールを通過する時に落下ダメージを受けません。	icon_skills.rage_tex
93501001	DamageOverTime	True	True	False	プラズマ露出	時限爆弾が爆発しました！$H_W_BAD1$COLOR_END second毎に$H_W_BAD8％$COLOR_ENDのHPが減少します。	icon_status.paralyzestatus_tex
93501002	Buff	False	True	False	見えたらBTS	このPCは飛んでいく途中です！他の衝撃波スキルや空間移動スキルにダメージを受けません	
93501003	Buff	False	True	False	見えたらBTS	このNPCは爆発攻撃を使用できません	
93501004	Stun	True	False	False	朦朧	ベンタロンの強力な攻撃で気絶したため動けません。	icon_status.confuseup_tex
93501005	WeakeningEffect	True	True	False	プラズマ衝撃	時限爆弾が爆発しました！衝撃波に攻撃されて移動速度が$H_W_BAD50％$COLOR_END、スキルによる移動距離が$H_W_BAD30％$COLOR_END 減少します。 この効果は解除できません。	icon_status.minusmove_tex
93501006	Buff	False	True	False	見えたらBTS	このNPCは時限爆弾を召喚できます。	
93501007	Buff	False	True	False	見えたらBTS	このPCは異常状態の持続時間の間、全滅スキルに攻撃されません。	
93501008	WeakeningEffect	True	True	False	神経損傷	ベンタロンのプラズマ放出により、スキルを使用できません。	icon_status.vergoscurse_tex
93501009	Buff	False	True	False	見えたらBTS	このNPCは送風機を動作させることができません	
93501010	Buff	False	True	False	見えたらBTS	このNPCは異常状態の持続時間の間、連続爆発パターンを実行できません	
93501011	Buff	False	True	False	見えたらBTS	このNPCは異常状態の持続時間の間、送風機作動パターンを実行できません	
93501012	WeakeningEffect	True	True	False	リバースカレント	ベンタロンの強力な磁場攻撃によって身体が強制的に移動しています。	icon_status.electriceffect3_tex
93501013	Buff	False	True	False	見えたらBTS	時限爆弾が設置されました。次のパターンが連続で動作しません：連続爆発パターン、全滅パターン、送風機パターン	
93501014	Buff	False	True	False	見えたらBTS	送風機が動作します。次のパターンが連続で動作しません：全滅パターン	
93501015	Buff	False	True	False	見えたらBTS	送風機が動作します。次のパターンが連続で動作しません：時限爆弾パターン	
93501016	Buff	False	True	False	見えたらBTS	このPCは全てのダメージに免疫状態です。	
93501017	Buff	False	True	False	見えたらBTS	吸気/排気施設の重複被撃を防止します。	
93501018	Buff	False	True	False	見えたらBTS	時限爆弾100個除去達成異常状態です。	
93501019	Buff	False	True	True	見えたらBTS	敵意透明NPCを条件として割り当てることができます。	
93501020	Buff	False	True	False	見えたらBTS	このPCは吸気施設を利用しました。BTS159600現象の防止のため、1秒間落下ダメージを受けません。	
93502000	DamageOverTime	True	False	False	電気ショック	強力な電流により1重複当たり$H_W_BAD2$COLOR_END second1毎にHPが$H_W_BAD10％$COLOR_END減少します。最大12回まで重複されます。	icon_skills.electricshock_tex
93502001	WeakeningEffect	False	True	True	見えたらBTS	このNPCは全てのダメージとリアクション、異常状態に抵抗しています。	
93502002	Buff	False	True	True	見えたらBTS	このNPCは電流爆発パターン使用時、電磁気誘導攻撃を先に実行します。	
93502003	Buff	False	True	True	見えたらBTS	このNPCは電流爆発パターン使用時、近距離爆発攻撃を先に実行します。	
93502004	Buff	False	True	False	見えたらBTS	このPCはのこぎり回転攻撃を受けました。ヘキサフレオンが連携攻撃を実行できます。	
93502005	WeakeningEffect	True	False	False	感電ショック	ヘキサフレオンの強力な電流によってショック状態になりました。スキルを使用できません。	icon_skills.electricshock2_tex
93502006	Buff	False	True	False	見えたらBTS	このNPCはクールタイムになると100％確率で攻撃します。	
93502007	WeakeningEffect	False	True	True	見えたらBTS	このNPCのエフェクトを出力する異常状態です。	
93502008	Buff	False	True	False	見えたらBTS	電気衝撃異常状態を獲得してなかったら達成するレコード異常状態です	
93502009	Buff	False	True	True	見えたらBTS	電気衝撃異常状態を獲得したなら93502008を獲得できないようにする異常状態です	
93503000	Buff	False	True	False	見えたらBTS	このNPCは異常状態が続く限り月明り衝撃波スキルを使用できません。	
93503001	Stun	True	False	False	朦朧	RK-9の攻撃で気絶したため動けません。	icon_status.confuseup_tex
93503002	Buff	False	True	False	見えたらBTS	このNPCは現在月明り衝撃波スキルを使用できません。	
93503003	Buff	False	True	False	見えたらBTS	このNPCは異常状態の持続時間の間、生命体感知パターンを実行できません	
93503004	Buff	False	True	False	見えたらBTS	このNPCは現在、生命体感知パターンを実行できません	
93503005	Buff	False	True	True	見えたらBTS	このNPCは現在、向上した熱感知プロトコルの使用条件をボスに付与することができます。	
93503006	Buff	False	True	True	見えたらBTS	このNPCは現在、向上した熱感知プロトコルの正順序使用条件をボスに付与することができます。	
93503007	Buff	False	True	True	見えたらBTS	このNPCは現在、向上した熱感知プロトコルの逆順序使用条件をボスに付与することができます。	
93503008	Buff	False	True	True	見えたらBTS	このNPCは現在部位破壊パターンで胸保護部分が破壊されました。持続的に誤作動を起こします。	
93503009	DamageOverTime	True	True	False	レーザー衝撃	高出力レーザーによって持続的な衝撃ダメージを受けます。毎$H_W_BAD2$COLOR_END second1毎に$H_W_BAD10％$COLOR_ENDのHPが減少します。この効果は解除できません。	icon_status.fullelectriceffect_tex
93503010	Buff	False	True	False	見えたらBTS	このNPCは持続時間の間、熱感知プロトコルパターンを実行できません	
93503011	Buff	False	True	False	見えたらBTS	このNPCはRK-9のシステムパラメーターを変更できません。	
93503100	Buff	False	True	False	見えたらBTS	このNPCは現在、熱感知プロトコルパターンを実行できません	
93503101	Buff	False	True	True	見えたらBTS	このNPCは熱感知プロトコルパターンで最初に近距離範囲を打撃します。	
93503102	Buff	False	True	True	見えたらBTS	このNPCは熱感知プロトコルパターンで最初に遠距離範囲を打撃します。	
93503103	Buff	False	True	True	見えたらBTS	このNPCは熱感知プロトコルパターンで最初に全範囲を打撃します。	
93503104	Buff	False	True	True	見えたらBTS	このNPCは熱感知プロトコルパターンで2番目に近距離範囲を打撃します。	
93503105	Buff	False	True	True	見えたらBTS	このNPCは熱感知プロトコルパターンで2番目に遠距離範囲を打撃します。	
93503106	Buff	False	True	True	見えたらBTS	このNPCは熱感知プロトコルパターンで2番目に全範囲を打撃します。	
93503107	Buff	False	True	True	見えたらBTS	このNPCは胸の保護部分が破壊されてないので、正常的なシステムで侵入者を排除します。	
93503108	Buff	False	True	True	見えたらBTS	このNPCは熱感知プロトコルパターンで正順序で打撃します。	icon_status.cruel_slayer_2_tex
93503109	Buff	False	True	True	見えたらBTS	このNPCは熱感知プロトコルパターンで正順序で打撃します。	icon_status.cruel_slayer_3_tex
93503200	Buff	False	True	False	見えたらBTS	このNPCは現在遠距離対象に小型爆弾スキルを使用できません。	
93503201	Buff	False	True	False	見えたらBTS	このNPCは現在復活スキル発動対象に小型爆弾スキルを使用できません	
93503300	Buff	False	True	True	見えたらBTS	このNPCは保護プロトコルを実行できます。	
93503301	Buff	True	True	True	プロトコル実行中：保護	RK-9のシステムが危険を感知して保護プロトコルを実行しました。保護プロトコルが実行されると、侵入者をすべて排除します。	icon_skills.emergencyshield_tex
93503302	Buff	False	True	False	見えたらBTS	このNPCは、保護プロトコルの実行中、過度な衝撃によりシステムが一時ダウンしました。5000ms間行動できません。	
93503303	Buff	False	True	False	見えたらBTS	このNPCは、保護プロトコルの実行中にシステムエラーが発生しました。20000msの間、ラカンの魔石の保護プレートが弱化され、過度な衝撃を受けると破壊される可能性があります。	
93503304	Buff	True	True	True	非常防御システム	RK-9のシステムが過度な衝撃を感知し、非常防御システムを稼動しました。RK-9の防御力と攻撃力が増加します。	icon_status.dimensionguard_tex
93503400	Buff	False	True	False	見えたらBTS	このNPCは異常状態の持続時間の間、保護プロトコルパターンを実行できません	
93503401	Buff	True	True	True	プロトコル実行中：保護	RK-9のシステムが危険を感知して保護プロトコルを実行しました。保護プロトコルが実行されると、侵入者をすべて排除します。	icon_skills.emergencyshield_tex
93503402	Buff	False	True	False	見えたらBTS	このNPCは、保護プロトコルの実行中、過度な衝撃によりシステムが一時ダウンしました。5000ms間行動できません。	
93503500	Buff	False	True	False	見えたらBTS	レーダーシステムパターンで近距離爆発を使用しませんでした。	
93503501	Buff	False	True	False	見えたらBTS	ノーマルモード1回退治	
93503502	Buff	False	True	False	見えたらBTS	ハードモード1回退治	
93503503	Buff	False	True	False	見えたらBTS	ハードモード77回退治	
93504000	WeakeningEffect	True	True	True	強力な磁場	強力な磁場の影響でスキルを使用することができません。	icon_status.sealskill_tex
93504001	WeakeningEffect	True	True	False	感電状態	磁場回転装置に触れて、一時的な感電状態になったため移動できません。	icon_skills.excesselectron_tex
97000001	WeakeningEffect	True	False	True	餌食	空腹の子グモがあなたを追っています。	icon_status.curse_tex
97000002	WeakeningEffect	True	True	True	満腹感	お腹がいっぱいで休息をとっています。	icon_status.sleepstatus_tex
97000003	WeakeningEffect	True	True	False	子グモの強力な毒	子グモの毒に感染され、移動速度が減少し、$H_W_BAD0$COLOR_END second1ごとに全HP対比$H_W_BAD10％$COLOR_ENDに至るＨＰが持続的に減少します。	icon_status.diseasedown_tex
97000004	Buff	True	True	False	クモの成長	重複するたびに移動速度$H_W_GOOD10%$COLOR_ENDと攻撃力$H_W_GOOD20%$COLOR_ENDが向上します。	icon_status.darkriftrecovery_tex
97000005	WeakeningEffect	True	False	False	雌の針	色用	icon_skills.voidtrap_tex
97000006	WeakeningEffect	False	False	True	空腹の子グモの餌食	空腹の子グモがあなたを追っています。	icon_skills.voidtrap_tex
97000007	WeakeningEffect	True	True	False	精神集中	復活したベルベロスが何かに集中しています。ダウン時に弱化状態になります。	icon_status.minusfocus_tex
97000008	WeakeningEffect	True	False	False	ラケリス_透明NPC_ハート	ハート	icon_skills.voidtrap_tex
97000009	WeakeningEffect	True	False	False	ラケリス_透明NPC_ダイヤ	ダイヤ	icon_skills.voidtrap_tex
97000010	WeakeningEffect	True	False	False	ラケリス_透明NPC_クローバ	クローバ	icon_skills.voidtrap_tex
97000011	WeakeningEffect	True	False	False	ラケリス_透明NPC_スペード	スペード	icon_skills.voidtrap_tex
97000012	WeakeningEffect	True	False	False	ラケリス_透明NPC_三角	三角	icon_skills.voidtrap_tex
97000013	WeakeningEffect	True	True	False	ラケリス_PC_ハート	ハート	icon_skills.voidtrap_tex
97000014	WeakeningEffect	True	True	False	ラケリス_PC_ダイヤ	ダイヤ	icon_skills.voidtrap_tex
97000015	WeakeningEffect	True	True	False	ラケリス_PC_クローバ	クローバ	icon_skills.voidtrap_tex
97000016	WeakeningEffect	True	True	False	ラケリス_PC_スペード	スペード	icon_skills.voidtrap_tex
97000017	WeakeningEffect	True	True	False	ラケリス_PC_三角	三角	icon_skills.voidtrap_tex
97000018	WeakeningEffect	True	True	False	ラケリス_PC_(逆)ハート	(逆)ハート	icon_status.confuseup_tex
97000019	WeakeningEffect	True	True	False	ラケリス_PC_(逆)ダイヤ	(逆)ダイヤ	icon_status.confuseup_tex
97000020	WeakeningEffect	True	True	False	ラケリス_PC_(逆)クローバ	(逆)クローバ	icon_status.confuseup_tex
97000021	WeakeningEffect	True	True	False	ラケリス_PC_(逆)スペード	(逆)スペード	icon_status.confuseup_tex
97000022	WeakeningEffect	True	True	False	ラケリス_PC_(逆)三角	(逆)三角	icon_status.confuseup_tex
97000023	WeakeningEffect	False	True	False	消滅	異常状態ツールチップ表示なし(isShow=False)このツールチップが見えたらBTS処理が必要！	icon_status.delaydamage_tex
97000024	Stun	True	False	False	気絶 VIII	気絶した状態で動けません。	icon_status.confuseup_tex
97000025	DamageOverTime	True	False	False	ラケリスが残した致命傷	$H_W_BAD1$COLOR_END secondごとに全HP対比 $H_W_BAD20％$COLOR_ENDに至るHPが持続的に減少します。	icon_status.injuredbtdarkness_tex
97000026	DamageOverTime	True	False	False	ラケリスが残した傷	$H_W_BAD2$COLOR_END second1ごとに全HP対比 $H_W_BAD10％$COLOR_ENDに至るHPが持続的に減少します。	icon_status.injuredbtdarkness_tex
97000027	WeakeningEffect	True	True	False	覚醒したリリス(3ネームド)_集中攻撃	覚醒したリリス(3ネームド)_集中攻撃	icon_status.diseaseup_tex
97000028	WeakeningEffect	True	True	False	覚醒したリリス(3ネームド)_集中攻撃_発射	覚醒したリリス(3ネームド)_集中攻撃_発射	icon_status.diseaseup_tex
97000029	WeakeningEffect	False	False	False	覚醒したリリス(3ネームド)_カードパターン開始	覚醒したリリス(3ネームド)_カードパターン開始	icon_skills.voidtrap_tex
97000030	WeakeningEffect	False	False	False	覚醒したリリス(3ネームド)_カードパターンチェック用	覚醒したリリス(3ネームド)_カードパターンチェック用	icon_skills.voidtrap_tex
97000031	Buff	False	True	False	ラケリス(3ネームド)_発射体チェック用	ラケリス(3ネームド)_発射体チェック用	
97000032	DamageOverTime	True	True	False	ラケリスの呪い	冥々たるラケリスから受けるダメージが50％増加します。またラケリスの魂の球体から2倍のダメージを受けます。	icon_status.minusdefence_tex
97000033	DamageOverTime	True	True	False	ラカンの力	重複するたびに攻撃速度が$H_W_GOOD10%$COLOR_ENDずつ増加します。	icon_status.plusciriticalresist_tex
97000034	DamageOverTime	False	True	False	ラケリス_バフ_3重複チェック	3重複チェック用異常状態	icon_status.injuredbtdarkness_tex
97000035	DamageOverTime	True	True	False	完成されたラカンの力	力が$H_W_GOOD1000%$COLOR_END上昇し、攻撃速度が$H_W_GOOD50%$COLOR_END増加します。	icon_status.archerspirit_tex
97000036	WeakeningEffect	False	False	False	発射体(-70％)	発射体(-70％)	icon_status.injuredbtdarkness_tex
97000037	WeakeningEffect	False	False	False	発射体(-30％)	発射体(-30％)	icon_status.injuredbtdarkness_tex
97000038	WeakeningEffect	False	False	False	呪い 2重複_死亡	呪い 2重複_死亡	icon_status.injuredbtdarkness_tex
97000039	WeakeningEffect	False	False	False			
97000040	Buff	True	False	True	ダークリッパ-の怒り	ダークリッパーの魂が宿っています。	icon_status.delayheal_tex
97000041	Buff	True	False	True	クリューエルハウンドの怒り	クリューエルハウンドの魂が宿っています。	icon_status.delaympgain_tex
97000042	WeakeningEffect	True	True	False	ダークリッパ-の怒り	持続時間が終了するか、重複すると死亡します。	icon_status.delayheal_tex
97000043	WeakeningEffect	True	True	False	クリューエルハウンドの怒り	持続時間が終了するか、重複すると死亡します。	icon_status.delaympgain_tex
97000044	WeakeningEffect	False	False	False	ラケリス(1ネームド) 2重複_死亡	ラケリス(1ネームド) 2重複_死亡	icon_status.injuredbtdarkness_tex
97000045	WeakeningEffect	True	True	True	ラケリス(3ネームド) 透明NPC保護用	ラケリス(3ネームド) 透明NPC保護用	icon_skills.voidtrap_tex
97000046	Stun	True	False	False	気絶	気絶した状態で動けません。	icon_status.confuseup_tex
97000047	Stun	True	False	False	気絶	気絶した状態で動けません。	icon_status.confuseup_tex
97000048	Buff	False	True	False	ラケリス_クモの卵食べさせるレコードチェック用	ラケリス_クモの卵食べさせるレコードチェック用	icon_status.smile_firecracker_abnormality_tex
97000049	Buff	False	True	False	冥々たるラケリス_クモの卵食べさせるレコードチェック用	冥々たるラケリス_クモの卵食べさせるレコードチェック用	icon_status.smile_firecracker_abnormality_tex
97000050	Buff	False	True	False	冥々たるラケリス_魂救済レコードチェック用	冥々たるラケリス_魂救済レコードチェック用	icon_status.smile_firecracker_abnormality_tex
97000051	WeakeningEffect	True	False	False	子グモの毒	子グモの毒に感染され、移動速度が減少し、$H_W_BAD0$COLOR_END second1ごとに全HP対比$H_W_BAD5％$COLOR_ENDに至るＨＰが持続的に減少します。	icon_status.diseasedown_tex
97000052	DamageOverTime	True	True	False	力強いラケリスの呪い	冥々たるラケリスから受けるダメージが50％増加し、ラケリスの魂の躯体から2倍のダメージを受けます。重複すると死亡します。	icon_status.minusdefence_tex
97500100	DamageOverTime	True	False	False	破滅の業火	$H_W_BAD2$COLOR_END second1毎に全HPの$H_W_BAD7％$COLOR_ENDが減少し、持続時間が過ぎると対象者は即死します。$BRこの効果は、「破滅の冷気」でのみ解除することができます。	icon_status.firedamage_tex
97500250	Buff	True	True	False	強固な結界	全てのデバフを受け付けません。効果持続中、ダウン/硬直状態になりません。	icon_status.immunedebuff_tex
97500400	DamageOverTime	True	False	False	報復の結界	$H_W_BAD5$COLOR_END second1毎に全HPの$H_W_BAD20％$COLOR_ENDが減少し、近距離攻撃スキルの威力が$H_W_BAD60%$COLOR_END減少します。$BR結界の効果は解除できません。	icon_status.minuscritical_tex
97500500	DamageOverTime	True	False	False	懲戒の結界	$H_W_BAD5$COLOR_END second1毎に全HPの$H_W_BAD20％$COLOR_ENDが減少し、遠距離攻撃スキルの威力が$H_W_BAD60%$COLOR_END減少します。$BR結界の効果は解除できません。	icon_status.minorexhaustion_tex
97500600	DamageOverTime	True	False	False	死の結界	$H_W_BAD2$COLOR_END second1毎に全HPの$H_W_BAD1％$COLOR_ENDが減少し、効果持続中はHPの回復はできません。$BR結界の効果は解除できません。	icon_status.minusfocus_tex
97501100	DamageOverTime	True	False	False	破滅の冷気	$H_W_BAD2$COLOR_END second1毎に全HPの$H_W_BAD7％$COLOR_ENDが減少し、持続時間が過ぎると対象者は即死します。$BRこの効果は、「破滅の業火」でのみ解除することができます。	icon_status.icedamage_tex
97501200	Stun	True	False	False	ケルサイクの憤怒	気絶しているため動けません。この効果は解除できません。	icon_status.confuseup_tex
97501300	DamageOverTime	True	False	False	ケルサイクの呪魂	重複する度に、力が$H_W_GOOD200%$COLOR_END上昇しますが、$H_W_BAD1$COLOR_END second毎に全HPの$H_W_BAD0.5％$COLOR_ENDが減少します。効果は最大99回まで重複します。	icon_status.diseaseup_tex
97501400	DamageOverTime	True	False	False	地獄の業火	$H_W_BAD2$COLOR_END second1毎に全HPの$H_W_BAD7％$COLOR_ENDが減少し、持続時間が過ぎると対象者は即死します。$BRこの効果は、「破滅の業火」または「破滅の冷気」でのみ解除することができます。	icon_status.poisonstatus_tex
97501500	Buff	True	True	False	破滅の鎧	最大$H_W_GOOD3000000$COLOR_ENDのダメージを無効化します。最大値を超えると、結界は破壊されます。持続時間内に破壊できない場合、その効果により全ての対象プレイヤーは死亡し、ケルサイクは破滅の憤怒に飲み込まれます！	icon_skills.manashield_tex
97502100	Buff	True	True	False	ケルサイクの威容	重複する度に、力が$H_W_GOOD30%$COLOR_END上昇します。効果は最大99回まで重複します。	icon_status.damageup_tex
97502200	Buff	True	True	False	ケルサイクの守護	強力な守護の力によりケルサイクの耐久力が$H_W_GOOD4倍$COLOR_END上昇します。$BRこの効果は解除できません。	icon_status.plusedefence_tex
97502400	WeakeningEffect	True	False	False	奴隷です	ケルサイクの奴隷になり、周辺の全ての味方が敵になりました。	icon_status.cruel_slayer_1_tex
97502500	Stun	True	False	False	怖じ気づく	轟音に怖じ気づきました。	icon_status.fearstatus_tex
97502600	Stun	True	False	False	制御不能	みんなで踊りましょう。そしてみんな死ぬのです。	icon_status.confusestatusnpc_tex
97502700	Buff	True	True	True	復活禁止	復活できません。	icon_items.q_closedspace_stone_05_tex
97502800	Buff	True	True	True	ヴェリックパワー	団結すると強くなります。10m以内のプレイヤーにバフを伝達します。	icon_status.plusattack_tex
97503000	WeakeningEffect	True	False	False	神の憤怒	効果が重複する毎に回復量が減少し、ダメージが増加します。	icon_status.minusdefence_tex
97503100	WeakeningEffect	True	False	False	破滅の火種	終了後、周囲20mに強力なダメージと火炎地域を出現させます。	icon_skills.voidtrap_tex
97503400	WeakeningEffect	True	False	False	火炎砲弾	ダメージ爆弾	icon_status.poisonstatus_tex
97503500	WeakeningEffect	True	False	False	冷気の砲弾	遅くなる爆弾	icon_status.minusmove_tex
97503600	WeakeningEffect	False	False	False	ケルサイクの火花	終了後、一人では耐えられない強力なダメージを与えます。	icon_status.minusmove_tex
97503700	WeakeningEffect	True	True	True	大砲免疫	大砲に当たってもダメージを受けません。	icon_status.plusedefence_tex
97503800	WeakeningEffect	True	True	True	ケルサイクの巣_専用_中間ボス移動速度上昇_オーラ	周囲5mの味方に移動速度上昇	icon_status.plusmove_tex
97504000	WeakeningEffect	True	True	True	ケルサイクの巣_専用_ボス周辺無敵_オーラ	周囲10mの味方に無敵バリア	icon_status.plusedefence_tex
97504200	WeakeningEffect	True	True	False	ケルサイクの憤怒	攻撃力が$H_W_GOOD50％$COLOR_END、攻撃速度が$H_W_GOOD30％$COLOR_END上昇します。この効果は解除できません。	icon_status.plusattack_tex
97504300	WeakeningEffect	True	False	False	ケルサイクの挑発	力と攻撃速度が$H_W_GOOD50%$COLOR_END上昇します。ただし、この効果が消えると死亡します。	icon_status.poisonstatus_tex
97900001	WeakeningEffect	True	False	False	集中攻撃	耐久力が減少します。$H_W_BAD1%$COLOR_END	icon_status.plusedefence_tex
97950001	Buff	True	True	False	元素の力	$time間、元素の力を使用することができ、効果持続中はダウン/硬直が発生しません。.	icon_status.darkriftdestroy_tex
97950002	Buff	True	True	False	元素の力 I	$time間、元素の力を使用することができ、効果持続中はダウン/硬直が発生しません。.	icon_status.darkriftdestroy_tex
97950003	Buff	True	True	False	元素の力 II	$time間、元素の力を使用することができ、効果持続中はダウン/硬直が発生しません。.	icon_status.darkriftdestroy_tex
97950004	Buff	True	True	False	元素の力 III	$time間、元素の力を使用することができ、効果持続中はダウン/硬直が発生しません。.	icon_status.darkriftdestroy_tex
97950005	DamageOverTime	True	True	False	元素の力：火傷	$H_W_BAD2$COLOR_END second1毎に全HPの$H_W_BAD10%$COLOR_ENDが減少します。	icon_status.firedamage_tex
97950006	WeakeningEffect	True	True	False	元素の力：粘着毒	粘着性のある毒により、移動速度が大幅に減少します。	icon_status.minusmove_tex
97950007	WeakeningEffect	True	True	False	元素の力：冷気	強力な冷気によって移動速度が減少し、10秒後に凍結します。	icon_status.aura_of_wind_tex
97950008	Stun	True	False	False	元素の力：凍結	強力な冷気によって凍結します。	icon_status.icedamage_tex
97950009	Buff	True	True	False	ダルカンの翼	戦闘開始時、スキル命中時、ダメージ発生時に解除されるダルカンの翼。	icon_status.descentofdarkness_tex
97950010	Stun	True	False	False	気絶	サイクロプスの攻撃により気絶しています。	icon_status.confuseup_tex
97950011	Buff	False	True	True	無敵	見える場合BTS処理が必要です。	icon_status.plusedefence_tex
97950012	Buff	False	True	True	ソウルリーパー VIPスキル使用不可	見える場合BTS処理が必要です。	icon_status.plusedefence_tex
98000000	WeakeningEffect	False	False	False	バナナの木破壊チェック	異常状態ツールチップ非表示（isShow=False）このツールチップが出たらBTS処理が必要です。	icon_skills.voidtrap_tex
98000001	WeakeningEffect	False	False	False	薬草破壊チェック	異常状態ツールチップ非表示（isShow=False）このツールチップが出たらBTS処理が必要です。	icon_status.confuseup_tex
98000002	WeakeningEffect	False	False	False	死体破壊チェック	異常状態ツールチップ非表示（isShow=False）このツールチップが出たらBTS処理が必要です。	icon_status.minuscriticalresist_tex
98000003	WeakeningEffect	False	True	False	大猿無敵	異常状態ツールチップ非表示（isShow=False）このツールチップが出たらBTS処理が必要です。	icon_skills.voidtrap_tex
98000004	Buff	False	True	False	大猿完全透明	異常状態ツールチップ非表示（isShow=False）このツールチップが出たらBTS処理が必要です。	icon_status.immunedebuff_tex
98000005	WeakeningEffect	False	False	False	最初の猿の召喚チェック用 	異常状態ツールチップ非表示（isShow=False）このツールチップが出たらBTS処理が必要です。	icon_skills.voidtrap_tex
98000006	WeakeningEffect	False	False	False	2番目の猿召喚チェック用	異常状態ツールチップ非表示（isShow=False）このツールチップが出たらBTS処理が必要です。	icon_status.confuseup_tex
98000007	WeakeningEffect	False	False	False	3番目の猿召喚チェック用	異常状態ツールチップ非表示（isShow=False）このツールチップが出たらBTS処理が必要です。	icon_status.minuscriticalresist_tex
98000008	Buff	False	True	False	HP完全回復	異常状態ツールチップ非表示（isShow=False）このツールチップが出たらBTS処理が必要です。	icon_items.artisan_potion_tex
98000010	WeakeningEffect	False	False	False	バナナの木の存在チェック	異常状態ツールチップ非表示（isShow=False）このツールチップが出たらBTS処理が必要です。	icon_skills.voidtrap_tex
98000011	WeakeningEffect	False	False	False	薬草存在チェック	異常状態ツールチップ非表示（isShow=False）このツールチップが出たらBTS処理が必要です。	icon_status.confuseup_tex
98000012	WeakeningEffect	False	False	False	死体存在チェック	異常状態ツールチップ非表示（isShow=False）このツールチップが出たらBTS処理が必要です。	icon_status.minuscriticalresist_tex
98000013	WeakeningEffect	False	False	False	バナナの木パターン開始チェック	異常状態ツールチップ非表示（isShow=False）このツールチップが出たらBTS処理が必要です。	icon_skills.voidtrap_tex
98000014	WeakeningEffect	False	False	False	薬草パターン開始チェック	異常状態ツールチップ非表示（isShow=False）このツールチップが出たらBTS処理が必要です。	icon_status.confuseup_tex
98000015	WeakeningEffect	False	False	False	死体パターン開始チェック	異常状態ツールチップ非表示（isShow=False）このツールチップが出たらBTS処理が必要です。	icon_status.minuscriticalresist_tex
98000016	Buff	True	True	False	森の力	分身を倒しました！しばらくの間、奪った力により、力が10%上昇します。この効果は重複します。	icon_status.plusattack_tex
98000017	WeakeningEffect	False	True	False	森の呪い	分身を倒せませんでした。呪いの力により、力が10%減少します。この効果は重複します。	icon_status.minusdefence_tex
98000018	Stun	True	False	False	森の叫び	気絶しているため、動けません。	icon_status.confuseup_tex
98000019	WeakeningEffect	False	True	False	猿無敵	異常状態ツールチップ非表示（isShow=False）このツールチップが出たらBTS処理が必要です。	icon_skills.voidtrap_tex
98000020	WeakeningEffect	False	True	False	消滅	異常状態ツールチップ非表示（isShow=False）このツールチップが出たらBTS処理が必要です。	icon_status.delaydamage_tex
98000021	WeakeningEffect	False	False	False	本物の猿死亡チェック用 	異常状態ツールチップ非表示（isShow=False）このツールチップが出たらBTS処理が必要です。	icon_skills.voidtrap_tex
98000022	WeakeningEffect	False	True	False	偽の猿死亡チェック用 	異常状態ツールチップ非表示（isShow=False）このツールチップが出たらBTS処理が必要です。	icon_status.confuseup_tex
98000023	WeakeningEffect	True	False	False	回復不可	トゥンガの呪いにかかった！しばらくの間、HPを回復することができません。	icon_status.poisondown_tex
98000024	WeakeningEffect	False	False	False	ユーザー存在チェック用	異常状態ツールチップ表示されない (isShow=False) このツールチップが見えたら BTS処理必要！	icon_skills.voidtrap_tex
98000025	Buff	False	True	False	落下無敵	落下によるダメージを受けません。	icon_items.q_feather_tex
98000030	Buff	False	True	False	半透明化	異常状態ツールチップ非表示（isShow=False）このツールチップが出たらBTS処理が必要です。	icon_status.immunedebuff_tex
98000031	Stun	False	False	False	アグロ消去	異常状態ツールチップ表示されない (isShow=False) このツールチップが見えたら BTS処理必要！	icon_status.diffusionabnormality_tex
98000039	Buff	True	True	False	自然の手	異常状態ツールチップ非表示（isShow=False）このツールチップが出たらBTS処理が必要です。	icon_items.artisan_potion_tex
98000040	Buff	True	True	False	自然の温もり 	異常状態ツールチップ非表示（isShow=False）このツールチップが出たらBTS処理が必要です。	icon_items.potion5_tex
98000041	Buff	True	True	False	自然の偉大さ	自然の偉大さが感じられます。力が$H_W_GOOD10%$COLOR_END増加します。最大5回まで重複されます。	icon_status.plusattack_tex
98000042	WeakeningEffect	False	False	False	本物の猿死亡チェック用 II	異常状態ツールチップ非表示（isShow=False）このツールチップが出たらBTS処理が必要です。	icon_status.minuscriticalresist_tex
98000043	WeakeningEffect	False	False	False	硬い石破壊チェック	異常状態ツールチップ非表示（isShow=False）このツールチップが出たらBTS処理が必要です。	icon_status.confuseup_tex
98000045	Buff	True	True	False	森の祝福	長い間、森の中で生きてきた霊物は、森の加護により防御力が高くなっています。この効果は、「ブレッシングデバフ」や「フィーブルプレディクション」で解除できます。	icon_status.plusedefence_tex
98000049	WeakeningEffect	False	False	False	卵の存在チェック 	異常状態ツールチップ非表示（isShow=False）このツールチップが出たらBTS処理が必要です。	icon_skills.voidtrap_tex
98000050	WeakeningEffect	False	False	False	卵の破壊チェック	異常状態ツールチップ非表示（isShow=False）このツールチップが出たらBTS処理が必要です。	icon_skills.voidtrap_tex
98000060	Buff	True	True	False	ハルキアの怒り	ハルキアが怒りが上昇しています。攻撃力と攻撃速度が大幅に上昇します。 	icon_status.plusattack_tex
98000061	Buff	True	True	False	ハルキアの狂奔	ハルキアの怒りが頂天に達し、暴れ始めます。もう、誰も止めることはできません！	icon_skills.berserk_tex
98000062	WeakeningEffect	False	True	True	アグロ10倍獲得	異常状態ツールチップ非表示（isShow=False）このツールチップが出たらBTS処理が必要です。	icon_status.darkriftrage_tex
98000063	Buff	True	True	False	司祭の加護	10秒間、HPが1秒あたり1%ずつ回復します。	icon_status.aura_of_regeneration_hp_tex
98000064	Buff	True	True	False	司祭の祝福	防御力が10%減少します。	icon_status.plusedefence_tex
98000065	Buff	True	True	False	魔術師の狂乱	「魔術師の狂乱」が。重複当たりクリティカル発生が10%ずつ上昇します。	icon_status.plusattack_tex
98000067	Buff	True	True	False	ハルキアの怒り	ハルキアが憤怒します、攻撃力が50%上昇します。	icon_skills.berserk_tex
98000070	Buff	True	True	False	自然の温もり	自然は誰にでも公平です。この效果は重複当たり2秒に体力が0.1%ずつ回復します。最大50回まで重複します。	icon_status.aura_of_regeneration_hp_tex
98000071	WeakeningEffect	True	True	False	弱化	気絶や睡眠に対する抵抗が非常に低くなります。	icon_status.holybless_tex
98000072	WeakeningEffect	True	False	False	回復不可	しばらくの間、HPを回復できません。	icon_status.poisondown_tex
98000073	WeakeningEffect	False	True	False	リアクション無敵	異常状態ツールチップ非表示（isShow=False）このツールチップが出たらBTS処理が必要です。	icon_status.risindagon_tex
98000074	WeakeningEffect	False	True	False	スタン可能	異常状態ツールチップ非表示（isShow=False）このツールチップが出たらBTS処理が必要です。	icon_status.risindagon_tex
98000080	WeakeningEffect	False	False	False	最初の卵チェック用	異常状態ツールチップ非表示（isShow=False）このツールチップが出たらBTS処理が必要です。	icon_skills.voidtrap_tex
98000081	WeakeningEffect	False	False	False	2番目の卵チェック用	異常状態ツールチップ非表示（isShow=False）このツールチップが出たらBTS処理が必要です。	icon_status.confuseup_tex
98000082	WeakeningEffect	False	False	False	3番目の卵チェック用	異常状態ツールチップ非表示（isShow=False）このツールチップが出たらBTS処理が必要です。	icon_status.minuscriticalresist_tex
98000083	WeakeningEffect	False	False	False	火炎魔獣の首飾り効果適用妨害用	異常状態ツールチップ表示されない (isShow=False) このツールチップが見えたら BTS処理必要！	icon_status.minuscriticalresist_tex
98000084	WeakeningEffect	False	False	False	火炎魔獣の首飾り効果適用妨害用	異常状態ツールチップ表示されない (isShow=False) このツールチップが見えたら BTS処理必要！	icon_status.minuscriticalresist_tex
98000090	Buff	True	True	False	強靭な肌	ハルキアの皮膚が固くなり、効果が重複する毎に防御力が20％ずつ上昇します。この効果は、「ブレッシングデバフ」で解除できます。	icon_status.plusedefence_tex
98000091	DamageOverTime	True	False	False	出血	ひな鳥の強烈な攻撃により、出血が発生します。移動速度が$H_W_BAD0,5$COLOR_END減少し、$H_W_BAD3$COLOR_END second1毎に全HPの$H_W_BAD6％$COLOR_ENDが減少します。	icon_status.minuscriticalresist_tex
98000092	Buff	True	True	False	雛の祝福	$H_W_GOOD3$COLOR_END second1毎に全HPの$H_W_GOOD0.33％$COLOR_ENDが回復します。効果は最大3回まで重複します。	icon_status.aura_of_regeneration_hp_tex
98000093	Stun	False	False	False	0.1秒スタン	異常状態ツールチップ非表示（isShow=False）このツールチップが出たらBTS処理が必要です。	icon_status.confuseup_tex
98000094	Buff	False	False	False	祝福解除	異常状態ツールチップ非表示（isShow=False）このツールチップが出たらBTS処理が必要です。	icon_status.minuscriticalresist_tex
98000095	Buff	True	True	False	司祭の手	HPが30000回復します。	icon_items.potion5_tex
98000097	WeakeningEffect	False	True	False	2秒無敵	異常状態ツールチップ非表示（isShow=False）このツールチップが出たらBTS処理が必要です。	icon_skills.voidtrap_tex
98000098	WeakeningEffect	False	True	False	10秒無敵	異常状態ツールチップ非表示（isShow=False）このツールチップが出たらBTS処理が必要です。	icon_skills.voidtrap_tex
98000099	WeakeningEffect	False	False	False	均衡喪失	異常状態ツールチップ非表示（isShow=False）このツールチップが出たらBTS処理が必要です。	icon_status.minuscriticalresist_tex
98000100	Buff	True	True	False	司祭バフポーション	プリーストの加護 - ブレシングアルン III、ブレシングシャラ V、シークレッドサンダーが適用されます。力25、耐久力11、体力持続回復、全ての状態異常抵抗5、力40、攻撃速度8が適用されます。	icon_skills.attackup_tex
98000101	Buff	True	True	False	精霊士バフポーション	エレメンタリストの加護 - レイジオーラ II、インサニティーエレメンタル III、フォグオーラ IV、プロテクションエレメント紋章耐久力増加が適用されます。クリティカル発生2.2倍、力40、攻撃速度6、クリティカル抵抗40%、耐久力10%が適用されます。インサニティーエレメンタルはプリーストのバフの中、シークレッドサンダーに下位重複されます。	icon_status.plusecritical_tex
98000102	Buff	True	True	False	デイリープレイガイドバフポーション	力が6、最大HPが5％、非戦闘状態の移動速度が20上昇します。	
98000103	Buff	True	True	True	守護の連係 III	全攻撃スキルによる敵対値が$H_W_GOOD20%$COLOR_END、攻撃速度が$H_W_GOOD4%$COLOR_END上昇します。受けるダメージが$H_W_GOOD10%$COLOR_END減少し、ダウン/硬直発生率も$H_W_GOOD30%$COLOR_END減少します。	
98000104	Buff	True	True	True	攻撃の連係 III	スキルダメージが$H_W_GOOD10%$COLOR_END、攻撃速度が$H_W_GOOD4%$COLOR_END上昇し、受けるダメージが$H_W_GOOD10%$COLOR_END減少します。	
98000105	Buff	True	True	True	回復の連係 III	スキルダメージが$H_W_GOOD10%$COLOR_END、攻撃速度が$H_W_GOOD4%$COLOR_END上昇し、受けるダメージが$H_W_GOOD10%$COLOR_END減少します。	
98000106	WeakeningEffect	True	False	False	耐久力減少［弱化の紋章］	耐久力が$H_W_BAD10%$COLOR_END減少します。	icon_crest.crestactivedefencedown_tex
98000107	Buff	True	True	False	シークレッドサンダー VI	力が$H_W_GOOD48$COLOR_END、攻撃速度が$H_W_GOOD9,6$COLOR_END上昇します。	icon_skills.divinelightning_tex
98000108	Buff	True	True	False	耐久力上昇［協同の紋章］	耐久力が$H_W_GOOD10%$COLOR_END上昇します。	icon_crest.crestactivedefenceup_tex
98000109	Buff	True	True	False	ブレシングアルン III	アルンの祝福を受け、非戦闘状態での移動速度が$H_W_GOOD10$COLOR_END上昇し、力が $H_W_GOOD25$COLOR_END上昇します。	icon_skills.attackup_tex
98000110	Buff	True	True	False	ブレシングシャラ V	シャラの祝福を受け、$H_W_GOOD2秒$COLOR_END毎にHPが持続的に回復され、耐久力が11、全ての状態異常抵抗が5上昇します。	icon_skills.agilitybless_tex
98850001	Buff	False	True	False	豊穣の祝福	報酬率が０％増加します。	icon_items.tresurebox3_tex
98850002	Buff	True	True	False	豊穣の祝福 I	豊穣の魔石を守護し報酬率が25％増加します。	icon_items.tresurebox3_tex
98850003	Buff	True	True	False	豊穣の祝福 II	豊穣の魔石を守護し報酬率が50％増加します。	icon_items.tresurebox3_tex
98850004	Buff	True	True	False	豊穣の祝福 III	豊穣の魔石を守護し報酬率が75％増加します。	icon_items.tresurebox3_tex
98850005	Buff	True	True	False	豊穣の祝福 IV	豊穣の魔石を守護し報酬率が100％増加します。	icon_items.tresurebox3_tex
98850006	WeakeningEffect	True	True	False	幻影の悪夢	内面に秘めていた恐怖の記憶が具現化し、悪夢のような出来事が起きます。敵の攻撃力と攻撃速度が大きく上昇します。	icon_status.plusattack_tex
98850010	WeakeningEffect	False	True	True			
98850011	WeakeningEffect	False	True	True	攻撃速度上昇（10％）	重複毎に攻撃速度が$H_W_GOOD10%$COLOR_ENDずつ上昇します。解除できません。	icon_skills.berserk_tex
98850012	WeakeningEffect	False	True	True	攻撃速度上昇（20％）	重複毎に攻撃速度が$H_W_GOOD20%$COLOR_ENDずつ上昇します。解除できません。	icon_skills.berserk_tex
98850013	WeakeningEffect	False	True	True	攻撃速度上昇（30％）	重複毎に攻撃速度が$H_W_GOOD30%$COLOR_ENDずつ上昇します。解除できません。	icon_skills.berserk_tex
98850014	WeakeningEffect	False	True	True	攻撃速度上昇（40％）	重複毎に攻撃速度が$H_W_GOOD40%$COLOR_ENDずつ上昇します。解除できません。	icon_skills.berserk_tex
98850015	WeakeningEffect	False	True	True	攻撃速度上昇（50％）	重複毎に攻撃速度が$H_W_GOOD50%$COLOR_ENDずつ上昇します。解除できません。	icon_skills.berserk_tex
98850016	WeakeningEffect	False	True	True	攻撃速度上昇（70％）	重複毎に攻撃速度が$H_W_GOOD60%$COLOR_ENDずつ上昇します。解除できません。	icon_skills.berserk_tex
98850017	WeakeningEffect	False	True	True	攻撃速度上昇（70％）	重複毎に攻撃速度が$H_W_GOOD70%$COLOR_ENDずつ上昇します。解除できません。	icon_skills.berserk_tex
98850018	WeakeningEffect	False	True	True	攻撃速度上昇（80％）	重複毎に攻撃速度が$H_W_GOOD80%$COLOR_ENDずつ上昇します。解除できません。	icon_skills.berserk_tex
98850019	WeakeningEffect	False	True	True	攻撃速度上昇（90％）	重複毎に攻撃速度が$H_W_GOOD90%$COLOR_ENDずつ上昇します。解除できません。	icon_skills.berserk_tex
98850020	WeakeningEffect	False	True	True	攻撃速度上昇（100％）	重複毎に攻撃速度が$H_W_GOOD100%$COLOR_ENDずつ上昇します。解除できません。	icon_skills.berserk_tex
98850021	Buff	True	True	False	豊穣の祝福 V	ボーナスステージを通過したため、報酬率が100%増加します。	icon_items.tresurebox3_tex
98850022	Stun	True	False	False			
98850023	DamageOverTime	True	False	False	破滅の業火	$H_W_BAD2$COLOR_END second1毎に全HPの$H_W_BAD3％$COLOR_ENDが減少し、持続時間が過ぎると対象者は即死します。$BRこの効果は、「破滅の冷気」でのみ解除することができます。最大3回まで重複します。	icon_status.firedamage_tex
98850024	DamageOverTime	True	False	False	破滅の冷気	$H_W_BAD2$COLOR_END second1毎に全HPの$H_W_BAD3％$COLOR_ENDが減少し、持続時間が過ぎると対象者は即死します。$BRこの効果は、「破滅の業火」でのみ解除することができます。最大3回まで重複します。	icon_status.icedamage_tex
98850025	Stun	True	False	False	気絶 VIII	気絶しているため動けません。	icon_status.confuseup_tex
98850026	DamageOverTime	True	False	True	死の結界	結界が維持されている間、HP回復量が50％減少します。$BR「死の結界」は解除できません。	icon_status.minusfocus_tex
98850027	Buff	True	True	False	破滅の鎧	最大$H_W_GOOD11000000$COLOR_ENDのダメージを無効化します。最大値を超えると、結界は破壊されます。持続時間内に破壊できない場合、その効果により全ての対象プレイヤーは死亡し、ケルサイクは破滅の憤怒に飲み込まれます！	icon_skills.manashield_tex
98850028	WeakeningEffect	False	True	False			
98850029	Buff	True	True	False	破滅の憤怒	ケルサイクが怒り狂っています！　もはや何人といえどもケルサイクを止めることはできません……。	icon_status.confusestatusnpc_tex
98850030	WeakeningEffect	True	True	False	無敵	幻影の強力な力により、完全無欠な状態になりました。	icon_skills.voidtrap_tex
98850031	Buff	False	True	False	HP増加散布	重複する度に更新	icon_status.battlefieldbuff02_tex
98850032	Buff	False	True	False	耐久力増加散布	重複する度に更新	icon_status.battlefieldbuff02_tex
98850033	Buff	False	True	False	力増加散布	重複する度に更新	icon_status.battlefieldbuff02_tex
98850034	Buff	False	True	False	ドロップ率増加散布	重複する度に更新	icon_status.battlefieldbuff02_tex
98850035	WeakeningEffect	False	False	True	地下水路_1番部屋_モンスターオーバーレイ用	色用	icon_skills.voidtrap_tex
98850036	Buff	True	True	False	無敵	幻影の強力な力により、完全無欠な状態になりました。	icon_skills.voidtrap_tex
98850037	Stun	True	False	False	幻影の呪い［破壊］	持続時間が過ぎると対象者は即死します。この効果は解除できません。	icon_status.firedamage_tex
98850038	Stun	True	False	False	幻影の呪い［恐怖］	恐怖に慄き、逃げ出します。この効果はダウン時のみ解除されます。	icon_status.fearstatus_tex
98850039	Stun	True	False	False	幻影の呪い［沈黙］	効果持続中は全てのスキルを使用できません！　この効果は解除できません。	icon_status.sealskill_tex
98850040	Buff	True	True	False	グラドゥシの憤怒	幻影の強力な力でしばらくの間攻撃力と攻撃速度が大幅に増加します。	icon_skills.berserk_tex
98850041	DamageOverTime	True	False	False	セル・バースト［転移］	$H_W_BAD1$COLOR_END second毎に全HPの$H_W_BAD15％$COLOR_ENDが減少し、数秒後、HPが$H_W_BAD-30000$COLOR_END減少します。$BRセル・バースト[転移]は周囲に伝染します。	icon_status.delaydamage_tex
98850042	Buff	True	True	False	HP持続回復	$H_W_GOOD3$COLOR_END second1毎に全HPの$H_W_GOOD3％$COLOR_ENDが回復します。	icon_status.delayheal_tex
98850050	Buff	True	True	False	アルゴン状態	陽極磁場の効果を利用し、対象を全て捕獲します。$BRこの効果は解除できません。	icon_status.plusedefence_tex
98850051	Buff	True	True	False	カルゴン状態	陰極磁場の効果を利用し、対象を全て捕獲します。$BRこの効果は解除できません。	icon_status.plusedefence_tex
98850052	Buff	False	False	True	アルゴン	アルゴン	icon_status.plusabnormality_tex
98850053	Buff	False	False	True	カルゴン	カルゴン	icon_status.minusabnormality_tex
98850054	DamageOverTime	True	False	False	猛毒	致命的な毒により、$H_W_BAD1$COLOR_END second毎に全HPの$H_W_BAD5％$COLOR_ENDが減少します。	icon_status.poisonstatus_tex
98850055	Stun	True	False	False	睡眠 VII	深い眠りにつきました。ダメージを受けるとすぐに目覚めます。	icon_status.sleepstatus_tex
98850056	Stun	True	False	False	精神錯乱 VI	精神錯乱状態に陥りました！　移動する方向が、入力方向と反対になります。$BRこの効果は解除できません。	icon_status.confusestatuspc_tex
98850057	DamageOverTime	True	False	False	トゥルサの猛毒	致命的な毒により、$H_W_BAD3$COLOR_END second1毎に全HPの$H_W_BAD5％$COLOR_ENDが減少します。$BRこの効果は解除できません。	icon_status.poisonstatus_tex
98850058	WeakeningEffect	True	True	False	悩みの時間	5秒後に報酬を選択できます。	icon_status.plusedefence_tex
98850091	DamageOverTime	True	False	False	貪欲の波動	貪欲な考えが全身を駆け巡ります。持続時間終了時までに、憎悪の波動に更新しなければなりません。	icon_status.cruel_slayer_1_tex
98850092	DamageOverTime	True	False	False	憎悪の波動	憎悪の思いが膨らんでいきます。持続時間終了時までに、絶望の波動に更新しなければなりません。	icon_status.cruel_slayer_2_tex
98850093	DamageOverTime	True	False	False	絶望の波動	絶望の奈落に陥ります。90秒以内に貪欲の波動に更新しなければなりません。	icon_status.cruel_slayer_3_tex
98850094	DamageOverTime	True	False	False	貪欲の波動	貪欲な考えが全身を駆け巡ります。持続時間終了時までに、憎悪の波動に更新しなければなりません。	icon_status.cruel_slayer_1_tex
98850095	DamageOverTime	True	False	False	憎悪の波動	憎悪の思いが膨らんでいきます。持続時間終了時までに、絶望の波動に更新しなければなりません。	icon_status.cruel_slayer_2_tex
98850096	DamageOverTime	True	False	False	絶望の波動	絶望の奈落に陥ります。90秒以内に貪欲の波動に更新しなければなりません。	icon_status.cruel_slayer_3_tex
99000000	Stun	True	False	False	気絶 I	気絶しているため動けません。	icon_status.confuseup_tex
99000010	Stun	True	False	False	気絶 II	気絶しているため動けません。	icon_status.confuseup_tex
99000020	Stun	True	False	False	気絶 III	気絶しているため動けません。	icon_status.confuseup_tex
99000030	Stun	True	False	False	気絶 IV	気絶しているため動けません。	icon_status.confuseup_tex
99000040	Stun	True	False	False	気絶 V	気絶しているため動けません。	icon_status.confuseup_tex
99000050	Stun	True	False	False	気絶 VI	気絶しているため動けません。	icon_status.confuseup_tex
99000060	Stun	True	False	False	気絶 VII	気絶しているため動けません。	icon_status.confuseup_tex
99000070	Stun	True	False	False	気絶 VIII	気絶しているため動けません。	icon_status.confuseup_tex
99000080	Stun	True	False	False	アルゴン捕食者の権能	アルゴン捕食者の力により動けません。	icon_status.confuseup_tex
99000081	Buff	False	True	False	ノダイ	ツールチップ見えたらバグ	icon_skills.selfbuff_tex
99000082	WeakeningEffect	True	True	False	アーシャの犠牲	アーシャがティアランの力を引きだし、守護者を保護しています。	icon_skills.voidtrap_tex
99000083	Stun	True	False	False	アルゴン捕食者の権能	アルゴン捕食者の力により動けません。	icon_status.confuseup_tex
99000084	Buff	False	True	True	アルゴン捕食者の力	ツールチップ見えたらバグ	icon_status.plushp_tex
99000085	WeakeningEffect	True	True	False	アルゴン捕食者の保護	無敵状態となります。	icon_skills.voidtrap_tex
99000100	Buff	True	True	False	憤怒爆発 I	力が$H_W_GOOD10%$COLOR_END上昇します。	icon_status.plusattack_tex
99000110	Buff	True	True	False	憤怒爆発 II	力が$H_W_GOOD15%$COLOR_END上昇します。	icon_status.plusattack_tex
99000120	Buff	True	True	False	憤怒爆発 III	力が$H_W_GOOD20%$COLOR_END上昇します。	icon_status.plusattack_tex
99000130	Buff	True	True	False	憤怒爆発 IV	力が$H_W_GOOD25%$COLOR_END上昇します。	icon_status.plusattack_tex
99000140	Buff	True	True	False	憤怒爆発 V	力が$H_W_GOOD30%$COLOR_END上昇します。	icon_status.plusattack_tex
99000150	Buff	True	True	False	憤怒爆発 VI	力が$H_W_GOOD35%$COLOR_END上昇します。	icon_status.plusattack_tex
99000160	Buff	True	True	False	憤怒爆発 VII	力が$H_W_GOOD40%$COLOR_END上昇します。	icon_status.plusattack_tex
99000170	Buff	True	True	False	憤怒爆発 VIII	力が$H_W_GOOD45%$COLOR_END上昇します。	icon_status.plusattack_tex
99000200	Buff	True	True	False	固い意志 I	耐久力が$H_W_GOOD10%$COLOR_END上昇します。	icon_status.plusedefence_tex
99000210	Buff	True	True	False	固い意志 II	耐久力が$H_W_GOOD15%$COLOR_END上昇します。	icon_status.plusedefence_tex
99000220	Buff	True	True	False	固い意志 III	耐久力が$H_W_GOOD20%$COLOR_END上昇します。	icon_status.plusedefence_tex
99000230	Buff	True	True	False	固い意志 IV	耐久力が$H_W_GOOD25%$COLOR_END上昇します。	icon_status.plusedefence_tex
99000240	Buff	True	True	False	固い意志 V	耐久力が$H_W_GOOD30%$COLOR_END上昇します。	icon_status.plusedefence_tex
99000250	Buff	True	True	False	固い意志 VI	耐久力が$H_W_GOOD35%$COLOR_END上昇します。	icon_status.plusedefence_tex
99000260	Buff	True	True	False	固い意志 VII	耐久力が$H_W_GOOD40%$COLOR_END上昇します。	icon_status.plusedefence_tex
99000270	Buff	True	True	False	固い意志 VIII	耐久力が$H_W_GOOD45%$COLOR_END上昇します。	icon_status.plusedefence_tex
99000300	Buff	True	True	False	HP持続回復 I	$H_W_GOOD3$COLOR_END second1毎に全HPの$H_W_GOOD3％$COLOR_ENDが回復します。	icon_status.delayheal_tex
99000310	Buff	True	True	False	HP持続回復 II	$H_W_GOOD3$COLOR_END second1毎に全HPの$H_W_GOOD4％$COLOR_ENDが回復します。	icon_status.delayheal_tex
99000320	Buff	True	True	False	HP持続回復 III	$H_W_GOOD3$COLOR_END second1毎に全HPの$H_W_GOOD5％$COLOR_ENDが回復します。	icon_status.delayheal_tex
99000330	Buff	True	True	False	HP持続回復 IV	$H_W_GOOD3$COLOR_END second1毎に全HPの$H_W_GOOD6％$COLOR_ENDが回復します。	icon_status.delayheal_tex
99000340	Buff	True	True	False	HP持続回復 V	$H_W_GOOD3$COLOR_END second1毎に全HPの$H_W_GOOD7％$COLOR_ENDが回復します。	icon_status.delayheal_tex
99000350	Buff	True	True	False	HP持続回復 VI	$H_W_GOOD3$COLOR_END second1毎に全HPの$H_W_GOOD8％$COLOR_ENDが回復します。	icon_status.delayheal_tex
99000360	Buff	True	True	False	HP持続回復 VII	$H_W_GOOD3$COLOR_END second1毎に全HPの$H_W_GOOD9％$COLOR_ENDが回復します。	icon_status.delayheal_tex
99000370	Buff	True	True	False	HP持続回復 VIII	$H_W_GOOD3$COLOR_END second1毎に全HPの$H_W_GOOD10％$COLOR_ENDが回復します。	icon_status.delayheal_tex
99000400	DamageOverTime	True	False	False	猛毒 I	$H_W_BAD3$COLOR_END second1毎に全HPの$H_W_BAD1.2％$COLOR_ENDが減少します。	icon_status.poisonstatus_tex
99000410	DamageOverTime	True	False	False	猛毒 II	$H_W_BAD3$COLOR_END second1毎に全HPの$H_W_BAD1.4％$COLOR_ENDが減少します。	icon_status.poisonstatus_tex
99000420	DamageOverTime	True	False	False	猛毒 III	$H_W_BAD3$COLOR_END second1毎に全HPの$H_W_BAD1.6％$COLOR_ENDが減少します。	icon_status.poisonstatus_tex
99000430	DamageOverTime	True	False	False	猛毒 IV	$H_W_BAD3$COLOR_END second1毎に全HPの$H_W_BAD1.8％$COLOR_ENDが減少します。	icon_status.poisonstatus_tex
99000440	DamageOverTime	True	False	False	猛毒 V	$H_W_BAD3$COLOR_END second1毎に全HPの$H_W_BAD2％$COLOR_ENDが減少します。	icon_status.poisonstatus_tex
99000450	DamageOverTime	True	False	False	猛毒 VI	$H_W_BAD3$COLOR_END second1毎に全HPの$H_W_BAD2.2％$COLOR_ENDが減少します。	icon_status.poisonstatus_tex
99000460	DamageOverTime	True	False	False	猛毒 VII	$H_W_BAD3$COLOR_END second1毎に全HPの$H_W_BAD2.4％$COLOR_ENDが減少します。	icon_status.poisonstatus_tex
99000470	DamageOverTime	True	False	False	猛毒 VIII	$H_W_BAD3$COLOR_END second1毎に全HPの$H_W_BAD2.6％$COLOR_ENDが減少します。	icon_status.poisonstatus_tex
99000480	DamageOverTime	True	False	False	猛毒 IX	急性の猛毒に侵されました！　全HPの$H_W_BAD50％$COLOR_ENDが減少します。	icon_status.poisonstatus_tex
99000500	WeakeningEffect	True	False	False	身体拘束 I	移動速度が$H_W_BAD0,85$COLOR_END減少します。	icon_status.minusmove_tex
99000510	WeakeningEffect	True	False	False	身体拘束 II	移動速度が$H_W_BAD0,8$COLOR_END減少します。	icon_status.minusmove_tex
99000520	WeakeningEffect	True	False	False	身体拘束 III	移動速度が$H_W_BAD0,75$COLOR_END減少します。	icon_status.minusmove_tex
99000530	WeakeningEffect	True	False	False	身体拘束 IV	移動速度が$H_W_BAD0,7$COLOR_END減少します。	icon_status.minusmove_tex
99000540	WeakeningEffect	True	False	False	身体拘束 V	移動速度が$H_W_BAD0,65$COLOR_END減少します。	icon_status.minusmove_tex
99000550	WeakeningEffect	True	False	False	身体拘束 VI	移動速度が$H_W_BAD0,6$COLOR_END減少します。	icon_status.minusmove_tex
99000560	WeakeningEffect	True	False	False	身体拘束 VII	移動速度が$H_W_BAD0,55$COLOR_END減少します。	icon_status.minusmove_tex
99000570	WeakeningEffect	True	False	False	身体拘束 VIII	移動速度が$H_W_BAD0,5$COLOR_END減少します。	icon_status.minusmove_tex
99000580	DamageOverTime	True	False	False	出血	移動速度が$H_W_BAD0,5$COLOR_END減少し、$H_W_BAD3$COLOR_END second1毎に全HPの$H_W_BAD6％$COLOR_ENDが減少します。	icon_status.minuscriticalresist_tex
99000600	WeakeningEffect	True	False	False	疲労の呪い I	力が$H_W_BAD10%$COLOR_END減少します。	icon_status.minusattack_tex
99000610	WeakeningEffect	True	False	False	疲労の呪い II	力が$H_W_BAD15%$COLOR_END減少します。	icon_status.minusattack_tex
99000620	WeakeningEffect	True	False	False	疲労の呪い III	力が$H_W_BAD20%$COLOR_END減少します。	icon_status.minusattack_tex
99000630	WeakeningEffect	True	False	False	疲労の呪い IV	力が$H_W_BAD25%$COLOR_END減少します。	icon_status.minusattack_tex
99000640	WeakeningEffect	True	False	False	疲労の呪い V	力が$H_W_BAD30%$COLOR_END減少します。	icon_status.minusattack_tex
99000650	WeakeningEffect	True	False	False	疲労の呪い VI	力が$H_W_BAD35%$COLOR_END減少します。	icon_status.minusattack_tex
99000660	WeakeningEffect	True	False	False	疲労の呪い VII	力が$H_W_BAD40%$COLOR_END減少します。	icon_status.minusattack_tex
99000670	WeakeningEffect	True	False	False	疲労の呪い VIII	力が$H_W_BAD45%$COLOR_END減少します。	icon_status.minusattack_tex
99000680	DamageOverTime	True	False	False	執行官の強力な一撃	強力な一撃により出血します。移動速度が$H_W_BAD0,5$COLOR_END減少し、$H_W_BAD1$COLOR_END second毎に全HPの$H_W_BAD1％$COLOR_ENDが減少します。	icon_status.minuscriticalresist_tex
99000690	DamageOverTime	True	False	False	執行官の憤怒の火炎	燃え上がる炎により$H_W_BAD1$COLOR_END second毎に全HPの$H_W_BAD2％$COLOR_ENDが減少します。	icon_status.firedamage_tex
99000700	WeakeningEffect	True	False	False	弱化した意志 I	耐久力が$H_W_BAD10%$COLOR_END減少します。	icon_status.minusdefence_tex
99000710	WeakeningEffect	True	False	False	弱化した意志 II	耐久力が$H_W_BAD15%$COLOR_END減少します。	icon_status.minusdefence_tex
99000720	WeakeningEffect	True	False	False	弱化した意志 III	耐久力が$H_W_BAD20%$COLOR_END減少します。	icon_status.minusdefence_tex
99000730	WeakeningEffect	True	False	False	弱化した意志 IV	耐久力が$H_W_BAD25%$COLOR_END減少します。	icon_status.minusdefence_tex
99000740	WeakeningEffect	True	False	False	弱化した意志 V	耐久力が$H_W_BAD30%$COLOR_END減少します。	icon_status.minusdefence_tex
99000750	WeakeningEffect	True	False	False	弱化した意志 VI	耐久力が$H_W_BAD35%$COLOR_END減少します。	icon_status.minusdefence_tex
99000760	WeakeningEffect	True	False	False	弱化した意志 VII	耐久力が$H_W_BAD40%$COLOR_END減少します。	icon_status.minusdefence_tex
99000770	WeakeningEffect	True	False	False	弱化した意志 VIII	耐久力が$H_W_BAD45%$COLOR_END減少します。	icon_status.minusdefence_tex
99000780	WeakeningEffect	True	False	False	弱化した意志 IX	耐久力が$H_W_BAD60%$COLOR_END減少します。	icon_status.minusdefence_tex
99000800	Buff	True	True	False	移動速度上昇 I	移動速度が$H_W_GOOD10%$COLOR_END上昇します。	icon_status.plusmove_tex
99000810	Buff	True	True	False	移動速度上昇 II	移動速度が$H_W_GOOD15%$COLOR_END上昇します。	icon_status.plusmove_tex
99000820	Buff	True	True	False	移動速度上昇 III	移動速度が$H_W_GOOD20%$COLOR_END上昇します。	icon_status.plusmove_tex
99000830	Buff	True	True	False	移動速度上昇 IV	移動速度が$H_W_GOOD25%$COLOR_END上昇します。	icon_status.plusmove_tex
99000840	Buff	True	True	False	移動速度上昇 V	移動速度が$H_W_GOOD30%$COLOR_END上昇します。	icon_status.plusmove_tex
99000850	Buff	True	True	False	移動速度上昇 VI	移動速度が$H_W_GOOD35%$COLOR_END上昇します。	icon_status.plusmove_tex
99000860	Buff	True	True	False	移動速度上昇 VII	移動速度が$H_W_GOOD40%$COLOR_END上昇します。	icon_status.plusmove_tex
99000870	Buff	True	True	False	移動速度上昇 VIII	移動速度が$H_W_GOOD45%$COLOR_END上昇します。	icon_status.plusmove_tex
99000900	DamageOverTime	True	False	False	酷寒の冷気 I	全身が凍りつき、$H_W_BAD3$COLOR_END second1毎に全HPの1.5％が減少し、移動速度も$H_W_BAD0,9$COLOR_END減少します。	icon_status.icedamage_tex
99000910	DamageOverTime	True	False	False	酷寒の冷気 II	全身が凍りつき、$H_W_BAD3$COLOR_END second1毎に全HPの1.8％が減少し、移動速度も$H_W_BAD0,86$COLOR_END減少します。	icon_status.icedamage_tex
99000920	DamageOverTime	True	False	False	酷寒の冷気 III	全身が凍りつき、$H_W_BAD3$COLOR_END second1毎に全HPの2.1％が減少し、移動速度も$H_W_BAD0,82$COLOR_END減少します。	icon_status.icedamage_tex
99000930	DamageOverTime	True	False	False	酷寒の冷気 IV	全身が凍りつき、$H_W_BAD3$COLOR_END second1毎に全HPの2.4％が減少し、移動速度も$H_W_BAD0,78$COLOR_END減少します。	icon_status.icedamage_tex
99000940	DamageOverTime	True	False	False	酷寒の冷気 V	全身が凍りつき、$H_W_BAD3$COLOR_END second1毎に全HPの2.7％が減少し、移動速度も$H_W_BAD0,74$COLOR_END減少します。	icon_status.icedamage_tex
99000950	DamageOverTime	True	False	False	酷寒の冷気 VI	全身が凍りつき、$H_W_BAD3$COLOR_END second1毎に全HPの3％が減少し、移動速度も$H_W_BAD0,7$COLOR_END減少します。	icon_status.icedamage_tex
99000960	DamageOverTime	True	False	False	酷寒の冷気 VII	全身が凍りつき、$H_W_BAD3$COLOR_END second1毎に全HPの3.3％が減少し、移動速度も$H_W_BAD0,66$COLOR_END減少します。	icon_status.icedamage_tex
99000970	DamageOverTime	True	False	False	酷寒の冷気 VIII	全身が凍りつき、$H_W_BAD3$COLOR_END second1毎に全HPの3.6％が減少し、移動速度も$H_W_BAD0,62$COLOR_END減少します。	icon_status.icedamage_tex
99001000	DamageOverTime	True	False	False	炎上 I	$H_W_BAD3$COLOR_END second1毎に全HPの$H_W_BAD1.4％$COLOR_ENDが減少します。	icon_status.firedamage_tex
99001010	DamageOverTime	True	False	False	炎上 II	$H_W_BAD3$COLOR_END second1毎に全HPの$H_W_BAD1.6％$COLOR_ENDが減少します。	icon_status.firedamage_tex
99001020	DamageOverTime	True	False	False	炎上 III	$H_W_BAD3$COLOR_END second1毎に全HPの$H_W_BAD1.8％$COLOR_ENDが減少します。	icon_status.firedamage_tex
99001030	DamageOverTime	True	False	False	炎上 IV	$H_W_BAD3$COLOR_END second1毎に全HPの$H_W_BAD2％$COLOR_ENDが減少します。	icon_status.firedamage_tex
99001040	DamageOverTime	True	False	False	炎上 V	$H_W_BAD3$COLOR_END second1毎に全HPの$H_W_BAD2.2％$COLOR_ENDが減少します。	icon_status.firedamage_tex
99001050	DamageOverTime	True	False	False	炎上 VI	$H_W_BAD3$COLOR_END second1毎に全HPの$H_W_BAD2.4％$COLOR_ENDが減少します。	icon_status.firedamage_tex
99001060	DamageOverTime	True	False	False	炎上 VII	$H_W_BAD3$COLOR_END second1毎に全HPの$H_W_BAD2.6％$COLOR_ENDが減少します。	icon_status.firedamage_tex
99001070	DamageOverTime	True	False	False	炎上 VIII	$H_W_BAD3$COLOR_END second1毎に全HPの$H_W_BAD2.8％$COLOR_ENDが減少します。	icon_status.firedamage_tex
99001100	Stun	True	False	False	精神錯乱 I	精神錯乱状態に陥りました！　【移動キー】入力時の移動方向が反対になります。	icon_status.confusestatuspc_tex
99001110	Stun	True	False	False	精神錯乱 II	精神錯乱状態に陥りました！　【移動キー】入力時の移動方向が反対になります。	icon_status.confusestatuspc_tex
99001120	Stun	True	False	False	精神錯乱 III	精神錯乱状態に陥りました！　【移動キー】入力時の移動方向が反対になります。	icon_status.confusestatuspc_tex
99001130	Stun	True	False	False	精神錯乱 IV	精神錯乱状態に陥りました！　【移動キー】入力時の移動方向が反対になります。	icon_status.confusestatuspc_tex
99001140	Stun	True	False	False	精神錯乱 V	精神錯乱状態に陥りました！　【移動キー】入力時の移動方向が反対になります。	icon_status.confusestatuspc_tex
99001150	Stun	True	False	False	精神錯乱 VI	精神錯乱状態に陥りました！　【移動キー】入力時の移動方向が反対になります。	icon_status.confusestatuspc_tex
99001160	Stun	True	False	False	精神錯乱 VII	精神錯乱状態に陥りました！　【移動キー】入力時の移動方向が反対になります。	icon_status.confusestatuspc_tex
99001170	Stun	True	False	False	精神錯乱 VIII	精神錯乱状態に陥りました！　【移動キー】入力時の移動方向が反対になります。	icon_status.confusestatuspc_tex
99001200	WeakeningEffect	True	False	False	電気放出 I	体内に蓄積された電流が放電しています！　自身を除く全パーティーメンバーを気絶させます。有効範囲は周囲約5mです。	icon_status.plusfocus_tex
99001210	WeakeningEffect	True	False	False	電気放出 II	体内に蓄積された電流が放電しています！　自身を除く全パーティーメンバーを気絶させます。有効範囲は周囲約5mです。	icon_status.plusfocus_tex
99001220	WeakeningEffect	True	False	False	電気放出 III	体内に蓄積された電流が放電しています！　自身を除く全パーティーメンバーを気絶させます。有効範囲は周囲約5mです。	icon_status.plusfocus_tex
99001230	WeakeningEffect	True	False	False	電気放出 IV	体内に蓄積された電流が放電しています！　自身を除く全パーティーメンバーを気絶させます。有効範囲は周囲約5mです。	icon_status.plusfocus_tex
99001240	WeakeningEffect	True	False	False	電気放出 V	体内に蓄積された電流が放電しています！　自身を除く全パーティーメンバーを気絶させます。有効範囲は周囲約5mです。	icon_status.plusfocus_tex
99001250	WeakeningEffect	True	False	False	電気放出 VI	体内に蓄積された電流が放電しています！　自身を除く全パーティーメンバーを気絶させます。有効範囲は周囲約5mです。	icon_status.plusfocus_tex
99001260	WeakeningEffect	True	False	False	電気放出 VII	体内に蓄積された電流が放電しています！　自身を除く全パーティーメンバーを気絶させます。有効範囲は周囲約5mです。	icon_status.plusfocus_tex
99001270	WeakeningEffect	True	False	False	電気放出 VIII	体内に蓄積された電流が放電しています！　自身を除く全パーティーメンバーを気絶させます。有効範囲は周囲約5mです。	icon_status.plusfocus_tex
99001280	Stun	True	False	False	感電！	「電気放出」を受けたパーティーメンバーが放つ、強力な電気ショックにより気絶しました。	icon_status.confuseup_tex
99001300	Buff	False	True	False	HP急速回復 I	異常状態ツールチップ非表示（isShow=False）このツールチップが出たらBTS処理が必要です。	icon_status.plushp_tex
99001301	Buff	False	True	False	HP急速回復 1％	異常状態ツールチップ非表示（isShow=False）このツールチップが出たらBTS処理が必要です。	icon_status.plushp_tex
99001302	Buff	False	True	False	HP急速回復 3％	異常状態ツールチップ非表示（isShow=False）このツールチップが出たらBTS処理が必要です。	icon_status.plushp_tex
99001303	Buff	False	True	False	HP急速回復 5％	異常状態ツールチップ非表示（isShow=False）このツールチップが出たらBTS処理が必要です。	icon_status.plushp_tex
99001310	Buff	False	True	False	HP急速回復 II	異常状態ツールチップ非表示（isShow=False）このツールチップが出たらBTS処理が必要です。	icon_status.plushp_tex
99001320	Buff	False	True	False	HP急速回復 III	異常状態ツールチップ非表示（isShow=False）このツールチップが出たらBTS処理が必要です。	icon_status.plushp_tex
99001330	Buff	False	True	False	HP急速回復 IV	異常状態ツールチップ非表示（isShow=False）このツールチップが出たらBTS処理が必要です。	icon_status.plushp_tex
99001340	Buff	False	True	False	HP急速回復 V	異常状態ツールチップ非表示（isShow=False）このツールチップが出たらBTS処理が必要です。	icon_status.plushp_tex
99001350	Buff	False	True	False	HP急速回復 VI	異常状態ツールチップ非表示（isShow=False）このツールチップが出たらBTS処理が必要です。	icon_status.plushp_tex
99001360	Buff	False	True	False	HP急速回復 VII	異常状態ツールチップ非表示（isShow=False）このツールチップが出たらBTS処理が必要です。	icon_status.plushp_tex
99001370	Buff	False	True	False	HP急速回復 VIII	異常状態ツールチップ非表示（isShow=False）このツールチップが出たらBTS処理が必要です。	icon_status.plushp_tex
99001400	Buff	True	True	False	守護の紗幕 I	最大$H_W_GOOD5000$COLOR_ENDのダメージを無効化します。最大値を超えると持続時間に関わらず即解除されます。	icon_skills.manashield_tex
99001410	Buff	True	True	False	守護の紗幕 II	最大$H_W_GOOD10000$COLOR_ENDのダメージを無効化します。最大値を超えると持続時間に関わらず即解除されます。	icon_skills.manashield_tex
99001420	Buff	True	True	False	守護の紗幕 III	最大$H_W_GOOD15000$COLOR_ENDのダメージを無効化します。最大値を超えると持続時間に関わらず即解除されます。	icon_skills.manashield_tex
99001430	Buff	True	True	False	守護の紗幕 IV	最大$H_W_GOOD20000$COLOR_ENDのダメージを無効化します。最大値を超えると持続時間に関わらず即解除されます。	icon_skills.manashield_tex
99001440	Buff	True	True	False	守護の紗幕 V	最大$H_W_GOOD25000$COLOR_ENDのダメージを無効化します。最大値を超えると持続時間に関わらず即解除されます。	icon_skills.manashield_tex
99001450	Buff	True	True	False	守護の紗幕 VI	最大$H_W_GOOD30000$COLOR_ENDのダメージを無効化します。最大値を超えると持続時間に関わらず即解除されます。	icon_skills.manashield_tex
99001460	Buff	True	True	False	守護の紗幕 VII	最大$H_W_GOOD35000$COLOR_ENDのダメージを無効化します。最大値を超えると持続時間に関わらず即解除されます。	icon_skills.manashield_tex
99001470	Buff	True	True	False	守護の紗幕 VIII	最大$H_W_GOOD40000$COLOR_ENDのダメージを無効化します。最大値を超えると持続時間に関わらず即解除されます。	icon_skills.manashield_tex
99001500	Buff	True	True	False	狂乱 I	狂乱状態になりました！　力が$H_W_GOOD10%$COLOR_END上昇し、耐久力が$H_W_BAD15%$COLOR_END減少します。	icon_skills.berserk_tex
99001510	Buff	True	True	False	狂乱 II	狂乱状態になりました！　力が$H_W_GOOD15%$COLOR_END上昇し、耐久力が$H_W_BAD20%$COLOR_END減少します。	icon_skills.berserk_tex
99001520	Buff	True	True	False	狂乱 III	狂乱状態になりました！　力が$H_W_GOOD20%$COLOR_END上昇し、耐久力が$H_W_BAD25%$COLOR_END減少します。	icon_skills.berserk_tex
99001530	Buff	True	True	False	狂乱 IV	狂乱状態になりました！　力が$H_W_GOOD25%$COLOR_END上昇し、耐久力が$H_W_BAD30%$COLOR_END減少します。	icon_skills.berserk_tex
99001540	Buff	True	True	False	狂乱 V	狂乱状態になりました！　力が$H_W_GOOD30%$COLOR_END上昇し、耐久力が$H_W_BAD35%$COLOR_END減少します。	icon_skills.berserk_tex
99001550	Buff	True	True	False	狂乱 VI	狂乱状態になりました！　力が$H_W_GOOD35%$COLOR_END上昇し、耐久力が$H_W_BAD40%$COLOR_END減少します。	icon_skills.berserk_tex
99001560	Buff	True	True	False	狂乱 VII	狂乱状態になりました！　力が$H_W_GOOD40%$COLOR_END上昇し、耐久力が$H_W_BAD45%$COLOR_END減少します。	icon_skills.berserk_tex
99001570	Buff	True	True	False	狂乱 VIII	狂乱状態になりました！　力が$H_W_GOOD45%$COLOR_END上昇し、耐久力が$H_W_BAD50%$COLOR_END減少します。	icon_skills.berserk_tex
99001600	Buff	True	True	False	アイアンディフェンス I	鉄壁の防御をしています！　耐久力が$H_W_GOOD400%$COLOR_END上昇します。	icon_status.plusedefence_tex
99001700	WeakeningEffect	True	False	False	急性発作 I	$H_W_BAD3$COLOR_END second1毎に行動が制限されます。	icon_status.paralyzestatus_tex
99001710	WeakeningEffect	True	False	False	急性発作 II	$H_W_BAD3$COLOR_END second1毎に行動が制限されます。	icon_status.paralyzestatus_tex
99001720	WeakeningEffect	True	False	False	急性発作 III	$H_W_BAD3$COLOR_END second1毎に行動が制限されます。	icon_status.paralyzestatus_tex
99001730	WeakeningEffect	True	False	False	急性発作 IV	$H_W_BAD3$COLOR_END second1毎に行動が制限されます。	icon_status.paralyzestatus_tex
99001740	WeakeningEffect	True	False	False	急性発作 V	$H_W_BAD3$COLOR_END second1毎に行動が制限されます。	icon_status.paralyzestatus_tex
99001750	WeakeningEffect	True	False	False	急性発作 VI	$H_W_BAD3$COLOR_END second1毎に行動が制限されます。	icon_status.paralyzestatus_tex
99001760	WeakeningEffect	True	False	False	急性発作 VII	$H_W_BAD3$COLOR_END second1毎に行動が制限されます。	icon_status.paralyzestatus_tex
99001770	WeakeningEffect	True	False	False	急性発作 VIII	$H_W_BAD3$COLOR_END second1毎に行動が制限されます。	icon_status.paralyzestatus_tex
99001800	DamageOverTime	True	False	False	ヴァンピールの呪い	ヴァンピールに呪いをかけられました！　時間内に解除しなければ、現HPの$H_W_BAD80%$COLOR_ENDが減少します。	icon_status.diseasedown_tex
99001810	DamageOverTime	False	False	False	ケルサイク［HP比率減少］	異常状態ツールチップ非表示（isShow=False）このツールチップが出たらBTS処理が必要です。	icon_status.diseasedown_tex
99001900	Stun	True	False	False	睡眠 I	深い眠りにつきました。ダメージを受けるとすぐに目覚めます。	icon_status.sleepstatus_tex
99001910	Stun	True	False	False	睡眠 II	深い眠りにつきました。ダメージを受けるとすぐに目覚めます。	icon_status.sleepstatus_tex
99001920	Stun	True	False	False	睡眠 III	深い眠りにつきました。ダメージを受けるとすぐに目覚めます。	icon_status.sleepstatus_tex
99001930	Stun	True	False	False	睡眠 IV	深い眠りにつきました。ダメージを受けるとすぐに目覚めます。	icon_status.sleepstatus_tex
99001940	Stun	True	False	False	睡眠 V	深い眠りにつきました。ダメージを受けるとすぐに目覚めます。	icon_status.sleepstatus_tex
99001950	Stun	True	False	False	睡眠 VI	深い眠りにつきました。ダメージを受けるとすぐに目覚めます。	icon_status.sleepstatus_tex
99001960	Stun	True	False	False	睡眠 VII	深い眠りにつきました。ダメージを受けるとすぐに目覚めます。	icon_status.sleepstatus_tex
99001970	Stun	True	False	False	睡眠 VIII	深い眠りにつきました。ダメージを受けるとすぐに目覚めます。	icon_status.sleepstatus_tex
99002000	Buff	True	True	False	完全免疫 I	全てのデバフを受け付けません。	icon_status.immunedebuff_tex
99002010	Buff	True	True	False	完全免疫 II	全てのデバフを受け付けません。	icon_status.immunedebuff_tex
99002020	Buff	True	True	False	完全免疫 III	全てのデバフを受け付けません。	icon_status.immunedebuff_tex
99002030	Buff	True	True	False	完全免疫 IV	全てのデバフを受け付けません。	icon_status.immunedebuff_tex
99002040	Buff	True	True	False	完全免疫 V	全てのデバフを受け付けません。	icon_status.immunedebuff_tex
99002050	Buff	True	True	False	完全免疫 VI	全てのデバフを受け付けません。	icon_status.immunedebuff_tex
99002060	Buff	True	True	False	完全免疫 VII	全てのデバフを受け付けません。	icon_status.immunedebuff_tex
99002070	Buff	True	True	False	完全免疫 VIII	全てのデバフを受け付けません。	icon_status.immunedebuff_tex
99002071	Buff	True	True	False	完全免疫 VIII	全てのデバフを受け付けません。この効果は解除できません。	icon_status.immunedebuff_tex
99002072	Buff	True	True	False	完全免疫 VIII	全てのデバフを受け付けません。この効果は解除できません。	icon_status.immunedebuff_tex
99002080	Buff	True	True	False	完全免疫 IX	全てのデバフを受け付けません。	icon_status.immunedebuff_tex
99002100	WeakeningEffect	False	True	False	消滅	異常状態ツールチップ非表示（isShow=False）このツールチップが出たらBTS処理が必要です。	icon_status.delaydamage_tex
99002110	WeakeningEffect	False	True	False	消滅	異常状態ツールチップ非表示（isShow=False）このツールチップが出たらBTS処理が必要です。	icon_status.delaydamage_tex
99002120	WeakeningEffect	False	True	False	消滅	異常状態ツールチップ非表示（isShow=False）このツールチップが出たらBTS処理が必要です。	icon_status.delaydamage_tex
99002130	WeakeningEffect	False	True	False	消滅	異常状態ツールチップ非表示（isShow=False）このツールチップが出たらBTS処理が必要です。	icon_status.delaydamage_tex
99002140	WeakeningEffect	False	True	False	消滅	異常状態ツールチップ非表示（isShow=False）このツールチップが出たらBTS処理が必要です。	icon_status.delaydamage_tex
99002150	WeakeningEffect	False	True	False	消滅	異常状態ツールチップ非表示（isShow=False）このツールチップが出たらBTS処理が必要です。	icon_status.delaydamage_tex
99002160	WeakeningEffect	False	True	False	消滅	異常状態ツールチップ非表示（isShow=False）このツールチップが出たらBTS処理が必要です。	icon_status.delaydamage_tex
99002170	WeakeningEffect	False	True	False	消滅	異常状態ツールチップ非表示（isShow=False）このツールチップが出たらBTS処理が必要です。	icon_status.delaydamage_tex
99002180	WeakeningEffect	False	True	False	消滅	異常状態ツールチップ非表示（isShow=False）このツールチップが出たらBTS処理が必要です。	icon_status.delaydamage_tex
99002200	Buff	True	True	False	不死身の時間 I	全てのデバフを受け付けなくなり、耐久力が$H_W_GOOD200%$COLOR_END上昇します。	icon_status.immunedebuff_tex
99002210	Buff	True	True	False	不死身の時間 II	全てのデバフを受け付けなくなり、耐久力が$H_W_GOOD200%$COLOR_END上昇します。	icon_status.immunedebuff_tex
99002220	Buff	True	True	False	不死身の時間 III	全てのデバフを受け付けなくなり、耐久力が$H_W_GOOD200%$COLOR_END上昇します。	icon_status.immunedebuff_tex
99002230	Buff	True	True	False	不死身の時間 IV	全てのデバフを受け付けなくなり、耐久力が$H_W_GOOD200%$COLOR_END上昇します。	icon_status.immunedebuff_tex
99002240	Buff	True	True	False	不死身の時間 V	全てのデバフを受け付けなくなり、耐久力が$H_W_GOOD200%$COLOR_END上昇します。	icon_status.immunedebuff_tex
99002250	Buff	True	True	False	不死身の時間 VI	全てのデバフを受け付けなくなり、耐久力が$H_W_GOOD200%$COLOR_END上昇します。	icon_status.immunedebuff_tex
99002260	Buff	True	True	False	不死身の時間 VII	全てのデバフを受け付けなくなり、耐久力が$H_W_GOOD200%$COLOR_END上昇します。	icon_status.immunedebuff_tex
99002270	Buff	True	True	False	不死身の時間 VIII	全てのデバフを受け付けなくなり、耐久力が$H_W_GOOD200%$COLOR_END上昇します。	icon_status.immunedebuff_tex
99002300	DamageOverTime	True	False	False	精神汚染 I	$H_W_BAD3$COLOR_END second1毎に全MPの$H_W_BAD2％$COLOR_ENDが減少します。	icon_status.delaymploss_tex
99002310	DamageOverTime	True	False	False	精神汚染 II	$H_W_BAD3$COLOR_END second1毎に全MPの$H_W_BAD2.2％$COLOR_ENDが減少します。	icon_status.delaymploss_tex
99002320	DamageOverTime	True	False	False	精神汚染 III	$H_W_BAD3$COLOR_END second1毎に全MPの$H_W_BAD2.4％$COLOR_ENDが減少します。	icon_status.delaymploss_tex
99002330	DamageOverTime	True	False	False	精神汚染 IV	$H_W_BAD3$COLOR_END second1毎に全MPの$H_W_BAD2.6％$COLOR_ENDが減少します。	icon_status.delaymploss_tex
99002340	DamageOverTime	True	False	False	精神汚染 V	$H_W_BAD3$COLOR_END second1毎に全MPの$H_W_BAD2.8％$COLOR_ENDが減少します。	icon_status.delaymploss_tex
99002350	DamageOverTime	True	False	False	精神汚染 VI	$H_W_BAD3$COLOR_END second1毎に全MPの$H_W_BAD3％$COLOR_ENDが減少します。	icon_status.delaymploss_tex
99002360	DamageOverTime	True	False	False	精神汚染 VII	$H_W_BAD3$COLOR_END second1毎に全MPの$H_W_BAD3.2％$COLOR_ENDが減少します。	icon_status.delaymploss_tex
99002370	DamageOverTime	True	False	False	精神汚染 VIII	$H_W_BAD3$COLOR_END second1毎に全MPの$H_W_BAD3.4％$COLOR_ENDが減少します。	icon_status.delaymploss_tex
99002400	Stun	True	False	False	無力化 I	全身から力が抜け、効果持続中は全てのスキルを使用できません！	icon_status.sealskill_tex
99002410	Stun	True	False	False	無力化 II	全身から力が抜け、効果持続中は全てのスキルを使用できません！	icon_status.sealskill_tex
99002420	Stun	True	False	False	無力化 III	全身から力が抜け、効果持続中は全てのスキルを使用できません！	icon_status.sealskill_tex
99002430	Stun	True	False	False	無力化 IV	全身から力が抜け、効果持続中は全てのスキルを使用できません！	icon_status.sealskill_tex
99002440	Stun	True	False	False	無力化 V	全身から力が抜け、効果持続中は全てのスキルを使用できません！	icon_status.sealskill_tex
99002450	Stun	True	False	False	無力化 VI	全身から力が抜け、効果持続中は全てのスキルを使用できません！	icon_status.sealskill_tex
99002460	Stun	True	False	False	無力化 VII	全身から力が抜け、効果持続中は全てのスキルを使用できません！	icon_status.sealskill_tex
99002470	Stun	True	False	False	無力化 VIII	全身から力が抜け、効果持続中は全てのスキルを使用できません！	icon_status.sealskill_tex
99002500	DamageOverTime	True	False	False	出血	移動速度が$H_W_BAD0,5$COLOR_END減少し、$H_W_BAD3$COLOR_END second1毎に全HPの$H_W_BAD6％$COLOR_ENDが減少します。	icon_status.minuscriticalresist_tex
99002510	DamageOverTime	True	False	False	出血	移動速度が$H_W_BAD0,2$COLOR_END減少し、$H_W_BAD3$COLOR_END second1毎に全HPの$H_W_BAD10％$COLOR_ENDが減少します。$BRこの効果は解除することができません。	icon_status.minuscriticalresist_tex
99002520	DamageOverTime	True	False	False	大量出血	移動速度が$H_W_BAD0,5$COLOR_END減少し、HP回復効果を受ける際の回復量が$H_W_BAD50%$COLOR_END減少します。出血している間、$H_W_BAD3$COLOR_END second1毎に全HPの$H_W_BAD6％$COLOR_ENDが減少します。	icon_status.damagedown_tex
99002600	WeakeningEffect	True	False	False	破壊の予言	破壊の予言が下されました！　移動速度が$H_W_BAD0,8$COLOR_END減少します。時間内に解除しなければ、死亡します！	icon_status.delaydamage_tex
99002610	WeakeningEffect	True	False	False	破壊の予言	破壊の予言が下されました！　移動速度が$H_W_BAD0,8$COLOR_END減少します。時間内に解除しなければ、死亡します！	icon_status.delaydamage_tex
99002700	Buff	True	True	False	破壊の呪文	破壊の呪文を唱えています！　3回唱え終えると「破壊の予言」が下されます。この効果は解除できません。	icon_status.diseaseup_tex
99002800	Buff	False	True	True	HP持続回復	異常状態ツールチップ非表示（isShow=False）このツールチップが出たらBTS処理が必要です。	icon_status.delayheal_tex
99002810	Buff	False	True	True	HP持続回復	異常状態ツールチップ非表示（isShow=False）このツールチップが出たらBTS処理が必要です。	icon_status.delayheal_tex
99002820	Buff	False	True	True	HP持続回復	異常状態ツールチップ非表示（isShow=False）このツールチップが出たらBTS処理が必要です。	icon_status.delayheal_tex
99002830	Buff	False	True	True	HP持続回復	異常状態ツールチップ非表示（isShow=False）このツールチップが出たらBTS処理が必要です。	icon_status.delayheal_tex
99002900	WeakeningEffect	True	False	True	破滅の疫病	アカシャの潜伏地にいる間は、力と耐久力が$H_W_BAD70%$COLOR_ENDずつ減少し、死亡後も解除されません。ディヴァインガードポーションでのみ治療可能です。	icon_status.diseaseup_tex
99003000	Buff	True	True	False	漆黒の結界	全てのモンスターを倒すまで、この祭壇は破壊できません。	icon_status.plusedefence_tex
99003100	WeakeningEffect	True	False	False	傷感染 I	HP回復効果適用時、HP回復量が$H_W_BAD30%$COLOR_END減少します。	icon_status.petrifystatus_tex
99003110	WeakeningEffect	True	False	False	傷感染 II	HP回復効果適用時、HP回復量が$H_W_BAD35%$COLOR_END減少します。	icon_status.petrifystatus_tex
99003120	WeakeningEffect	True	False	False	傷感染 III	HP回復効果適用時、HP回復量が$H_W_BAD40%$COLOR_END減少します。	icon_status.petrifystatus_tex
99003130	WeakeningEffect	True	False	False	傷感染 IV	HP回復効果適用時、HP回復量が$H_W_BAD45%$COLOR_END減少します。	icon_status.petrifystatus_tex
99003140	WeakeningEffect	True	False	False	傷感染 V	HP回復効果適用時、HP回復量が$H_W_BAD50%$COLOR_END減少します。	icon_status.petrifystatus_tex
99003150	WeakeningEffect	True	False	False	傷感染 VI	HP回復効果適用時、HP回復量が$H_W_BAD55%$COLOR_END減少します。	icon_status.petrifystatus_tex
99003160	WeakeningEffect	True	False	False	傷感染 VII	HP回復効果適用時、HP回復量が$H_W_BAD60%$COLOR_END減少します。	icon_status.petrifystatus_tex
99003170	WeakeningEffect	True	False	False	傷感染 VIII	HP回復効果適用時、HP回復量が$H_W_BAD65%$COLOR_END減少します。	icon_status.petrifystatus_tex
99003200	Buff	True	True	False	精霊の波紋	戦闘中の移動速度が$H_W_GOOD2$COLOR_END上昇します。効果は最大3回まで重複します。	icon_status.aura_of_wind_tex
99003300	Buff	True	True	False	集中の気運	スキル命中時、ダメージが$H_W_GOOD20$COLOR_END増加します。	icon_status.aura_of_damage_tex
99003400	Buff	True	True	False	採集の波紋	採集熟練度が$H_W_GOOD10$COLOR_END上昇します。効果は最大4回まで重複します。	icon_status.aura_of_collect_tex
99003500	Buff	False	True	False	活力の波紋	最大コンディションが$H_W_GOOD0$COLOR_END上昇します。効果は最大3回まで重複します。	icon_status.aura_of_condition_tex
99003600	Buff	True	True	False	再生の波紋	$H_W_GOOD3$COLOR_END second1毎に全HPの$H_W_GOOD0.5％$COLOR_ENDが回復します。効果は最大3回まで重複します。	icon_status.aura_of_regeneration_hp_tex
99003700	Buff	True	True	False	魔力の波紋	$H_W_GOOD3$COLOR_END second1毎に全MPの$H_W_GOOD0.5％$COLOR_ENDが回復します。効果は最大3回まで重複します。	icon_status.aura_of_regeneration_mp_tex
99004500	Buff	True	True	False	ピグリンの肉	全HPの$H_W_GOOD50％$COLOR_ENDが回復します。	icon_items.q_rawmeat_tex
99004510	Buff	True	True	False	ピグリンのソテー	$H_W_GOOD2$COLOR_END second1毎にHPが$H_W_GOOD1312$COLOR_END回復します。	icon_items.q_roastmeat_tex
99004600	Buff	True	True	False	ピグリンの丸焼き	全HPの$H_W_GOOD50％$COLOR_ENDが回復します。	icon_skills.voidtrap_tex
99004700	Buff	True	False	False	アルゴン駆逐弾	力が$H_W_GOOD20%$COLOR_END上昇します。	icon_items.petrolbomb_tex
99004800	Buff	False	True	False	カシアンの樹の結晶	コンディションが$H_W_GOOD0$COLOR_END上昇します。効果は最大3回まで重複します。	icon_items.q_blackbottle_tex
99004900	Buff	True	False	False	カンストリア爆弾	$H_W_BAD1$COLOR_END second毎に全HPの$H_W_BAD30％$COLOR_ENDが減少し、持続時間が過ぎると対象者は死亡します。	icon_items.middlebomb_tex
99005000	Buff	False	False	False	10秒後デスポーン	10秒後デスポーン、このツールチップは表示不可	icon_status.confuseup_tex
99005100	Buff	True	True	False	勇将の狼煙	力が$H_W_GOOD30%$COLOR_END増加します。この効果は、ダンジョンと戦場では適用されません。	icon_skills.union_skillicon5_tex
99005200	Buff	True	True	False	勇将の保護	耐久力が$H_W_GOOD30%$COLOR_END上昇します。この効果は、ダンジョンと戦場では適用されません。	icon_skills.union_skillicon6_tex
99005300	Buff	True	True	False	勇将の羽	移動速度が$H_W_GOOD50$COLOR_END上昇します。この効果は、ダンジョンと戦場では適用されません。	icon_skills.union_skillicon7_tex
99005400	Buff	True	True	False	勇将の加護	リアクション及びデバフ抵抗値が$H_W_GOOD50%$COLOR_END上昇します。この効果は、ダンジョンと戦場では適用されません。	icon_skills.union_skillicon8_tex
99005500	Buff	True	True	False	セレンの成長	モンスター討伐時に獲得する経験値が増加します。	icon_skills.union_skillicon9_tex
99005510	Buff	True	True	False	セレンの成長 I	モンスター討伐時に獲得する経験値が10％増加します。	icon_skills.union_skillicon9_tex
99005520	Buff	True	True	False	セレンの成長 II	モンスター討伐時に獲得する経験値が20％増加します。	icon_skills.union_skillicon9_tex
99005530	Buff	True	True	False	セレンの成長 III	モンスター討伐時に獲得する経験値が45％増加します。	icon_skills.union_skillicon9_tex
99005540	Buff	True	True	False	セレンの成長 IV	モンスター討伐時に獲得する経験値が65％増加します。	icon_skills.union_skillicon9_tex
99005550	Buff	True	True	False	セレンの成長 V	モンスター討伐時に獲得する経験値が90％増加します。	icon_skills.union_skillicon9_tex
99005560	Buff	True	True	False	セレンの成長 VI	モンスター討伐時に獲得する経験値が100％増加します。	icon_skills.union_skillicon9_tex
99005600	Buff	True	True	False	セレンの祈祷	力、耐久力、均衡、衝撃が上昇します。	icon_skills.union_skillicon11_tex
99005610	Buff	True	True	False	セレンの祈祷 I	力、耐久力、均衡、衝撃がそれぞれ$H_W_GOOD1$COLOR_ENDずつ上昇します。	icon_skills.union_skillicon11_tex
99005620	Buff	True	True	False	セレンの祈祷 II	力、耐久力、均衡、衝撃がそれぞれ$H_W_GOOD2$COLOR_ENDずつ上昇します。	icon_skills.union_skillicon11_tex
99005630	Buff	True	True	False	セレンの祈祷 III	力、耐久力、均衡、衝撃がそれぞれ$H_W_GOOD4$COLOR_ENDずつ上昇します。	icon_skills.union_skillicon11_tex
99005640	Buff	True	True	False	セレンの祈祷 IV	力、耐久力、均衡、衝撃がそれぞれ$H_W_GOOD5$COLOR_ENDずつ上昇します。	icon_skills.union_skillicon11_tex
99005650	Buff	True	True	False	セレンの祈祷 V	力、耐久力、均衡、衝撃がそれぞれ$H_W_GOOD8$COLOR_ENDずつ上昇します。	icon_skills.union_skillicon11_tex
99005660	Buff	True	True	False	セレンの祈祷 VI	力、耐久力、均衡、衝撃がそれぞれ$H_W_GOOD9$COLOR_ENDずつ上昇します。	icon_skills.union_skillicon11_tex
99005700	Buff	True	True	False	完全透明化	完全に透明化します。この効果は透明化解除装置の使用または戦闘開始により解除されます。	icon_status.immunedebuff_tex
99005710	Buff	True	True	False	隠身	透明化します。	icon_items.q_roastmeat_tex
99005800	Buff	True	True	False	半透明化	透明化します。この効果は戦闘を開始すると解除されます。	icon_status.immunedebuff_tex
99005900	Buff	True	True	False	セレンの勇猛	PvP能力が上昇します。	icon_skills.union_skillicon10_tex
99005910	Buff	True	True	False	セレンの勇猛 I	PvP攻撃力が$H_W_GOOD 4$COLOR_END、PvP防御力が$H_W_GOOD 5$COLOR_END上昇します。	icon_skills.union_skillicon10_tex
99005920	Buff	True	True	False	セレンの勇猛 II	PvP攻撃力が$H_W_GOOD 6$COLOR_END、PvP防御力が$H_W_GOOD 9$COLOR_END上昇します。	icon_skills.union_skillicon10_tex
99005930	Buff	True	True	False	セレンの勇猛 III	PvP攻撃力が$H_W_GOOD 11$COLOR_END、PvP防御力が$H_W_GOOD 16$COLOR_END上昇します。	icon_skills.union_skillicon10_tex
99005940	Buff	True	True	False	セレンの勇猛 IV	PvP攻撃力が$H_W_GOOD 13$COLOR_END、PvP防御力が$H_W_GOOD 18$COLOR_END上昇します。	icon_skills.union_skillicon10_tex
99005950	Buff	True	True	False	セレンの勇猛 V	PvP攻撃力が$H_W_GOOD 18$COLOR_END、PvP防御力が$H_W_GOOD 25$COLOR_END上昇します。	icon_skills.union_skillicon10_tex
99005960	Buff	True	True	False	セレンの勇猛 VI	PvP攻撃力が$H_W_GOOD 20$COLOR_END、PvP防御力が$H_W_GOOD 30$COLOR_END上昇します。	icon_skills.union_skillicon10_tex
99006000	Stun	False	False	False	閃光爆弾	眩しさのあまり周囲が見えなくなります。この効果は解除できません。	icon_status.lighteffect_tex
99006100	WeakeningEffect	False	True	True	攻撃力上昇	重複毎に攻撃力が$H_W_GOOD3%$COLOR_ENDずつ増加します。解除できません。	icon_status.plusattack_tex
99006200	WeakeningEffect	False	True	True	攻撃速度上昇	重複毎に攻撃速度が$H_W_GOOD10%$COLOR_ENDずつ上昇します。解除できません。	icon_skills.berserk_tex
99006300	WeakeningEffect	False	True	True	攻撃速度上昇	重複毎に攻撃速度が$H_W_GOOD3%$COLOR_ENDずつ上昇します。解除できません。	icon_skills.berserk_tex
99006400	Buff	True	True	False	無敵効果	ダメージを受けません。敵を攻撃すると解除されます。	icon_status.plusedefence_tex
99006500	Buff	False	True	False	透明化_敵対値免疫	異常状態ツールチップ表示されない（isShow=False）このツールチップが出たらBTS処理必要！	icon_skills.voidtrap_tex
99006600	WeakeningEffect	True	True	False	敗北者	連盟の守護石を守れない敗北者。	icon_status.delaymploss_tex
99006700	WeakeningEffect	True	True	False	監視者	周辺の透明なユニットを監視できる。	icon_status.plusedefence_tex
99006800	Buff	True	True	True	平和状態NPC保護	平和状態中はNPCを攻撃できません。	icon_status.plusedefence_tex
99006900	Buff	True	True	True	ジェリアド・ディアルの加護	ジェリアド・ディアルが持つ神聖なる力を周辺の連盟員に拡散します。	icon_status.delayheal_tex
99007000	Buff	True	True	True	ドミル・シルバーレインの加護	ドミル・シルバーレインが持つコアの力を周辺の連盟員に拡散します。	icon_status.aura_of_regeneration_mp_tex
99007100	Buff	True	True	True	フラテコ・カイルムの加護	フラテコ・カイルムの勇猛さを周辺の連盟員に拡散します。	icon_status.plusedefence_tex
99007200	Stun	False	False	False	閃光爆弾	眩しさのあまり周囲が見えなくなります。この効果は解除できません。	icon_status.lighteffect_tex
99008100	Buff	False	True	False	連盟の狼煙（見えたらバグ）	見えたらバグ	icon_status.mprecoverdown_tex
99008200	Buff	True	True	False	連盟の狼煙	領地にいる各連盟員の数が20名以上の場合、少ない方の連盟員の力が34、耐久力が20上昇します。3分毎に人数のカウントが更新されます。	icon_status.mprecoverdown_tex
99008300	Buff	True	True	False	連盟の闘争	前回の連盟戦で2、3等だった連盟のために力が41、耐久力が25上昇します。もしも一つの連盟が連勝した場合、連勝回数分だけ状態異常が重複します（最大5回重複）。	icon_status.plusspeedresist_tex
99008400	Buff	True	True	False	ノクタニウムの力 I	連盟領地で一般モンスターを討伐すると、攻撃速度が0.6％上昇します。ノクタニウムの力 II、ノクタニウムの力 IIIと重複回数を共有し、計30回まで重複可能です。また、PK時は重複数が2倍になり、死亡時1/2へと減少します。連盟領地から出ると効果が解除されます。	icon_status.minusspeedresist_tex
99008500	Buff	True	True	False	ノクタニウムの力 II	連盟領地で中型モンスターを討伐すると、PvP攻撃力が0.5上昇します。ノクタニウムの力 I、ノクタニウムの力 IIIと重複回数を共有し、計30回まで重複可能です。また、PK時は重複数が2倍になり、死亡時1/2へと減少します。連盟領地から出ると効果が解除されます。	icon_status.minuspoisonresist_tex
99008600	Buff	True	True	False	ノクタニウムの力 III	連盟領地で採集すると、移動速度が2上昇します。ノクタニウムの力 I、ノクタニウムの力 IIと重複回数を共有し、計30回まで重複可能です。また、PK時は重複数が2倍になり、死亡時1/2へと減少します。連盟領地から出ると効果が解除されます。	icon_status.pluspoisonresist_tex
99008700	Buff	True	True	False	連盟保護石	ノクタニウムの力が宿っており、モンスターに気づかれません。	icon_status.minddomination_tex
99008800	Stun	True	True	False	連盟の英雄	連盟戦で英雄的な活躍を見せた戦士にのみ効果が適用されます。効果適用中、大きさが維持され、死亡すると解除されます。	icon_status.vitality_tex
99008900	WeakeningEffect	True	True	False	連盟の祝福	連盟のために！	icon_status.battlefieldbuff04_tex
99009000	Stun	True	True	False	保護石の力	12秒毎にHPを0.3％回復します。	icon_status.vitality_tex
99010000	WeakeningEffect	True	False	False	大砲変身	大砲に変身します。	icon_status.minushp_tex
99010110	Buff	True	True	True	突撃！	突撃司令官が持っている「湧き上がる勇気」効果を周囲の連盟員たちに伝播します。	icon_skills.armor_passivity_tex
99010210	Buff	True	True	True	金剛不壊	防衛司令官が持っている「鋼の肉体」効果を周囲の連盟員たちに伝播します。	icon_skills.defenceup_tex
99010310	Buff	True	True	True	勝利の歓声	支援司令官が持っている「絶え間なき支援」効果を周囲の連盟員たちに伝播します。	icon_skills.adventgoddess_tex
99020000	Buff	True	True	True	ヴァルキオンの勇猛 I	直近の7日間の内、3～4日ログインし、下記の効果を手に入れました。$BR$BR非戦闘状態で移動速度$H_W_GOOD7$COLOR_END増加$BR最大HP $H_W_GOOD1%$COLOR_END 増加$BR力 $H_W_GOOD1$COLOR_END 増加$BR$BRこの効果はアカウント内全てのキャラクターに適用します。	icon_status.archerspirit_tex
99020010	Buff	True	True	True	ヴァルキオンの勇猛 II	直近の7日間の内、5～6日ログインし、下記の効果を手に入れました。$BR$BR非戦闘状態で移動速度$H_W_GOOD14$COLOR_END増加$BR最大HP $H_W_GOOD3%$COLOR_END 増加$BR力 $H_W_GOOD3$COLOR_END 増加$BR$BRこの効果はアカウント内全てのキャラクターに適用します。	icon_status.plusattack_tex
99020020	Buff	True	True	True	ヴァルキオンの勇猛 III	直近の7日間の内、7日全てログインし、下記の効果を手に入れました。$BR$BR非戦闘状態で移動速度$H_W_GOOD20$COLOR_END増加$BR最大HP $H_W_GOOD5%$COLOR_END 増加$BR力 $H_W_GOOD6$COLOR_END 増加$BR$BRこの効果はアカウント内全てのキャラクターに適用します。	icon_status.buff_of_kaia_tex
99070000	DamageOverTime	True	False	False	出血	強力な一撃により出血が発生し、移動速度が$H_W_BAD30％$COLOR_END減少し、$H_W_BAD3$COLOR_END second1毎に全HPの$H_W_BAD3％$COLOR_ENDが減少します。	icon_status.minuscriticalresist_tex
99070001	Buff	True	True	False	蒼空の加護	蒼空のエネルギーを感じます。全てのダメージが無効化し、全HPの$H_W_GOOD5％$COLOR_ENDが回復します。	icon_status.delayheal_tex
99070002	DamageOverTime	True	False	False	炎上	燃え上がる炎により$H_W_BAD3$COLOR_END second1毎に全HPの$H_W_BAD2.8％$COLOR_ENDが減少します。	icon_status.firedamage_tex
99070003	Buff	True	True	False	激怒	30秒間、ラグネロスの攻撃力が$H_W_GOOD30%$COLOR_END上昇します。	icon_status.diseaseup_tex
99070004	Stun	True	False	False	感電	体内の増幅した電気が放出されます！突然の発作により、$H_W_BAD3$COLOR_END second1毎に体が硬直し、全HPの$H_W_BAD2.5％$COLOR_ENDが減少します。	icon_status.plusfocus_tex
99070005	DamageOverTime	True	False	False	酷寒	体が凍りつき$H_W_BAD3$COLOR_END second1毎に全HPの2.7％にあたるHPが持続的に減少し、移動速度が$H_W_BAD0,74$COLOR_END減少します。	icon_status.icedamage_tex
99070006	WeakeningEffect	True	False	False	無力化	攻撃を受けたダメージが残っています。耐久力が$H_W_BAD5%$COLOR_END減少します。	icon_status.minusdefence_tex
99070007	Buff	True	True	False	赤い霧	不思議な赤い霧に包まれ、モンスターの力が$H_W_GOOD50%$COLOR_END上昇します。	icon_status.plusattack_tex
99070008	Buff	True	True	False	青い霧	神秘的な青い霧に包まれ、モンスターの耐久力が$H_W_GOOD50%$COLOR_END上昇します。	icon_status.plusedefence_tex
99070009	Buff	False	True	False	BTS	これが見えたらバグ	icon_skills.fastwalk_tex
99070010	Buff	False	True	False	BTS	これが見えたらバグ	icon_skills.fastwalk_tex
99070011	WeakeningEffect	True	False	False	ひんやりオーラ	ジャック・オー・ランタンを討伐したと同時に会場を寒気が覆います。	icon_skills.icicle_tex
99070012	Buff	True	True	False	幽霊のいたずら	会場に不穏な風が吹きます。モンスターの移動速度が上昇します。	icon_items.scroll_move_speed_level_59_tex
99070013	WeakeningEffect	True	False	False	幽霊の涙	会場に悲しい雰囲気が漂います。モンスターの耐久力が減少します。	icon_status.minusdefence_tex
99070014	DamageOverTime	True	False	False	幽霊の憤怒	会場が謎の熱気に包まれます。モンスターのHPが周期的に減少します。	icon_status.firedamage_tex
99070015	Buff	False	True	False	BTS	見えたらバグ	icon_skills.fastwalk_tex
99070017	Buff	False	True	False	見えたらバグ	見えたらバグ	icon_status.mprecoverdown_tex
99070018	Buff	False	True	False	見えたらバグ	見えたらバグ	icon_status.mprecoverdown_tex
99070019	Buff	True	True	False	虚脱	ガス中毒により虚脱状態になりました。6秒間移動速度が$H_W_BAD30％$COLOR_END減少します。	icon_status.poisondown_tex
99070020	DamageOverTime	True	False	False	大量出血	過度の出血により移動速度が$H_W_BAD0,9$COLOR_END減少し、HPが減少します。	icon_status.damagedown_tex
99070021	Buff	False	True	False	凶暴化	凶暴化しました！　体内に尋常ではない力がみなぎります。	icon_status.plusecritical_tex
99070022	Buff	False	True	False	興奮	凶暴化しました！　体内に尋常ではない力がみなぎります。	icon_status.darkriftwill_tex
99070023	Buff	True	True	False	虚脱	虚脱状態です。身体能力が半減します。	icon_status.poisondown_tex
99070024	Buff	False	True	False			icon_status.plusecritical_tex
99070025	Buff	False	True	False	凶暴化	凶暴化しました！　体内に尋常ではない力がみなぎります。	icon_status.plusecritical_tex
99070026	Buff	False	True	False			
99070027	Buff	False	True	False	凶暴化	凶暴化しました！　体内に尋常ではない力がみなぎります。	icon_status.plusecritical_tex
99070028	Buff	False	True	False	凶暴化	凶暴化しました！　体内に尋常ではない力がみなぎります。	icon_status.plusecritical_tex
99070029	Buff	False	True	False	凶暴化	凶暴化しました！　体内に尋常ではない力がみなぎります。	icon_status.plusecritical_tex
99070030	Buff	False	True	False	凶暴化	凶暴化しました！　体内に尋常ではない力がみなぎります。	icon_status.plusecritical_tex
99070031	Buff	False	True	False	凶暴化	凶暴化しました！　体内に尋常ではない力がみなぎります。	icon_status.plusecritical_tex
99070032	Buff	False	True	False	凶暴化	凶暴化しました！　体内に尋常ではない力がみなぎります。	icon_status.plusecritical_tex
99070033	Buff	False	True	False	宝石の気	宝石を手にしたクーマスは無敵！	icon_status.pluswill_tex
99070034	Buff	True	True	False	天上の羽	1分間、身体が羽のように軽くなり、落下によるダメージを受けなくなります。	icon_items.q_feather_tex
99070035	Buff	False	True	False	天上の羽-(該当アイコンが見えたらバグ)	身体が羽のように軽くなり、落下によるダメージを受けなくなります。	icon_items.q_feather_tex
472000001	WeakeningEffect	False	True	True			
488000001	Buff	False	True	False			
990070311	Buff	True	True	False	暖かい聖域のオーラ	3分間、HPが持続的に回復されます。他の聖域のオーラと効果は重複しません。	icon_status.delayheal_tex
990070312	Buff	True	True	False	充満した聖域のオーラ	3分間、MPが持続的に回復されます。他の聖域のオーラと効果は重複しません。	icon_items.potion19_tex
990070313	Buff	True	True	False	癒しの聖域のオーラ	3分間、防御力が大幅に上昇します。聖域のオーラ効果は、重複適用されません。	icon_status.plusedefence_tex
990070314	Buff	True	True	False	敏捷な聖域のオーラ	3分間、攻撃速度が大幅に上昇します。他の聖域のオーラと効果は重複しません。 	icon_status.minusspeedresist_tex
990070315	Buff	True	True	False	機敏な聖域のオーラ	3分間、戦闘状態での移動速度が上昇します。他の聖域のオーラと効果は重複しません。 	icon_status.aura_of_wind_tex
990070316	Buff	True	True	False	鋭い聖域のオーラ	3分間、クリティカル発生が大幅に上昇します。他の聖域のオーラと効果は重複しません。 	icon_status.plusattack_tex
990070317	Buff	True	True	False	強力な聖域のオーラ	3分間、攻撃力が大幅に上昇します。他の聖域のオーラと効果は重複しません。 	icon_status.plusattack_tex
990070318	Buff	True	True	False	鋭い感覚	1分間クリティカル発生とクリティカル威力が大幅上昇します。黎明の島を離れると解除されます。	icon_status.plusattack_tex
999001001	Buff	True	True	True	幸運の報酬［勝ち点］	この戦場で勝利すると、さらに勝ち点を獲得できます。	icon_items.reputationpoint_tex
999001002	Buff	True	True	True	幸運の報酬［宝石］	この戦場で勝利すると、追加報酬を受け取ることができます。	icon_items.tresurebox3_tex
999001003	Buff	True	True	True	ドロップ率イベント！	ドロップ率上昇イベント中です。	icon_items.tresurebox3_tex
999001004	Buff	True	True	True	経験値イベント！	経験値増加イベント中です。	icon_status.vitality_tex
999001005	Buff	True	True	True	ゴールドイベント！	ゴールドドロップ増加イベント中です。	icon_items.goldcoin_tex
999001006	Buff	True	True	True	狩りイベント！	アイテムドロップイベント中です。	icon_items.icon_reward_bonus_tex
999001007	Buff	True	True	True	ボーナスタイム！	現在、ボーナスタイム中です。	icon_items.premiumbox_dress4_tex
999001008	Buff	True	True	True	幸運の報酬［アイテム］	今回の冒険でダンジョンをクリアすると、追加報酬を受け取ることができます。	icon_items.tresurebox3_tex
999001011	WeakeningEffect	True	False	False	目隠し	スイカ割りのため、目隠しをします。	icon_status.darkeffect_tex
999001012	Buff	False	True	False	BTS	見えたらバグ	icon_skills.fastwalk_tex
999001013	Buff	False	False	False	BTS	見えたらバグ	icon_skills.fastwalk_tex
999001014	Buff	False	False	False	BTS	見えたらバグ	icon_skills.fastwalk_tex
999001017	Buff	False	False	False	BTS	見えたらバグ	icon_skills.fastwalk_tex
999001018	Buff	True	True	False	レッツパーティー！　	パーティーメンバーの数が多いほど、獲得するアイテム数が増加します。	icon_items.tresurebox3_tex
999001019	Buff	True	True	False	レッツパーティー！　	パーティーメンバーの数が多いほど、獲得するアイテム数が増加します。（報酬率が20％上昇）	icon_items.tresurebox3_tex
999001020	Buff	True	True	False	レッツパーティー！　	パーティーメンバーの数が多いほど、獲得するアイテム数が増加します。（報酬率が50％上昇）	icon_items.tresurebox3_tex
999001021	Buff	True	True	False	レッツパーティー！　	パーティーメンバーの数が多いほど、獲得するアイテム数が増加します。（報酬率が100％上昇）	icon_items.tresurebox3_tex
999001024	Buff	True	True	False	テスト用アクセサリー_XXの心臓	心臓に込められた力が伝達します。力が$H_W_GOOD50$COLOR_END、攻撃速度が$H_W_GOOD20%$COLOR_END上昇します。	icon_items.refine_heart16_tex
999001025	Buff	False	True	False	自体浄化	見えたらバグ	
999001026	Buff	True	True	False	カシュバルの力	カシュバルの羽に込められた力を感じます。力が$H_W_GOOD40$COLOR_END上昇します。	icon_items.beautiful_wings_brooch_cachebar_tex
999001027	Buff	True	True	False	カシュバルの怨恨	カシュバルの恨みを感じます。クリティカル発生が$H_W_GOOD50$COLOR_END、攻撃速度が$H_W_GOOD12%$COLOR_END上昇します。	icon_items.beautiful_wings_brooch_cachebar_tex
999001028	Buff	True	True	False	カシュバルの意志	オルカの意志が感じられます。耐久力が$H_W_GOOD30$COLOR_END上昇します。	icon_items.beautiful_wings_brooch_cachebar_tex
999001029	Buff	True	True	False	女神の強力な力	女神の強力な力が感じられます。力が$H_W_GOOD40$COLOR_END上昇します。 	icon_items.goddess_brooch_tex
999001030	Buff	True	True	False	女神の強力な怨念	女神の強力な恨みが感じられます。クリティカル発生率が$H_W_GOOD50$COLOR_END、攻撃速度が$H_W_GOOD12%$COLOR_END上昇します。 	icon_items.goddess_brooch_tex
999001031	Buff	True	True	False	女神の強力な意志	女神の強力な意志が感じられます。耐久力が$H_W_GOOD30$COLOR_END上昇します。	icon_items.goddess_brooch_tex
999001032	Buff	True	True	False	女神の力	女神の力が感じられます。力が$H_W_GOOD25$COLOR_END上昇します。 	icon_items.goddess_brooch_tex
999001033	Buff	True	True	False	女神の怨念	女神の恨みが感じられます。クリティカル発生率が$H_W_GOOD30$COLOR_END、攻撃速度が$H_W_GOOD7%$COLOR_END上昇します。 	icon_items.goddess_brooch_tex
999001034	Buff	True	True	False	女神の意志	女神の意志が感じられます。耐久力が$H_W_GOOD20$COLOR_END上昇します。	icon_items.goddess_brooch_tex
999001035	Buff	True	True	False	輝く女神の加護	輝く女神の加護を感じます。力$H_W_GOOD30$COLOR_END、クリティカル発生率が$H_W_GOOD30$COLOR_END、攻撃速度が$H_W_GOOD12%$COLOR_END上昇します。	icon_items.parts_magicweaponc8_tex
999001036	Buff	True	True	False	古竜の降臨	古竜の力が宿りました。力$H_W_GOOD30$COLOR_END、クリティカル発生$H_W_GOOD30$COLOR_END、攻撃速度が$H_W_GOOD12%$COLOR_END 向上します。	icon_items.brooch_vergos_tex
999001037	Buff	False	True	False			
999001038	Buff	False	True	False			
999001039	Buff	False	True	False			
999001040	Buff	True	True	False	成長の楽しさ(経験値+50％)	パーティーの人数が多いほど、獲得経験値が増加します。	icon_skills.guildskill1_level2_tex
999001041	Buff	True	True	False	成長の楽しさ(経験値+100％)	パーティーの人数が多いほど、獲得経験値が増加します。	icon_skills.guildskill1_level3_tex
999001042	Buff	True	True	False	成長の楽しさ(経験値+200％)	パーティーの人数が多いほど、獲得経験値が増加します。	icon_skills.guildskill1_level4_tex
999001043	Buff	True	True	False	成長の楽しさ(経験値+400％)	パーティーの人数が多いほど、獲得経験値が増加します。	icon_skills.guildskill1_level5_tex
999008300	Buff	True	True	False	攻撃力増加	攻撃力が $H_W_GOOD15%$COLOR_END 上昇します。	icon_status.plusattack_tex
999008400	WeakeningEffect	True	False	False	防御力減少	防御力が $H_W_GOOD15%$COLOR_END 減少します。	icon_status.minusdefence_tex
999008500	Buff	True	True	False	Hp増加	HPが $H_W_GOOD5%$COLOR_END ずつ増加します。	icon_status.plusattack_tex
999008600	Buff	True	True	False	HP持続回復	1ラウンドの間、 $H_W_GOOD10$COLOR_END second1毎に全HPの$H_W_GOOD8％$COLOR_ENDにあたるHPが持続的に回復します。	icon_skills.healinglightlockon_tex
999008700	Buff	True	True	False	攻撃速度増加	攻撃速度が $H_W_GOOD15%$COLOR_END 上昇します。	icon_status.darkriftareadance_tex
999008701	Buff	True	True	False	攻撃速度増加	攻撃速度が $H_W_GOOD50%$COLOR_END 上昇します。解除不可能です。	icon_status.darkriftareadance_tex
999008800	Buff	True	True	False	クリティカル威力増加	クリティカル率が $H_W_GOOD50%$COLOR_END 上昇します。	icon_skills.handyslash_tex
999008900	WeakeningEffect	True	False	False	移動速度減少	移動速度が $H_W_GOOD20%$COLOR_END 減少します。	icon_status.plusmove_tex
999009000	WeakeningEffect	True	False	False	ダウン抵抗減少	ダウン抵抗確率が $H_W_GOOD20%$COLOR_END 減少します。	icon_status.minuscriticalresist_tex
999009100	WeakeningEffect	True	False	False	攻撃力減少	力が $H_W_BAD15%$COLOR_END 減少します。	icon_status.minuscritical_tex
999009200	Buff	True	True	False	敵 NPC 攻撃力増加	敵NPCの攻撃力が $H_W_GOOD30%$COLOR_END 増加します。	icon_status.darkriftrecovery_tex
999009300	Buff	True	True	False	敵 NPC HP 増加	敵NPCの最大HPが $H_W_GOOD25%$COLOR_END 増加します。	icon_status.diseaseup_tex
999009301	WeakeningEffect	False	False	False			
999009400	WeakeningEffect	True	False	False	脱走兵の烙印	あなたは戦場から逃げた脱走兵です。脱走兵状態では1時間の間、戦場に参加できません。	
999009500	WeakeningEffect	True	False	False	ドットダメージ攻撃	敵軍に5秒に一度全体体力の10％のダメージを与えます。	icon_status.poisondown_tex
999009600	WeakeningEffect	True	False	False	気絶攻撃	敵軍を15秒に一度気絶状態にします。	icon_status.minddomination_tex
999009700	Buff	True	True	False	透明化	透明化します。力が$H_W_GOOD50%$COLOR_END上昇します。	icon_status.immunedebuff_tex
999009710	Buff	True	True	False	HP回復	HPが10000回復します。	icon_items.potion14_tex
999009720	Buff	True	True	False	クールタイム減少	クールタイムが$H_W_GOOD20%$COLOR_END減少します。	icon_status.pluswill_tex
999009730	Buff	True	True	False	移動速度上昇	移動速度が$H_W_GOOD240$COLOR_ENDに固定されます。	icon_status.aura_of_wind_tex
999009740	Buff	True	True	False	MP持続回復	MPが持続的に回復されます。	icon_skills.mpcharge_tex
999009750	Buff	True	True	False	ボンバー	ボンバーの状態になりました。マウスの左クリックをすると自爆して周辺にダメージを与えます。	icon_skills.explosiontrap_tex
999009752	WeakeningEffect	True	False	False	爆発後遺症	爆発の影響により、HPを回復できません。（5秒間持続）	icon_status.minusfocus_tex
999009780	WeakeningEffect	False	True	True			icon_status.minddomination_tex
999009781	Buff	False	True	True			icon_status.minddomination_tex
999009790	Buff	True	True	False	硬直免疫	効果持続中、硬直状態になりません。	icon_status.balanceup_tex
999009800	Buff	True	True	False	強力な力	溢れるエネルギーが消化されず、体が大きくなりました。ダイエットしてください。	icon_status.vitality_tex
999009810	Buff	True	True	False	汚染体	周辺に持続ダメージを与えます。	icon_status.darkriftareawind_tex
999009820	Buff	True	True	False	バリア	バリアがダメージを吸収し、力が$H_W_GOOD50%$COLOR_END上昇します。	icon_status.plusfocus_tex
999010000	Buff	True	True	True	戦場のノクタニウム強化弾	戦場闘士たちに適用されるノクタニウム強化弾效果です。ノクタニウム強化弾を使用してスキルの效果を増大化させます。	icon_items.union_supplies5_tex
81000001	Buff	True	True	False	EP経験値補正テスト	テスト中	
81000002	Buff	True	True	False	特性経験値30増加	特性経験値の獲得量が$H_W_GOOD30%$COLOR_END増加します。	icon_items.ep_grow30_tex
81000003	Buff	True	True	False	特性経験値50増加	特性経験値の獲得量が$H_W_GOOD50%$COLOR_END増加します。	icon_items.ep_grow50_tex
81000004	Buff	True	True	False	特性経験値100増加	特性経験値の獲得量が$H_W_GOOD100%$COLOR_END増加します。	icon_items.ep_grow100_tex
81000005	Buff	False	True	True	ネットカフェ特性経験値増加10	特性経験値の獲得量が$H_W_GOOD10%$COLOR_END増加します。	icon_items.ep_grow30_tex
81010101	Buff	True	True	False	ダメージ減少	ダメージを軽減。戦闘状態に入ると即解除されます。	icon_ep.ep_defense_wellup_tex
81010102	Buff	True	True	False	ダメージ減少	ダメージを軽減。戦闘状態に入ると即解除されます。	icon_ep.ep_defense_wellup_tex
81010103	Buff	True	True	False	ダメージ減少	ダメージを軽減。戦闘状態に入ると即解除されます。	icon_ep.ep_defense_wellup_tex
81010104	Buff	True	True	False	ダメージ減少	ダメージを軽減。戦闘状態に入ると即解除されます。	icon_ep.ep_defense_wellup_tex
81010105	Buff	True	True	False	ダメージ減少	ダメージを軽減。戦闘状態に入ると即解除されます。	icon_ep.ep_defense_wellup_tex
81010106	Buff	True	True	False	ダメージ減少	ダメージを軽減。戦闘状態に入ると即解除されます。	icon_ep.ep_defense_wellup_tex
81010107	Buff	True	True	False	ダメージ減少	ダメージを軽減。戦闘状態に入ると即解除されます。	icon_ep.ep_defense_wellup_tex
81010108	Buff	True	True	False	ダメージ減少	ダメージを軽減。戦闘状態に入ると即解除されます。	icon_ep.ep_defense_wellup_tex
81010109	Buff	True	True	False	ダメージ減少	ダメージを軽減。戦闘状態に入ると即解除されます。	icon_ep.ep_defense_wellup_tex
81010110	Buff	True	True	False	ダメージ減少	ダメージを軽減。戦闘状態に入ると即解除されます。	icon_ep.ep_defense_wellup_tex
81010201	Buff	True	True	False	移動速度増加	非戦闘状態の移動速度が30増加。戦闘状態に入ると即解除されます。	icon_ep.ep_transfer_fightspeed_tex
81010202	Buff	True	True	False	移動速度増加	非戦闘状態の移動速度が30増加。戦闘状態に入ると即解除されます。	icon_ep.ep_transfer_fightspeed_tex
81010203	Buff	True	True	False	移動速度増加	非戦闘状態の移動速度が30増加。戦闘状態に入ると即解除されます。	icon_ep.ep_transfer_fightspeed_tex
81010204	Buff	True	True	False	移動速度増加	非戦闘状態の移動速度が30増加。戦闘状態に入ると即解除されます。	icon_ep.ep_transfer_fightspeed_tex
81010205	Buff	True	True	False	移動速度増加	非戦闘状態の移動速度が30増加。戦闘状態に入ると即解除されます。	icon_ep.ep_transfer_fightspeed_tex
81010206	Buff	True	True	False	移動速度増加	非戦闘状態の移動速度が30増加。戦闘状態に入ると即解除されます。	icon_ep.ep_transfer_fightspeed_tex
81010207	Buff	True	True	False	移動速度増加	非戦闘状態の移動速度が30増加。戦闘状態に入ると即解除されます。	icon_ep.ep_transfer_fightspeed_tex
81010208	Buff	True	True	False	移動速度増加	非戦闘状態の移動速度が100増加。戦闘状態に入ると即解除されます。	icon_ep.ep_transfer_fightspeed_tex
81010209	Buff	True	True	False	移動速度増加	非戦闘状態の移動速度が110増加。戦闘状態に入ると即解除されます。	icon_ep.ep_transfer_fightspeed_tex
81010210	Buff	True	True	False	移動速度増加	非戦闘状態の移動速度が120増加。戦闘状態に入ると即解除されます。	icon_ep.ep_transfer_fightspeed_tex
81020101	Buff	True	True	False	急加速	騎乗時の移動速度増加	icon_ep.ep_transfer_horsespeed_tex
81020102	Buff	True	True	False	急加速	騎乗時の移動速度増加	icon_ep.ep_transfer_horsespeed_tex
81020103	Buff	True	True	False	急加速	騎乗時の移動速度増加	icon_ep.ep_transfer_horsespeed_tex
81020104	Buff	True	True	False	急加速	騎乗時の移動速度増加	icon_ep.ep_transfer_horsespeed_tex
81020105	Buff	True	True	False	急加速	騎乗時の移動速度増加	icon_ep.ep_transfer_horsespeed_tex
81020106	Buff	True	True	False	急加速	騎乗時の移動速度増加	icon_ep.ep_transfer_horsespeed_tex
81020107	Buff	True	True	False	急加速	騎乗時の移動速度増加	icon_ep.ep_transfer_horsespeed_tex
81110401	DamageOverTime	True	False	False	傷1段階	移動速度が$H_W_BAD1％$COLOR_END減少、HPが$H_W_BAD0.5％$COLOR_END（最大1000）持続的に減少	icon_ep.ep_debuff_injury_tex
81110402	DamageOverTime	True	False	False	傷2段階	移動速度が$H_W_BAD2％$COLOR_END減少、HPが$H_W_BAD0.7％$COLOR_END（最大1400）持続的に減少	icon_ep.ep_debuff_injury_tex
81110403	DamageOverTime	True	False	False	傷3段階	移動速度が$H_W_BAD3％$COLOR_END減少、HPが$H_W_BAD0.9％$COLOR_END（最大1800）持続的に減少	icon_ep.ep_debuff_injury_tex
81110404	DamageOverTime	True	False	False	傷4段階	移動速度が$H_W_BAD4％$COLOR_END減少、HPが$H_W_BAD1.1％$COLOR_END（最大2200）持続的に減少	icon_ep.ep_debuff_injury_tex
81110405	DamageOverTime	True	False	False	傷5段階	移動速度が$H_W_BAD5％$COLOR_END減少、HPが$H_W_BAD1.3％$COLOR_END（最大2600）持続的に減少	icon_ep.ep_debuff_injury_tex
81110406	DamageOverTime	True	False	False	傷6段階	移動速度が$H_W_BAD6％$COLOR_END減少、HPが$H_W_BAD1.5％$COLOR_END（最大3000）持続的に減少	icon_ep.ep_debuff_injury_tex
81110407	DamageOverTime	True	False	False	傷7段階	移動速度が$H_W_BAD7％$COLOR_END減少、HPが$H_W_BAD1.7％$COLOR_END（最大3400）持続的に減少	icon_ep.ep_debuff_injury_tex
81110408	DamageOverTime	True	False	False	傷8段階	移動速度が$H_W_BAD8％$COLOR_END減少、HPが$H_W_BAD1.9％$COLOR_END（最大3800）持続的に減少	icon_ep.ep_debuff_injury_tex
81110409	DamageOverTime	True	False	False	傷9段階	移動速度が$H_W_BAD9％$COLOR_END減少、HPが$H_W_BAD2％$COLOR_END（最大4000）持続的に減少	icon_ep.ep_debuff_injury_tex
81110410	DamageOverTime	True	False	False	傷10段階	移動速度が$H_W_BAD10％$COLOR_END減少、HPが$H_W_BAD2％$COLOR_END（最大4000）持続的に減少	icon_ep.ep_debuff_injury_tex
81110501	Stun	True	False	False	気絶	気絶しているため動けません。	icon_ep.ep_reaction_shock_tex
81110502	Stun	True	False	False	気絶	気絶しているため動けません。	icon_ep.ep_reaction_shock_tex
81110503	Stun	True	False	False	気絶	気絶しているため動けません。	icon_ep.ep_reaction_shock_tex
81110504	Stun	True	False	False	気絶	気絶しているため動けません。	icon_ep.ep_reaction_shock_tex
81110505	Stun	True	False	False	気絶	気絶しているため動けません。	icon_ep.ep_reaction_shock_tex
81111001	Buff	True	True	False	猛撃	次の攻撃のクリティカル発生が$H_W_GOOD7$COLOR_END増加	icon_ep.ep_fatal_hitfinish_tex
81111002	Buff	True	True	False	猛撃	次の攻撃のクリティカル発生が$H_W_GOOD8$COLOR_END増加	icon_ep.ep_fatal_hitfinish_tex
81111003	Buff	True	True	False	猛撃	次の攻撃のクリティカル発生が$H_W_GOOD9$COLOR_END増加	icon_ep.ep_fatal_hitfinish_tex
81111004	Buff	True	True	False	猛撃	次の攻撃のクリティカル発生が$H_W_GOOD10$COLOR_END増加	icon_ep.ep_fatal_hitfinish_tex
81111005	Buff	True	True	False	猛撃	次の攻撃のクリティカル発生が$H_W_GOOD11$COLOR_END増加	icon_ep.ep_fatal_hitfinish_tex
81111006	Buff	True	True	False	猛撃	次の攻撃のクリティカル発生が$H_W_GOOD12$COLOR_END増加	icon_ep.ep_fatal_hitfinish_tex
81111007	Buff	True	True	False	猛撃	次の攻撃のクリティカル発生が$H_W_GOOD13$COLOR_END増加	icon_ep.ep_fatal_hitfinish_tex
81111008	Buff	True	True	False	猛撃	次の攻撃のクリティカル発生が$H_W_GOOD14$COLOR_END増加	icon_ep.ep_fatal_hitfinish_tex
81111009	Buff	True	True	False	猛撃	次の攻撃のクリティカル発生が$H_W_GOOD15$COLOR_END増加	icon_ep.ep_fatal_hitfinish_tex
81111010	Buff	True	True	False	猛撃	次の攻撃のクリティカル発生が$H_W_GOOD16$COLOR_END増加	icon_ep.ep_fatal_hitfinish_tex
81111011	Buff	True	True	False	猛撃	次の攻撃のクリティカル発生が$H_W_GOOD17$COLOR_END増加	icon_ep.ep_fatal_hitfinish_tex
81111012	Buff	True	True	False	猛撃	次の攻撃のクリティカル発生が$H_W_GOOD18$COLOR_END増加	icon_ep.ep_fatal_hitfinish_tex
81111013	Buff	True	True	False	猛撃	次の攻撃のクリティカル発生が$H_W_GOOD19$COLOR_END増加	icon_ep.ep_fatal_hitfinish_tex
81111014	Buff	True	True	False	猛撃	次の攻撃のクリティカル発生が$H_W_GOOD20$COLOR_END増加	icon_ep.ep_fatal_hitfinish_tex
81111015	Buff	True	True	False	猛撃	次の攻撃のクリティカル発生が$H_W_GOOD21$COLOR_END増加	icon_ep.ep_fatal_hitfinish_tex
81111016	Buff	True	True	False	猛撃	次の攻撃のクリティカル発生が$H_W_GOOD22$COLOR_END増加	icon_ep.ep_fatal_hitfinish_tex
81111017	Buff	True	True	False	猛撃	次の攻撃のクリティカル発生が$H_W_GOOD23$COLOR_END増加	icon_ep.ep_fatal_hitfinish_tex
81111018	Buff	True	True	False	猛撃	次の攻撃のクリティカル発生が$H_W_GOOD24$COLOR_END増加	icon_ep.ep_fatal_hitfinish_tex
81111019	Buff	True	True	False	猛撃	次の攻撃のクリティカル発生が$H_W_GOOD25$COLOR_END増加	icon_ep.ep_fatal_hitfinish_tex
81111020	Buff	True	True	False	猛撃	次の攻撃のクリティカル発生が$H_W_GOOD26$COLOR_END増加	icon_ep.ep_fatal_hitfinish_tex
81112001	Buff	True	True	False	連迅	次の攻撃速度が$H_W_GOOD5%$COLOR_END増加	icon_ep.ep_attack_speed_tex
81112002	Buff	True	True	False	連迅	次の攻撃速度が$H_W_GOOD5,789473684211%$COLOR_END増加	icon_ep.ep_attack_speed_tex
81112003	Buff	True	True	False	連迅	次の攻撃速度が$H_W_GOOD6,578947368421%$COLOR_END増加	icon_ep.ep_attack_speed_tex
81112004	Buff	True	True	False	連迅	次の攻撃速度が$H_W_GOOD7,368421052632%$COLOR_END増加	icon_ep.ep_attack_speed_tex
81112005	Buff	True	True	False	連迅	次の攻撃速度が$H_W_GOOD8,15789473684201%$COLOR_END増加	icon_ep.ep_attack_speed_tex
81112006	Buff	True	True	False	連迅	次の攻撃速度が$H_W_GOOD8,947368421053%$COLOR_END増加	icon_ep.ep_attack_speed_tex
81112007	Buff	True	True	False	連迅	次の攻撃速度が$H_W_GOOD9,73684210526299%$COLOR_END増加	icon_ep.ep_attack_speed_tex
81112008	Buff	True	True	False	連迅	次の攻撃速度が$H_W_GOOD10,526315789474%$COLOR_END増加	icon_ep.ep_attack_speed_tex
81112009	Buff	True	True	False	連迅	次の攻撃速度が$H_W_GOOD11,315789473684%$COLOR_END増加	icon_ep.ep_attack_speed_tex
81112010	Buff	True	True	False	連迅	次の攻撃速度が$H_W_GOOD12,105263157895%$COLOR_END増加	icon_ep.ep_attack_speed_tex
81112011	Buff	True	True	False	連迅	次の攻撃速度が$H_W_GOOD12,894736842105%$COLOR_END増加	icon_ep.ep_attack_speed_tex
81112012	Buff	True	True	False	連迅	次の攻撃速度が$H_W_GOOD13,684210526316%$COLOR_END増加	icon_ep.ep_attack_speed_tex
81112013	Buff	True	True	False	連迅	次の攻撃速度が$H_W_GOOD14,473684210526%$COLOR_END増加	icon_ep.ep_attack_speed_tex
81112014	Buff	True	True	False	連迅	次の攻撃速度が$H_W_GOOD15,263157894737%$COLOR_END増加	icon_ep.ep_attack_speed_tex
81112015	Buff	True	True	False	連迅	次の攻撃速度が$H_W_GOOD16,052631578947%$COLOR_END増加	icon_ep.ep_attack_speed_tex
81112016	Buff	True	True	False	連迅	次の攻撃速度が$H_W_GOOD16,842105263158%$COLOR_END増加	icon_ep.ep_attack_speed_tex
81112017	Buff	True	True	False	連迅	次の攻撃速度が$H_W_GOOD17,631578947368%$COLOR_END増加	icon_ep.ep_attack_speed_tex
81112018	Buff	True	True	False	連迅	次の攻撃速度が$H_W_GOOD18,421052631579%$COLOR_END増加	icon_ep.ep_attack_speed_tex
81112019	Buff	True	True	False	連迅	次の攻撃速度が$H_W_GOOD19,210526315789%$COLOR_END増加	icon_ep.ep_attack_speed_tex
81112020	Buff	True	True	False	連迅	次の攻撃速度が$H_W_GOOD20%$COLOR_END増加	icon_ep.ep_attack_speed_tex
81112100	Buff	True	True	False	連迅	次のスキルの発動速度が$H_W_GOOD1$COLOR_END増加。重複可。攻撃を受けると解除。	icon_ep.ep_attack_speed_tex
81112201	Buff	True	True	False	快速	攻撃速度が$H_W_GOOD5$COLOR_END増加。ダウン時に解除。	icon_ep.ep_attack_speed_tex
81112202	Buff	True	True	False	快速	攻撃速度が$H_W_GOOD7$COLOR_END増加。ダウン時に解除。	icon_ep.ep_attack_speed_tex
81112203	Buff	True	True	False	快速	攻撃速度が$H_W_GOOD9$COLOR_END増加。ダウン時に解除。	icon_ep.ep_attack_speed_tex
81112204	Buff	True	True	False	快速	攻撃速度が$H_W_GOOD11$COLOR_END増加。ダウン時に解除。	icon_ep.ep_attack_speed_tex
81112205	Buff	True	True	False	快速	攻撃速度が$H_W_GOOD13$COLOR_END増加。ダウン時に解除。	icon_ep.ep_attack_speed_tex
81112206	Buff	True	True	False	快速	攻撃速度が$H_W_GOOD15$COLOR_END増加。ダウン時に解除。	icon_ep.ep_attack_speed_tex
81112207	Buff	True	True	False	快速	攻撃速度が$H_W_GOOD17$COLOR_END増加。ダウン時に解除。	icon_ep.ep_attack_speed_tex
81112208	Buff	True	True	False	快速	攻撃速度が$H_W_GOOD19$COLOR_END増加。ダウン時に解除。	icon_ep.ep_attack_speed_tex
81112209	Buff	True	True	False	快速	攻撃速度が$H_W_GOOD21$COLOR_END増加。ダウン時に解除。	icon_ep.ep_attack_speed_tex
81112210	Buff	True	True	False	快速	攻撃速度が$H_W_GOOD23$COLOR_END増加。ダウン時に解除。	icon_ep.ep_attack_speed_tex
81120001	Buff	True	True	False	特性解除	見えてはいけない異常状態です。	icon_skills.manashield_tex
81120002	DamageOverTime	True	False	False	特性祝福解除	見えてはいけない異常状態です。	icon_skills.manashield_tex
81120101	Buff	True	True	False	致命の教え	クリティカル抵抗が$H_W_GOOD5$COLOR_END増加。ダウン時に解除。	icon_ep.ep_fatal_injury_tex
81120102	Buff	True	True	False	致命の教え	クリティカル抵抗が$H_W_GOOD5$COLOR_END増加。ダウン時に解除。	icon_ep.ep_fatal_injury_tex
81120103	Buff	True	True	False	致命の教え	クリティカル抵抗が$H_W_GOOD5$COLOR_END増加。ダウン時に解除。	icon_ep.ep_fatal_injury_tex
81120104	Buff	True	True	False	致命の教え	クリティカル抵抗が$H_W_GOOD5$COLOR_END増加。ダウン時に解除。	icon_ep.ep_fatal_injury_tex
81120105	Buff	True	True	False	致命の教え	クリティカル抵抗が$H_W_GOOD5$COLOR_END増加。ダウン時に解除。	icon_ep.ep_fatal_injury_tex
81120106	Buff	True	True	False	致命の教え	クリティカル抵抗が$H_W_GOOD5$COLOR_END増加。ダウン時に解除。	icon_ep.ep_fatal_injury_tex
81120107	Buff	True	True	False	致命の教え	クリティカル抵抗が$H_W_GOOD5$COLOR_END増加。ダウン時に解除。	icon_ep.ep_fatal_injury_tex
81120108	Buff	True	True	False	致命の教え	クリティカル抵抗が$H_W_GOOD5$COLOR_END増加。ダウン時に解除。	icon_ep.ep_fatal_injury_tex
81120109	Buff	True	True	False	致命の教え	クリティカル抵抗が$H_W_GOOD5$COLOR_END増加。ダウン時に解除。	icon_ep.ep_fatal_injury_tex
81120110	Buff	True	True	False	致命の教え	クリティカル抵抗が$H_W_GOOD5$COLOR_END増加。ダウン時に解除。	icon_ep.ep_fatal_injury_tex
81120111	Buff	True	True	False	致命の教え	クリティカル抵抗が$H_W_GOOD6$COLOR_END増加。ダウン時に解除。	icon_ep.ep_fatal_injury_tex
81120112	Buff	True	True	False	致命の教え	クリティカル抵抗が$H_W_GOOD6$COLOR_END増加。ダウン時に解除。	icon_ep.ep_fatal_injury_tex
81120113	Buff	True	True	False	致命の教え	クリティカル抵抗が$H_W_GOOD6$COLOR_END増加。ダウン時に解除。	icon_ep.ep_fatal_injury_tex
81120114	Buff	True	True	False	致命の教え	クリティカル抵抗が$H_W_GOOD6$COLOR_END増加。ダウン時に解除。	icon_ep.ep_fatal_injury_tex
81120115	Buff	True	True	False	致命の教え	クリティカル抵抗が$H_W_GOOD6$COLOR_END増加。ダウン時に解除。	icon_ep.ep_fatal_injury_tex
81120201	Buff	True	True	False	襲撃耐性	全ての攻撃を受け付けません。スキル使用時に解除されます。	icon_ep.ep_special_unbeatable_tex
81120202	Buff	True	True	False	襲撃耐性	全ての攻撃を受け付けません。スキル使用時に解除されます。	icon_ep.ep_special_unbeatable_tex
81120203	Buff	True	True	False	襲撃耐性	全ての攻撃を受け付けません。スキル使用時に解除されます。	icon_ep.ep_special_unbeatable_tex
81120204	Buff	True	True	False	襲撃耐性	全ての攻撃を受け付けません。スキル使用時に解除されます。	icon_ep.ep_special_unbeatable_tex
81120205	Buff	True	True	False	襲撃耐性	全ての攻撃を受け付けません。スキル使用時に解除されます。	icon_ep.ep_special_unbeatable_tex
81120206	Buff	True	True	False	襲撃耐性	全ての攻撃を受け付けません。スキル使用時に解除されます。	icon_ep.ep_special_unbeatable_tex
81120207	Buff	True	True	False	襲撃耐性	全ての攻撃を受け付けません。スキル使用時に解除されます。	icon_ep.ep_special_unbeatable_tex
81120208	Buff	True	True	False	襲撃耐性	全ての攻撃を受け付けません。スキル使用時に解除されます。	icon_ep.ep_special_unbeatable_tex
81120209	Buff	True	True	False	襲撃耐性	全ての攻撃を受け付けません。スキル使用時に解除されます。	icon_ep.ep_special_unbeatable_tex
81120210	Buff	True	True	False	襲撃耐性	全ての攻撃を受け付けません。スキル使用時に解除されます。	icon_ep.ep_special_unbeatable_tex
81120301	WeakeningEffect	True	False	False	クリティカル抵抗減少	クリティカル抵抗が$H_W_BAD-3$COLOR_END減少。ダウン/硬直/スタン時に解除	icon_ep.ep_special_load_tex
81120302	WeakeningEffect	True	False	False	クリティカル抵抗減少	クリティカル抵抗が$H_W_BAD-4$COLOR_END減少。ダウン/硬直/スタン時に解除	icon_ep.ep_special_load_tex
81120303	WeakeningEffect	True	False	False	クリティカル抵抗減少	クリティカル抵抗が$H_W_BAD-5$COLOR_END減少。ダウン/硬直/スタン時に解除	icon_ep.ep_special_load_tex
81120304	WeakeningEffect	True	False	False	クリティカル抵抗減少	クリティカル抵抗が$H_W_BAD-6$COLOR_END減少。ダウン/硬直/スタン時に解除	icon_ep.ep_special_load_tex
81120305	WeakeningEffect	True	False	False	クリティカル抵抗減少	クリティカル抵抗が$H_W_BAD-7$COLOR_END減少。ダウン/硬直/スタン時に解除	icon_ep.ep_special_load_tex
81120306	WeakeningEffect	True	False	False	クリティカル抵抗減少	クリティカル抵抗が$H_W_BAD-8$COLOR_END減少。ダウン/硬直/スタン時に解除	icon_ep.ep_special_load_tex
81120307	WeakeningEffect	True	False	False	クリティカル抵抗減少	クリティカル抵抗が$H_W_BAD-9$COLOR_END減少。ダウン/硬直/スタン時に解除	icon_ep.ep_special_load_tex
81120308	WeakeningEffect	True	False	False	クリティカル抵抗減少	クリティカル抵抗が$H_W_BAD-10$COLOR_END減少。ダウン/硬直/スタン時に解除	icon_ep.ep_special_load_tex
81120309	WeakeningEffect	True	False	False	クリティカル抵抗減少	クリティカル抵抗が$H_W_BAD-11$COLOR_END減少。ダウン/硬直/スタン時に解除	icon_ep.ep_special_load_tex
81120310	WeakeningEffect	True	False	False	クリティカル抵抗減少	クリティカル抵抗が$H_W_BAD-12$COLOR_END減少。ダウン/硬直/スタン時に解除	icon_ep.ep_special_load_tex
81120401	Buff	True	True	False	クリティカル抵抗上昇	クリティカル抵抗が$H_W_BAD3$COLOR_END上昇。 ダウン/硬直/スタン時に解除	icon_ep.ep_fatal_injury_tex
81120402	Buff	True	True	False	クリティカル抵抗上昇	クリティカル抵抗が$H_W_BAD4$COLOR_END上昇。 ダウン/硬直/スタン時に解除	icon_ep.ep_fatal_injury_tex
81120403	Buff	True	True	False	クリティカル抵抗上昇	クリティカル抵抗が$H_W_BAD5$COLOR_END上昇。 ダウン/硬直/スタン時に解除	icon_ep.ep_fatal_injury_tex
81120404	Buff	True	True	False	クリティカル抵抗上昇	クリティカル抵抗が$H_W_BAD6$COLOR_END上昇。 ダウン/硬直/スタン時に解除	icon_ep.ep_fatal_injury_tex
81120405	Buff	True	True	False	クリティカル抵抗上昇	クリティカル抵抗が$H_W_BAD7$COLOR_END上昇。 ダウン/硬直/スタン時に解除	icon_ep.ep_fatal_injury_tex
81120406	Buff	True	True	False	クリティカル抵抗上昇	クリティカル抵抗が$H_W_BAD8$COLOR_END上昇。 ダウン/硬直/スタン時に解除	icon_ep.ep_fatal_injury_tex
81120407	Buff	True	True	False	クリティカル抵抗上昇	クリティカル抵抗が$H_W_BAD9$COLOR_END上昇。 ダウン/硬直/スタン時に解除	icon_ep.ep_fatal_injury_tex
81120408	Buff	True	True	False	クリティカル抵抗上昇	クリティカル抵抗が$H_W_BAD10$COLOR_END上昇。 ダウン/硬直/スタン時に解除	icon_ep.ep_fatal_injury_tex
81120409	Buff	True	True	False	クリティカル抵抗上昇	クリティカル抵抗が$H_W_BAD11$COLOR_END上昇。 ダウン/硬直/スタン時に解除	icon_ep.ep_fatal_injury_tex
81120410	Buff	True	True	False	クリティカル抵抗上昇	クリティカル抵抗が$H_W_BAD12$COLOR_END上昇。 ダウン/硬直/スタン時に解除	icon_ep.ep_fatal_injury_tex
81120411	Buff	True	True	False	クリティカル抵抗上昇	クリティカル抵抗が$H_W_BAD13$COLOR_END上昇。 ダウン/硬直/スタン時に解除	icon_ep.ep_fatal_injury_tex
81120412	Buff	True	True	False	クリティカル抵抗上昇	クリティカル抵抗が$H_W_BAD14$COLOR_END上昇。 ダウン/硬直/スタン時に解除	icon_ep.ep_fatal_injury_tex
81120413	Buff	True	True	False	クリティカル抵抗上昇	クリティカル抵抗が$H_W_BAD15$COLOR_END上昇。 ダウン/硬直/スタン時に解除	icon_ep.ep_fatal_injury_tex
81120414	Buff	True	True	False	クリティカル抵抗上昇	クリティカル抵抗が$H_W_BAD16$COLOR_END上昇。 ダウン/硬直/スタン時に解除	icon_ep.ep_fatal_injury_tex
81120415	Buff	True	True	False	クリティカル抵抗上昇	クリティカル抵抗が$H_W_BAD17$COLOR_END上昇。 ダウン/硬直/スタン時に解除	icon_ep.ep_fatal_injury_tex
81120416	Buff	True	True	False	クリティカル抵抗上昇	クリティカル抵抗が$H_W_BAD18$COLOR_END上昇。 ダウン/硬直/スタン時に解除	icon_ep.ep_fatal_injury_tex
81120417	Buff	True	True	False	クリティカル抵抗上昇	クリティカル抵抗が$H_W_BAD19$COLOR_END上昇。 ダウン/硬直/スタン時に解除	icon_ep.ep_fatal_injury_tex
81120418	Buff	True	True	False	クリティカル抵抗上昇	クリティカル抵抗が$H_W_BAD20$COLOR_END上昇。 ダウン/硬直/スタン時に解除	icon_ep.ep_fatal_injury_tex
81120419	Buff	True	True	False	クリティカル抵抗上昇	クリティカル抵抗が$H_W_BAD21$COLOR_END上昇。 ダウン/硬直/スタン時に解除	icon_ep.ep_fatal_injury_tex
81120420	Buff	True	True	False	クリティカル抵抗上昇	クリティカル抵抗が$H_W_BAD22$COLOR_END上昇。 ダウン/硬直/スタン時に解除	icon_ep.ep_fatal_injury_tex
81121000	Buff	True	True	False	リアクション抵抗	ダウン/硬直抵抗	icon_ep.ep_special_unbeatable_tex
81121101	Buff	True	True	False	持続バリア1段階	最大$H_W_GOOD2500$COLOR_ENDのダメージを吸収します。最大値を超えると持続時間に関わらず即解除されます。	icon_ep.ep_protect_continue_tex
81121102	Buff	True	True	False	持続バリア1段階	最大$H_W_GOOD3200$COLOR_ENDのダメージを吸収します。最大値を超えると持続時間に関わらず即解除されます。	icon_ep.ep_protect_continue_tex
81121103	Buff	True	True	False	持続バリア1段階	最大$H_W_GOOD3900$COLOR_ENDのダメージを吸収します。最大値を超えると持続時間に関わらず即解除されます。	icon_ep.ep_protect_continue_tex
81121104	Buff	True	True	False	持続バリア1段階	最大$H_W_GOOD4600$COLOR_ENDのダメージを吸収します。最大値を超えると持続時間に関わらず即解除されます。	icon_ep.ep_protect_continue_tex
81121105	Buff	True	True	False	持続バリア1段階	最大$H_W_GOOD5300$COLOR_ENDのダメージを吸収します。最大値を超えると持続時間に関わらず即解除されます。	icon_ep.ep_protect_continue_tex
81121201	Buff	True	True	False	強力バリア1段階	最大$H_W_GOOD7500$COLOR_ENDのダメージを吸収します。最大値を超えると持続時間に関わらず即解除されます。	icon_ep.ep_protect_strong_tex
81121202	Buff	True	True	False	強力バリア2段階	最大$H_W_GOOD10000$COLOR_ENDのダメージを吸収します。最大値を超えると持続時間に関わらず即解除されます。	icon_ep.ep_protect_strong_tex
81121203	Buff	True	True	False	強力バリア3段階	最大$H_W_GOOD12500$COLOR_ENDのダメージを吸収します。最大値を超えると持続時間に関わらず即解除されます。	icon_ep.ep_protect_strong_tex
81121204	Buff	True	True	False	強力バリア4段階	最大$H_W_GOOD15000$COLOR_ENDのダメージを吸収します。最大値を超えると持続時間に関わらず即解除されます。	icon_ep.ep_protect_strong_tex
81121205	Buff	True	True	False	強力バリア5段階	最大$H_W_GOOD17500$COLOR_ENDのダメージを吸収します。最大値を超えると持続時間に関わらず即解除されます。	icon_ep.ep_protect_strong_tex
81122034	Buff	True	True	False	「反撃」再使用	ツールチップが見えたらいけない異常状態	
81123001	Buff	True	True	False	加速戦闘1段階	戦闘状態の移動速度が$H_W_GOOD7$COLOR_END増加。攻撃を受けると解除	icon_ep.ep_transfer_fightspeed_tex
81123002	Buff	True	True	False	加速戦闘2段階	戦闘状態の移動速度が$H_W_GOOD9$COLOR_END増加。攻撃を受けると解除	icon_ep.ep_transfer_fightspeed_tex
81123003	Buff	True	True	False	加速戦闘3段階	戦闘状態の移動速度が$H_W_GOOD11$COLOR_END増加。攻撃を受けると解除	icon_ep.ep_transfer_fightspeed_tex
81123004	Buff	True	True	False	加速戦闘4段階	戦闘状態の移動速度が$H_W_GOOD13$COLOR_END増加。攻撃を受けると解除	icon_ep.ep_transfer_fightspeed_tex
81123005	Buff	True	True	False	加速戦闘5段階	戦闘状態の移動速度が$H_W_GOOD15$COLOR_END増加。攻撃を受けると解除	icon_ep.ep_transfer_fightspeed_tex
81123006	Buff	True	True	False	加速戦闘6段階	戦闘状態の移動速度が$H_W_GOOD17$COLOR_END増加。攻撃を受けると解除	icon_ep.ep_transfer_fightspeed_tex
81123007	Buff	True	True	False	加速戦闘7段階	戦闘状態の移動速度が$H_W_GOOD19$COLOR_END増加。攻撃を受けると解除	icon_ep.ep_transfer_fightspeed_tex
81123008	Buff	True	True	False	加速戦闘8段階	戦闘状態の移動速度が$H_W_GOOD21$COLOR_END増加。攻撃を受けると解除	icon_ep.ep_transfer_fightspeed_tex
81123009	Buff	True	True	False	加速戦闘9段階	戦闘状態の移動速度が$H_W_GOOD23$COLOR_END増加。攻撃を受けると解除	icon_ep.ep_transfer_fightspeed_tex
81123010	Buff	True	True	False	加速戦闘10段階	戦闘状態の移動速度が$H_W_GOOD25$COLOR_END増加。攻撃を受けると解除	icon_ep.ep_transfer_fightspeed_tex
81123011	Buff	True	True	False	加速戦闘11段階	戦闘状態の移動速度が$H_W_GOOD27$COLOR_END増加。攻撃を受けると解除	icon_ep.ep_transfer_fightspeed_tex
81123012	Buff	True	True	False	加速戦闘12段階	戦闘状態の移動速度が$H_W_GOOD29$COLOR_END増加。攻撃を受けると解除	icon_ep.ep_transfer_fightspeed_tex
81123013	Buff	True	True	False	加速戦闘13段階	戦闘状態の移動速度が$H_W_GOOD31$COLOR_END増加。攻撃を受けると解除	icon_ep.ep_transfer_fightspeed_tex
81123014	Buff	True	True	False	加速戦闘14段階	戦闘状態の移動速度が$H_W_GOOD33$COLOR_END増加。攻撃を受けると解除	icon_ep.ep_transfer_fightspeed_tex
81123015	Buff	True	True	False	加速戦闘15段階	戦闘状態の移動速度が$H_W_GOOD35$COLOR_END増加。攻撃を受けると解除	icon_ep.ep_transfer_fightspeed_tex
81123101	Buff	True	True	False	高速戦闘1段階	戦闘状態の移動速度が$H_W_GOOD14$COLOR_END増加。攻撃を受けると解除	icon_ep.ep_transfer_fightspeedup_tex
81123102	Buff	True	True	False	高速戦闘2段階	戦闘状態の移動速度が$H_W_GOOD18$COLOR_END増加。攻撃を受けると解除	icon_ep.ep_transfer_fightspeedup_tex
81123103	Buff	True	True	False	高速戦闘3段階	戦闘状態の移動速度が$H_W_GOOD22$COLOR_END増加。攻撃を受けると解除	icon_ep.ep_transfer_fightspeedup_tex
81123104	Buff	True	True	False	高速戦闘4段階	戦闘状態の移動速度が$H_W_GOOD26$COLOR_END増加。攻撃を受けると解除	icon_ep.ep_transfer_fightspeedup_tex
81123105	Buff	True	True	False	高速戦闘5段階	戦闘状態の移動速度が$H_W_GOOD30$COLOR_END増加。攻撃を受けると解除	icon_ep.ep_transfer_fightspeedup_tex
81123106	Buff	True	True	False	高速戦闘6段階	戦闘状態の移動速度が$H_W_GOOD34$COLOR_END増加。攻撃を受けると解除	icon_ep.ep_transfer_fightspeedup_tex
81123107	Buff	True	True	False	高速戦闘7段階	戦闘状態の移動速度が$H_W_GOOD38$COLOR_END増加。攻撃を受けると解除	icon_ep.ep_transfer_fightspeedup_tex
81123108	Buff	True	True	False	高速戦闘8段階	戦闘状態の移動速度が$H_W_GOOD42$COLOR_END増加。攻撃を受けると解除	icon_ep.ep_transfer_fightspeedup_tex
81123109	Buff	True	True	False	高速戦闘9段階	戦闘状態の移動速度が$H_W_GOOD46$COLOR_END増加。攻撃を受けると解除	icon_ep.ep_transfer_fightspeedup_tex
81123110	Buff	True	True	False	高速戦闘10段階	戦闘状態の移動速度が$H_W_GOOD50$COLOR_END増加。攻撃を受けると解除	icon_ep.ep_transfer_fightspeedup_tex
81123111	Buff	True	True	False	高速戦闘11段階	戦闘状態の移動速度が$H_W_GOOD54$COLOR_END増加。攻撃を受けると解除	icon_ep.ep_transfer_fightspeedup_tex
81123112	Buff	True	True	False	高速戦闘12段階	戦闘状態の移動速度が$H_W_GOOD58$COLOR_END増加。攻撃を受けると解除	icon_ep.ep_transfer_fightspeedup_tex
81123113	Buff	True	True	False	高速戦闘13段階	戦闘状態の移動速度が$H_W_GOOD62$COLOR_END増加。攻撃を受けると解除	icon_ep.ep_transfer_fightspeedup_tex
81123114	Buff	True	True	False	高速戦闘14段階	戦闘状態の移動速度が$H_W_GOOD66$COLOR_END増加。攻撃を受けると解除	icon_ep.ep_transfer_fightspeedup_tex
81123115	Buff	True	True	False	高速戦闘15段階	戦闘状態の移動速度が$H_W_GOOD70$COLOR_END増加。攻撃を受けると解除	icon_ep.ep_transfer_fightspeedup_tex
81123201	Buff	True	True	False	加速1段階	移動速度が$H_W_GOOD7$COLOR_END増加。攻撃を受けると解除	icon_ep.ep_transfer_speed_tex
81123202	Buff	True	True	False	加速2段階	移動速度が$H_W_GOOD9$COLOR_END増加。攻撃を受けると解除	icon_ep.ep_transfer_speed_tex
81123203	Buff	True	True	False	加速3段階	移動速度が$H_W_GOOD11$COLOR_END増加。攻撃を受けると解除	icon_ep.ep_transfer_speed_tex
81123204	Buff	True	True	False	加速4段階	移動速度が$H_W_GOOD13$COLOR_END増加。攻撃を受けると解除	icon_ep.ep_transfer_speed_tex
81123205	Buff	True	True	False	加速5段階	移動速度が$H_W_GOOD15$COLOR_END増加。攻撃を受けると解除	icon_ep.ep_transfer_speed_tex
81123206	Buff	True	True	False	加速6段階	移動速度が$H_W_GOOD17$COLOR_END増加。攻撃を受けると解除	icon_ep.ep_transfer_speed_tex
81123207	Buff	True	True	False	加速7段階	移動速度が$H_W_GOOD19$COLOR_END増加。攻撃を受けると解除	icon_ep.ep_transfer_speed_tex
81123208	Buff	True	True	False	加速8段階	移動速度が$H_W_GOOD21$COLOR_END増加。攻撃を受けると解除	icon_ep.ep_transfer_speed_tex
81123209	Buff	True	True	False	加速9段階	移動速度が$H_W_GOOD23$COLOR_END増加。攻撃を受けると解除	icon_ep.ep_transfer_speed_tex
81123210	Buff	True	True	False	加速10段階	移動速度が$H_W_GOOD25$COLOR_END増加。攻撃を受けると解除	icon_ep.ep_transfer_speed_tex
81123211	Buff	True	True	False	加速11段階	移動速度が$H_W_GOOD27$COLOR_END増加。攻撃を受けると解除	icon_ep.ep_transfer_speed_tex
81123212	Buff	True	True	False	加速12段階	移動速度が$H_W_GOOD29$COLOR_END増加。攻撃を受けると解除	icon_ep.ep_transfer_speed_tex
81123213	Buff	True	True	False	加速13段階	移動速度が$H_W_GOOD31$COLOR_END増加。攻撃を受けると解除	icon_ep.ep_transfer_speed_tex
81123214	Buff	True	True	False	加速14段階	移動速度が$H_W_GOOD33$COLOR_END増加。攻撃を受けると解除	icon_ep.ep_transfer_speed_tex
81123215	Buff	True	True	False	加速15段階	移動速度が$H_W_GOOD35$COLOR_END増加。攻撃を受けると解除	icon_ep.ep_transfer_speed_tex
81124101	Buff	True	True	False	根性	ダウン/硬直の発生確率が$H_W_GOOD10%$COLOR_END減少	icon_ep.ep_reaction_tenacity_tex
81124102	Buff	True	True	False	根性	ダウン/硬直の発生確率が$H_W_GOOD12%$COLOR_END減少	icon_ep.ep_reaction_tenacity_tex
81124103	Buff	True	True	False	根性	ダウン/硬直の発生確率が$H_W_GOOD14%$COLOR_END減少	icon_ep.ep_reaction_tenacity_tex
81124104	Buff	True	True	False	根性	ダウン/硬直の発生確率が$H_W_GOOD16%$COLOR_END減少	icon_ep.ep_reaction_tenacity_tex
81124105	Buff	True	True	False	根性	ダウン/硬直の発生確率が$H_W_GOOD18%$COLOR_END減少	icon_ep.ep_reaction_tenacity_tex
81124106	Buff	True	True	False	根性	ダウン/硬直の発生確率が$H_W_GOOD20%$COLOR_END減少	icon_ep.ep_reaction_tenacity_tex
81124107	Buff	True	True	False	根性	ダウン/硬直の発生確率が$H_W_GOOD22%$COLOR_END減少	icon_ep.ep_reaction_tenacity_tex
81124108	Buff	True	True	False	根性	ダウン/硬直の発生確率が$H_W_GOOD24%$COLOR_END減少	icon_ep.ep_reaction_tenacity_tex
81124109	Buff	True	True	False	根性	ダウン/硬直の発生確率が$H_W_GOOD26%$COLOR_END減少	icon_ep.ep_reaction_tenacity_tex
81124110	Buff	True	True	False	根性	ダウン/硬直の発生確率が$H_W_GOOD28%$COLOR_END減少	icon_ep.ep_reaction_tenacity_tex
81130101	Buff	True	True	False	コンディション回復	コンディションが持続的に回復します。戦闘状態に入ると解除されます。	
81130102	Buff	True	True	False	コンディション回復	コンディションが持続的に回復します。戦闘状態に入ると解除されます。	
81130103	Buff	True	True	False	コンディション回復	コンディションが持続的に回復します。戦闘状態に入ると解除されます。	
81130104	Buff	True	True	False	コンディション回復	コンディションが持続的に回復します。戦闘状態に入ると解除されます。	
81130105	Buff	True	True	False	コンディション回復	コンディションが持続的に回復します。戦闘状態に入ると解除されます。	
81130106	Buff	True	True	False	コンディション回復	コンディションが持続的に回復します。戦闘状態に入ると解除されます。	
81130107	Buff	True	True	False	コンディション回復	コンディションが持続的に回復します。戦闘状態に入ると解除されます。	
81130108	Buff	True	True	False	コンディション回復	コンディションが持続的に回復します。戦闘状態に入ると解除されます。	
81130109	Buff	True	True	False	コンディション回復	コンディションが持続的に回復します。戦闘状態に入ると解除されます。	
81130110	Buff	True	True	False	コンディション回復	コンディションが持続的に回復します。戦闘状態に入ると解除されます。	
81130111	Buff	True	True	False	コンディション回復	コンディションが持続的に回復します。戦闘状態に入ると解除されます。	
81130112	Buff	True	True	False	コンディション回復	コンディションが持続的に回復します。戦闘状態に入ると解除されます。	
81130113	Buff	True	True	False	コンディション回復	コンディションが持続的に回復します。戦闘状態に入ると解除されます。	
81130114	Buff	True	True	False	コンディション回復	コンディションが持続的に回復します。戦闘状態に入ると解除されます。	
81130115	Buff	True	True	False	コンディション回復	コンディションが持続的に回復します。戦闘状態に入ると解除されます。	
81130116	Buff	True	True	False	コンディション回復	コンディションが持続的に回復します。戦闘状態に入ると解除されます。	
81130117	Buff	True	True	False	コンディション回復	コンディションが持続的に回復します。戦闘状態に入ると解除されます。	
81130118	Buff	True	True	False	コンディション回復	コンディションが持続的に回復します。戦闘状態に入ると解除されます。	
81130119	Buff	True	True	False	コンディション回復	コンディションが持続的に回復します。戦闘状態に入ると解除されます。	
81130120	Buff	True	True	False	コンディション回復	コンディションが持続的に回復します。戦闘状態に入ると解除されます。	
81401001	DamageOverTime	True	False	False	移動速度減少	移動速度が$H_W_BAD10%$COLOR_END減少。	icon_ep.ep_transfer_speeddown_tex
81401002	DamageOverTime	True	False	False	移動速度減少	移動速度が$H_W_BAD13%$COLOR_END減少。	icon_ep.ep_transfer_speeddown_tex
81401003	DamageOverTime	True	False	False	移動速度減少	移動速度が$H_W_BAD16%$COLOR_END減少。	icon_ep.ep_transfer_speeddown_tex
81401004	DamageOverTime	True	False	False	移動速度減少	移動速度が$H_W_BAD19%$COLOR_END減少。	icon_ep.ep_transfer_speeddown_tex
81401005	DamageOverTime	True	False	False	移動速度減少	移動速度が$H_W_BAD22%$COLOR_END減少。	icon_ep.ep_transfer_speeddown_tex
81401006	DamageOverTime	True	False	False	移動速度減少	移動速度が$H_W_BAD25%$COLOR_END減少。	icon_ep.ep_transfer_speeddown_tex
81401007	DamageOverTime	True	False	False	移動速度減少	移動速度が$H_W_BAD28%$COLOR_END減少。	icon_ep.ep_transfer_speeddown_tex
81401008	DamageOverTime	True	False	False	移動速度減少	移動速度が$H_W_BAD31%$COLOR_END減少。	icon_ep.ep_transfer_speeddown_tex
81401009	DamageOverTime	True	False	False	移動速度減少	移動速度が$H_W_BAD34%$COLOR_END減少。	icon_ep.ep_transfer_speeddown_tex
81401010	DamageOverTime	True	False	False	移動速度減少	移動速度が$H_W_BAD37%$COLOR_END減少。	icon_ep.ep_transfer_speeddown_tex
81401101	DamageOverTime	True	False	False	移動速度減少	移動速度が$H_W_BAD5%$COLOR_END減少。	icon_ep.ep_transfer_speeddown_tex
81401102	DamageOverTime	True	False	False	移動速度減少	移動速度が$H_W_BAD6,5%$COLOR_END減少。	icon_ep.ep_transfer_speeddown_tex
81401103	DamageOverTime	True	False	False	移動速度減少	移動速度が$H_W_BAD8%$COLOR_END減少。	icon_ep.ep_transfer_speeddown_tex
81401104	DamageOverTime	True	False	False	移動速度減少	移動速度が$H_W_BAD9,5%$COLOR_END減少。	icon_ep.ep_transfer_speeddown_tex
81401105	DamageOverTime	True	False	False	移動速度減少	移動速度が$H_W_BAD11%$COLOR_END減少。	icon_ep.ep_transfer_speeddown_tex
81401106	DamageOverTime	True	False	False	移動速度減少	移動速度が$H_W_BAD12,5%$COLOR_END減少。	icon_ep.ep_transfer_speeddown_tex
81401107	DamageOverTime	True	False	False	移動速度減少	移動速度が$H_W_BAD14%$COLOR_END減少。	icon_ep.ep_transfer_speeddown_tex
81401108	DamageOverTime	True	False	False	移動速度減少	移動速度が$H_W_BAD15,5%$COLOR_END減少。	icon_ep.ep_transfer_speeddown_tex
81401109	DamageOverTime	True	False	False	移動速度減少	移動速度が$H_W_BAD17%$COLOR_END減少。	icon_ep.ep_transfer_speeddown_tex
81401110	DamageOverTime	True	False	False	移動速度減少	移動速度が$H_W_BAD18,5%$COLOR_END減少。	icon_ep.ep_transfer_speeddown_tex
88102301	Buff	False	True	False	（シークレット）ST回復	見えてはいけない異常状態です。	
88102302	Buff	False	True	False	（シークレット）ST回復	見えてはいけない異常状態です。	
88102303	Buff	False	True	False	（シークレット）ST回復	見えてはいけない異常状態です。	
88102304	Buff	False	True	False	（シークレット）ST回復	見えてはいけない異常状態です。	
88102305	Buff	False	True	False	（シークレット）ST回復	見えてはいけない異常状態です。	
88102306	Buff	False	True	False	（シークレット）ST回復	見えてはいけない異常状態です。	
88102307	Buff	False	True	False	（シークレット）ST回復	見えてはいけない異常状態です。	
88102308	Buff	False	True	False	（シークレット）ST回復	見えてはいけない異常状態です。	
88102309	Buff	False	True	False	（シークレット）ST回復	見えてはいけない異常状態です。	
88102310	Buff	False	True	False	（シークレット）ST回復	見えてはいけない異常状態です。	
88116100	Buff	True	True	False	ダッシュスラッシュリロード	(シークレット)次のスキル命中時、 ターニングスラッシュクールタイム初期化	icon_ep.ep_cooltime_restart_tex
88120101	Buff	True	True	False	必殺の怪力	打撃時に重複	icon_ep.ep_attack_strong_tex
88120102	Buff	True	True	False	必殺の怪力	打撃時に重複	icon_ep.ep_attack_strong_tex
88120103	Buff	True	True	False	必殺の怪力	打撃時に重複	icon_ep.ep_attack_strong_tex
88120104	Buff	True	True	False	必殺の怪力	打撃時に重複	icon_ep.ep_attack_strong_tex
88120105	Buff	True	True	False	必殺の怪力	打撃時に重複	icon_ep.ep_attack_strong_tex
88120106	Buff	True	True	False	必殺の怪力	打撃時に重複	icon_ep.ep_attack_strong_tex
88120107	Buff	True	True	False	必殺の怪力	打撃時に重複	icon_ep.ep_attack_strong_tex
88120108	Buff	True	True	False	必殺の怪力	打撃時に重複	icon_ep.ep_attack_strong_tex
88120109	Buff	True	True	False	必殺の怪力	打撃時に重複	icon_ep.ep_attack_strong_tex
88120110	Buff	True	True	False	必殺の怪力	打撃時に重複	icon_ep.ep_attack_strong_tex
88120111	Buff	True	True	False	必殺の怪力	打撃時に重複	icon_ep.ep_attack_strong_tex
88120112	Buff	True	True	False	必殺の怪力	打撃時に重複	icon_ep.ep_attack_strong_tex
88120113	Buff	True	True	False	必殺の怪力	打撃時に重複	icon_ep.ep_attack_strong_tex
88120114	Buff	True	True	False	必殺の怪力	打撃時に重複	icon_ep.ep_attack_strong_tex
88120115	Buff	True	True	False	必殺の怪力	打撃時に重複	icon_ep.ep_attack_strong_tex
88120116	Buff	True	True	False	必殺の怪力	打撃時に重複	icon_ep.ep_attack_strong_tex
88120117	Buff	True	True	False	必殺の怪力	打撃時に重複	icon_ep.ep_attack_strong_tex
88120118	Buff	True	True	False	必殺の怪力	打撃時に重複	icon_ep.ep_attack_strong_tex
88120119	Buff	True	True	False	必殺の怪力	打撃時に重複	icon_ep.ep_attack_strong_tex
88120120	Buff	True	True	False	必殺の怪力	打撃時に重複	icon_ep.ep_attack_strong_tex
88128200	DamageOverTime	False	False	False	(シークレット) 耐久力最大スタック時、チェック用、異常状態	見えてはいけない異常状態です。	icon_ep.ep_resources_hp_tex
88131100	Buff	True	True	False	「シュレッド」再使用	ツールチップが見えたらいけない異常状態	icon_ep.ep_cooltime_restart_tex
88132201	Buff	False	True	False	(シークレット)防御成功時、ST回復	見えてはいけない異常状態です。	icon_ep.ep_resources_st_tex
88132202	Buff	False	True	False	(シークレット)防御成功時、ST回復	見えてはいけない異常状態です。	icon_ep.ep_resources_st_tex
88132203	Buff	False	True	False	(シークレット)防御成功時、ST回復	見えてはいけない異常状態です。	icon_ep.ep_resources_st_tex
88132204	Buff	False	True	False	(シークレット)防御成功時、ST回復	見えてはいけない異常状態です。	icon_ep.ep_resources_st_tex
88132205	Buff	False	True	False	(シークレット)防御成功時、ST回復	見えてはいけない異常状態です。	icon_ep.ep_resources_st_tex
88132206	Buff	False	True	False	(シークレット)防御成功時、ST回復	見えてはいけない異常状態です。	icon_ep.ep_resources_st_tex
88132207	Buff	False	True	False	(シークレット)防御成功時、ST回復	見えてはいけない異常状態です。	icon_ep.ep_resources_st_tex
88132208	Buff	False	True	False	(シークレット)防御成功時、ST回復	見えてはいけない異常状態です。	icon_ep.ep_resources_st_tex
88132209	Buff	False	True	False	(シークレット)防御成功時、ST回復	見えてはいけない異常状態です。	icon_ep.ep_resources_st_tex
88132210	Buff	False	True	False	(シークレット)防御成功時、ST回復	見えてはいけない異常状態です。	icon_ep.ep_resources_st_tex
88132211	Buff	False	True	False	(シークレット)防御成功時、ST回復	見えてはいけない異常状態です。	icon_ep.ep_resources_st_tex
88132212	Buff	False	True	False	(シークレット)防御成功時、ST回復	見えてはいけない異常状態です。	icon_ep.ep_resources_st_tex
88132213	Buff	False	True	False	(シークレット)防御成功時、ST回復	見えてはいけない異常状態です。	icon_ep.ep_resources_st_tex
88132214	Buff	False	True	False	(シークレット)防御成功時、ST回復	見えてはいけない異常状態です。	icon_ep.ep_resources_st_tex
88132215	Buff	False	True	False	(シークレット)防御成功時、ST回復	見えてはいけない異常状態です。	icon_ep.ep_resources_st_tex
88202101	Buff	True	True	False	復讐の力	クリティカル発生が$H_W_GOOD5$COLOR_END増加。ダウン時に解除。	icon_ep.ep_fatal_hitfinish_tex
88202102	Buff	True	True	False	復讐の力	クリティカル発生が$H_W_GOOD7$COLOR_END増加。ダウン時に解除。	icon_ep.ep_fatal_hitfinish_tex
88202103	Buff	True	True	False	復讐の力	クリティカル発生が$H_W_GOOD9$COLOR_END増加。ダウン時に解除。	icon_ep.ep_fatal_hitfinish_tex
88202104	Buff	True	True	False	復讐の力	クリティカル発生が$H_W_GOOD11$COLOR_END増加。ダウン時に解除。	icon_ep.ep_fatal_hitfinish_tex
88202105	Buff	True	True	False	復讐の力	クリティカル発生が$H_W_GOOD13$COLOR_END増加。ダウン時に解除。	icon_ep.ep_fatal_hitfinish_tex
88202106	Buff	True	True	False	復讐の力	クリティカル発生が$H_W_GOOD15$COLOR_END増加。ダウン時に解除。	icon_ep.ep_fatal_hitfinish_tex
88202107	Buff	True	True	False	復讐の力	クリティカル発生が$H_W_GOOD17$COLOR_END増加。ダウン時に解除。	icon_ep.ep_fatal_hitfinish_tex
88202108	Buff	True	True	False	復讐の力	クリティカル発生が$H_W_GOOD19$COLOR_END増加。ダウン時に解除。	icon_ep.ep_fatal_hitfinish_tex
88202109	Buff	True	True	False	復讐の力	クリティカル発生が$H_W_GOOD21$COLOR_END増加。ダウン時に解除。	icon_ep.ep_fatal_hitfinish_tex
88202110	Buff	True	True	False	復讐の力	クリティカル発生が$H_W_GOOD23$COLOR_END増加。ダウン時に解除。	icon_ep.ep_fatal_hitfinish_tex
88202301	Buff	True	True	False	連迅「シールドカウンター」	「シールドカウンター」使用時、攻撃速度が増加	icon_ep.ep_attack_speed_tex
88202302	Buff	True	True	False	連迅「シールドカウンター」	「シールドカウンター」使用時、攻撃速度が増加	icon_ep.ep_attack_speed_tex
88202303	Buff	True	True	False	連迅「シールドカウンター」	「シールドカウンター」使用時、攻撃速度が増加	icon_ep.ep_attack_speed_tex
88202304	Buff	True	True	False	連迅「シールドカウンター」	「シールドカウンター」使用時、攻撃速度が増加	icon_ep.ep_attack_speed_tex
88202305	Buff	True	True	False	連迅「シールドカウンター」	「シールドカウンター」使用時、攻撃速度が増加	icon_ep.ep_attack_speed_tex
88202306	Buff	True	True	False	連迅「シールドカウンター」	「シールドカウンター」使用時、攻撃速度が増加	icon_ep.ep_attack_speed_tex
88202307	Buff	True	True	False	連迅「シールドカウンター」	「シールドカウンター」使用時、攻撃速度が増加	icon_ep.ep_attack_speed_tex
88202308	Buff	True	True	False	連迅「シールドカウンター」	「シールドカウンター」使用時、攻撃速度が増加	icon_ep.ep_attack_speed_tex
88202309	Buff	True	True	False	連迅「シールドカウンター」	「シールドカウンター」使用時、攻撃速度が増加	icon_ep.ep_attack_speed_tex
88202310	Buff	True	True	False	連迅「シールドカウンター」	「シールドカウンター」使用時、攻撃速度が増加	icon_ep.ep_attack_speed_tex
88205100	Buff	True	True	False	「シールドバッシュ」再使用	ツールチップが見えたらいけない異常状態	icon_ep.ep_cooltime_restart_tex
88207100	Buff	True	True	False	「ガーディアンシャウト」再使用	ツールチップが見えたらいけない異常状態	icon_ep.ep_cooltime_restart_tex
88212101	Buff	True	True	False	レイジインダクション	スキルの敵対値増加	icon_ep.ep_special_chaff_tex
88212102	Buff	True	True	False	レイジインダクション	スキルの敵対値増加	icon_ep.ep_special_chaff_tex
88212103	Buff	True	True	False	レイジインダクション	スキルの敵対値増加	icon_ep.ep_special_chaff_tex
88212104	Buff	True	True	False	レイジインダクション	スキルの敵対値増加	icon_ep.ep_special_chaff_tex
88212105	Buff	True	True	False	レイジインダクション	スキルの敵対値増加	icon_ep.ep_special_chaff_tex
88212106	Buff	True	True	False	レイジインダクション	スキルの敵対値増加	icon_ep.ep_special_chaff_tex
88212107	Buff	True	True	False	レイジインダクション	スキルの敵対値増加	icon_ep.ep_special_chaff_tex
88212108	Buff	True	True	False	レイジインダクション	スキルの敵対値増加	icon_ep.ep_special_chaff_tex
88212109	Buff	True	True	False	レイジインダクション	スキルの敵対値増加	icon_ep.ep_special_chaff_tex
88212110	Buff	True	True	False	レイジインダクション	スキルの敵対値増加	icon_ep.ep_special_chaff_tex
88212200	Buff	True	True	False	「レイジインダクション」再使用	ツールチップが見えたらいけない異常状態	icon_ep.ep_defense_wellup_tex
88217201	Buff	True	True	False	意志の怪力	打撃時に重複	icon_ep.ep_attack_strong_tex
88217202	Buff	True	True	False	意志の怪力	打撃時に重複	icon_ep.ep_attack_strong_tex
88217203	Buff	True	True	False	意志の怪力	打撃時に重複	icon_ep.ep_attack_strong_tex
88217204	Buff	True	True	False	意志の怪力	打撃時に重複	icon_ep.ep_attack_strong_tex
88217205	Buff	True	True	False	意志の怪力	打撃時に重複	icon_ep.ep_attack_strong_tex
88217206	Buff	True	True	False	意志の怪力	打撃時に重複	icon_ep.ep_attack_strong_tex
88217207	Buff	True	True	False	意志の怪力	打撃時に重複	icon_ep.ep_attack_strong_tex
88217208	Buff	True	True	False	意志の怪力	打撃時に重複	icon_ep.ep_attack_strong_tex
88217209	Buff	True	True	False	意志の怪力	打撃時に重複	icon_ep.ep_attack_strong_tex
88217210	Buff	True	True	False	意志の怪力	打撃時に重複	icon_ep.ep_attack_strong_tex
88217211	Buff	True	True	False	意志の怪力	打撃時に重複	icon_ep.ep_attack_strong_tex
88217212	Buff	True	True	False	意志の怪力	打撃時に重複	icon_ep.ep_attack_strong_tex
88217213	Buff	True	True	False	意志の怪力	打撃時に重複	icon_ep.ep_attack_strong_tex
88217214	Buff	True	True	False	意志の怪力	打撃時に重複	icon_ep.ep_attack_strong_tex
88217215	Buff	True	True	False	意志の怪力	打撃時に重複	icon_ep.ep_attack_strong_tex
88217216	Buff	True	True	False	意志の怪力	打撃時に重複	icon_ep.ep_attack_strong_tex
88217217	Buff	True	True	False	意志の怪力	打撃時に重複	icon_ep.ep_attack_strong_tex
88217218	Buff	True	True	False	意志の怪力	打撃時に重複	icon_ep.ep_attack_strong_tex
88217219	Buff	True	True	False	意志の怪力	打撃時に重複	icon_ep.ep_attack_strong_tex
88217220	Buff	True	True	False	意志の怪力	打撃時に重複	icon_ep.ep_attack_strong_tex
88219101	Buff	True	True	False	守護の覚悟	耐久力が$H_W_GOOD5$COLOR_END増加。ダウン時に解除。	icon_ep.ep_defense_wellup_tex
88219102	Buff	True	True	False	守護の覚悟	耐久力が$H_W_GOOD5$COLOR_END増加。ダウン時に解除。	icon_ep.ep_defense_wellup_tex
88219103	Buff	True	True	False	守護の覚悟	耐久力が$H_W_GOOD5$COLOR_END増加。ダウン時に解除。	icon_ep.ep_defense_wellup_tex
88219104	Buff	True	True	False	守護の覚悟	耐久力が$H_W_GOOD5$COLOR_END増加。ダウン時に解除。	icon_ep.ep_defense_wellup_tex
88219105	Buff	True	True	False	守護の覚悟	耐久力が$H_W_GOOD5$COLOR_END増加。ダウン時に解除。	icon_ep.ep_defense_wellup_tex
88219106	Buff	True	True	False	守護の覚悟	耐久力が$H_W_GOOD5$COLOR_END増加。ダウン時に解除。	icon_ep.ep_defense_wellup_tex
88219107	Buff	True	True	False	守護の覚悟	耐久力が$H_W_GOOD5$COLOR_END増加。ダウン時に解除。	icon_ep.ep_defense_wellup_tex
88219108	Buff	True	True	False	守護の覚悟	耐久力が$H_W_GOOD5$COLOR_END増加。ダウン時に解除。	icon_ep.ep_defense_wellup_tex
88219109	Buff	True	True	False	守護の覚悟	耐久力が$H_W_GOOD5$COLOR_END増加。ダウン時に解除。	icon_ep.ep_defense_wellup_tex
88219110	Buff	True	True	False	守護の覚悟	耐久力が$H_W_GOOD5$COLOR_END増加。ダウン時に解除。	icon_ep.ep_defense_wellup_tex
88219111	Buff	True	True	False	守護の覚悟	耐久力が$H_W_GOOD6$COLOR_END増加。ダウン時に解除。	icon_ep.ep_defense_wellup_tex
88219112	Buff	True	True	False	守護の覚悟	耐久力が$H_W_GOOD7$COLOR_END増加。ダウン時に解除。	icon_ep.ep_defense_wellup_tex
88219113	Buff	True	True	False	守護の覚悟	耐久力が$H_W_GOOD8$COLOR_END増加。ダウン時に解除。	icon_ep.ep_defense_wellup_tex
88219114	Buff	True	True	False	守護の覚悟	耐久力が$H_W_GOOD9$COLOR_END増加。ダウン時に解除。	icon_ep.ep_defense_wellup_tex
88219115	Buff	True	True	False	守護の覚悟	耐久力が$H_W_GOOD10$COLOR_END増加。ダウン時に解除。	icon_ep.ep_defense_wellup_tex
88219116	Buff	True	True	False	守護の覚悟	耐久力が$H_W_GOOD11$COLOR_END増加。ダウン時に解除。	icon_ep.ep_defense_wellup_tex
88219117	Buff	True	True	False	守護の覚悟	耐久力が$H_W_GOOD12$COLOR_END増加。ダウン時に解除。	icon_ep.ep_defense_wellup_tex
88219118	Buff	True	True	False	守護の覚悟	耐久力が$H_W_GOOD13$COLOR_END増加。ダウン時に解除。	icon_ep.ep_defense_wellup_tex
88219119	Buff	True	True	False	守護の覚悟	耐久力が$H_W_GOOD14$COLOR_END増加。ダウン時に解除。	icon_ep.ep_defense_wellup_tex
88219120	Buff	True	True	False	守護の覚悟	耐久力が$H_W_GOOD15$COLOR_END増加。ダウン時に解除。	icon_ep.ep_defense_wellup_tex
88222101	Buff	False	True	False	特性回復	1秒毎にHPが$H_W_GOOD300$COLOR_END回復。「アイアンウィル」が解除されると効果が解除されます。	icon_ep.ep_resources_hp_tex
88222102	Buff	False	True	False	特性回復	1秒毎にHPが$H_W_GOOD350$COLOR_END回復。「アイアンウィル」が解除されると効果が解除されます。	icon_ep.ep_resources_hp_tex
88222103	Buff	False	True	False	特性回復	1秒毎にHPが$H_W_GOOD400$COLOR_END回復。「アイアンウィル」が解除されると効果が解除されます。	icon_ep.ep_resources_hp_tex
88222104	Buff	False	True	False	特性回復	1秒毎にHPが$H_W_GOOD450$COLOR_END回復。「アイアンウィル」が解除されると効果が解除されます。	icon_ep.ep_resources_hp_tex
88222105	Buff	False	True	False	特性回復	1秒毎にHPが$H_W_GOOD500$COLOR_END回復。「アイアンウィル」が解除されると効果が解除されます。	icon_ep.ep_resources_hp_tex
88222106	Buff	False	True	False	特性回復	1秒毎にHPが$H_W_GOOD550$COLOR_END回復。「アイアンウィル」が解除されると効果が解除されます。	icon_ep.ep_resources_hp_tex
88222107	Buff	False	True	False	特性回復	1秒毎にHPが$H_W_GOOD600$COLOR_END回復。「アイアンウィル」が解除されると効果が解除されます。	icon_ep.ep_resources_hp_tex
88222108	Buff	False	True	False	特性回復	1秒毎にHPが$H_W_GOOD650$COLOR_END回復。「アイアンウィル」が解除されると効果が解除されます。	icon_ep.ep_resources_hp_tex
88222109	Buff	False	True	False	特性回復	1秒毎にHPが$H_W_GOOD700$COLOR_END回復。「アイアンウィル」が解除されると効果が解除されます。	icon_ep.ep_resources_hp_tex
88222110	Buff	False	True	False	特性回復	1秒毎にHPが$H_W_GOOD750$COLOR_END回復。「アイアンウィル」が解除されると効果が解除されます。	icon_ep.ep_resources_hp_tex
88222200	Buff	True	True	False	「アイアンウィル」再使用	ツールチップが見えたらいけない異常状態	icon_ep.ep_cooltime_restart_tex
88227101	Buff	False	True	False	(シークレット)戦線鉄壁味方伝播用異常状態	見えてはいけない異常状態です。	icon_ep.ep_resources_hp_tex
88227102	Buff	False	True	False	(シークレット)戦線鉄壁味方伝播用異常状態	見えてはいけない異常状態です。	icon_ep.ep_resources_hp_tex
88227103	Buff	False	True	False	(シークレット)戦線鉄壁味方伝播用異常状態	見えてはいけない異常状態です。	icon_ep.ep_resources_hp_tex
88227104	Buff	False	True	False	(シークレット)戦線鉄壁味方伝播用異常状態	見えてはいけない異常状態です。	icon_ep.ep_resources_hp_tex
88227105	Buff	False	True	False	(シークレット)戦線鉄壁味方伝播用異常状態	見えてはいけない異常状態です。	icon_ep.ep_resources_hp_tex
88227106	Buff	False	True	False	(シークレット)戦線鉄壁味方伝播用異常状態	見えてはいけない異常状態です。	icon_ep.ep_resources_hp_tex
88227107	Buff	False	True	False	(シークレット)戦線鉄壁味方伝播用異常状態	見えてはいけない異常状態です。	icon_ep.ep_resources_hp_tex
88227108	Buff	False	True	False	(シークレット)戦線鉄壁味方伝播用異常状態	見えてはいけない異常状態です。	icon_ep.ep_resources_hp_tex
88227109	Buff	False	True	False	(シークレット)戦線鉄壁味方伝播用異常状態	見えてはいけない異常状態です。	icon_ep.ep_resources_hp_tex
88227110	Buff	False	True	False	(シークレット)戦線鉄壁味方伝播用異常状態	見えてはいけない異常状態です。	icon_ep.ep_resources_hp_tex
88227151	Buff	True	True	False	「戦線維持」サポート	耐久力が$H_W_GOOD4$COLOR_END増加。	icon_ep.ep_resources_hp_tex
88227152	Buff	True	True	False	「戦線維持」サポート	耐久力が$H_W_GOOD5$COLOR_END増加。	icon_ep.ep_resources_hp_tex
88227153	Buff	True	True	False	「戦線維持」サポート	耐久力が$H_W_GOOD6$COLOR_END増加。	icon_ep.ep_resources_hp_tex
88227154	Buff	True	True	False	「戦線維持」サポート	耐久力が$H_W_GOOD7$COLOR_END増加。	icon_ep.ep_resources_hp_tex
88227155	Buff	True	True	False	「戦線維持」サポート	耐久力が$H_W_GOOD8$COLOR_END増加。	icon_ep.ep_resources_hp_tex
88227156	Buff	True	True	False	「戦線維持」サポート	耐久力が$H_W_GOOD9$COLOR_END増加。	icon_ep.ep_resources_hp_tex
88227157	Buff	True	True	False	「戦線維持」サポート	耐久力が$H_W_GOOD10$COLOR_END増加。	icon_ep.ep_resources_hp_tex
88227158	Buff	True	True	False	「戦線維持」サポート	耐久力が$H_W_GOOD11$COLOR_END増加。	icon_ep.ep_resources_hp_tex
88227159	Buff	True	True	False	「戦線維持」サポート	耐久力が$H_W_GOOD12$COLOR_END増加。	icon_ep.ep_resources_hp_tex
88227160	Buff	True	True	False	「戦線維持」サポート	耐久力が$H_W_GOOD13$COLOR_END増加。	icon_ep.ep_resources_hp_tex
88302101	Buff	True	True	False	「跳躍斬り」クリティカル発生率増加	「跳躍斬り」使用時、クリティカル発生率が5％増加	icon_ep.ep_fatal_hitfinish_tex
88302102	Buff	True	True	False	「跳躍斬り」クリティカル発生率増加	「跳躍斬り」使用時、クリティカル発生率が7％増加	icon_ep.ep_fatal_hitfinish_tex
88302103	Buff	True	True	False	「跳躍斬り」クリティカル発生率増加	「跳躍斬り」使用時、クリティカル発生率が9％増加	icon_ep.ep_fatal_hitfinish_tex
88302104	Buff	True	True	False	「跳躍斬り」クリティカル発生率増加	「跳躍斬り」使用時、クリティカル発生率が11％増加	icon_ep.ep_fatal_hitfinish_tex
88302105	Buff	True	True	False	「跳躍斬り」クリティカル発生率増加	「跳躍斬り」使用時、クリティカル発生率が13％増加	icon_ep.ep_fatal_hitfinish_tex
88302106	Buff	True	True	False	「跳躍斬り」クリティカル発生率増加	「跳躍斬り」使用時、クリティカル発生率が15％増加	icon_ep.ep_fatal_hitfinish_tex
88302107	Buff	True	True	False	「跳躍斬り」クリティカル発生率増加	「跳躍斬り」使用時、クリティカル発生率が17％増加	icon_ep.ep_fatal_hitfinish_tex
88302108	Buff	True	True	False	「跳躍斬り」クリティカル発生率増加	「跳躍斬り」使用時、クリティカル発生率が19％増加	icon_ep.ep_fatal_hitfinish_tex
88302109	Buff	True	True	False	「跳躍斬り」クリティカル発生率増加	「跳躍斬り」使用時、クリティカル発生率が21％増加	icon_ep.ep_fatal_hitfinish_tex
88302110	Buff	True	True	False	「跳躍斬り」クリティカル発生率増加	「跳躍斬り」使用時、クリティカル発生率が23％増加	icon_ep.ep_fatal_hitfinish_tex
88302111	Buff	True	True	False	「跳躍斬り」クリティカル発生率増加	「跳躍斬り」使用時、クリティカル発生率が25％増加	icon_ep.ep_fatal_hitfinish_tex
88302112	Buff	True	True	False	「跳躍斬り」クリティカル発生率増加	「跳躍斬り」使用時、クリティカル発生率が27％増加	icon_ep.ep_fatal_hitfinish_tex
88302113	Buff	True	True	False	「跳躍斬り」クリティカル発生率増加	「跳躍斬り」使用時、クリティカル発生率が29％増加	icon_ep.ep_fatal_hitfinish_tex
88302114	Buff	True	True	False	「跳躍斬り」クリティカル発生率増加	「跳躍斬り」使用時、クリティカル発生率が31％増加	icon_ep.ep_fatal_hitfinish_tex
88302115	Buff	True	True	False	「跳躍斬り」クリティカル発生率増加	「跳躍斬り」使用時、クリティカル発生率が33％増加	icon_ep.ep_fatal_hitfinish_tex
88312301	Buff	True	True	False	「ホームスラスト」攻撃速度増加	「ホームスラスト」使用時、攻撃速度が$H_W_GOOD15%$COLOR_END増加。ダウン/硬直時に解除	icon_ep.ep_cooltime_hit_tex
88312302	Buff	True	True	False	「ホームスラスト」攻撃速度増加	「ホームスラスト」使用時、攻撃速度が$H_W_GOOD17%$COLOR_END増加。ダウン/硬直時に解除	icon_ep.ep_cooltime_hit_tex
88312303	Buff	True	True	False	「ホームスラスト」攻撃速度増加	「ホームスラスト」使用時、攻撃速度が$H_W_GOOD19%$COLOR_END増加。ダウン/硬直時に解除	icon_ep.ep_cooltime_hit_tex
88312304	Buff	True	True	False	「ホームスラスト」攻撃速度増加	「ホームスラスト」使用時、攻撃速度が$H_W_GOOD21%$COLOR_END増加。ダウン/硬直時に解除	icon_ep.ep_cooltime_hit_tex
88312305	Buff	True	True	False	「ホームスラスト」攻撃速度増加	「ホームスラスト」使用時、攻撃速度が$H_W_GOOD23%$COLOR_END増加。ダウン/硬直時に解除	icon_ep.ep_cooltime_hit_tex
88312306	Buff	True	True	False	「ホームスラスト」攻撃速度増加	「ホームスラスト」使用時、攻撃速度が$H_W_GOOD25%$COLOR_END増加。ダウン/硬直時に解除	icon_ep.ep_cooltime_hit_tex
88312307	Buff	True	True	False	「ホームスラスト」攻撃速度増加	「ホームスラスト」使用時、攻撃速度が$H_W_GOOD27%$COLOR_END増加。ダウン/硬直時に解除	icon_ep.ep_cooltime_hit_tex
88312308	Buff	True	True	False	「ホームスラスト」攻撃速度増加	「ホームスラスト」使用時、攻撃速度が$H_W_GOOD29%$COLOR_END増加。ダウン/硬直時に解除	icon_ep.ep_cooltime_hit_tex
88312309	Buff	True	True	False	「ホームスラスト」攻撃速度増加	「ホームスラスト」使用時、攻撃速度が$H_W_GOOD31%$COLOR_END増加。ダウン/硬直時に解除	icon_ep.ep_cooltime_hit_tex
88312310	Buff	True	True	False	「ホームスラスト」攻撃速度増加	「ホームスラスト」使用時、攻撃速度が$H_W_GOOD33%$COLOR_END増加。ダウン/硬直時に解除	icon_ep.ep_cooltime_hit_tex
88316101	Buff	True	True	False	危機の猛撃	クリティカル発生が$H_W_GOOD5$COLOR_END増加。ダウン時に解除。	icon_ep.ep_fatal_hitfinish_tex
88316102	Buff	True	True	False	危機の猛撃	クリティカル発生が$H_W_GOOD7$COLOR_END増加。ダウン時に解除。	icon_ep.ep_fatal_hitfinish_tex
88316103	Buff	True	True	False	危機の猛撃	クリティカル発生が$H_W_GOOD9$COLOR_END増加。ダウン時に解除。	icon_ep.ep_fatal_hitfinish_tex
88316104	Buff	True	True	False	危機の猛撃	クリティカル発生が$H_W_GOOD11$COLOR_END増加。ダウン時に解除。	icon_ep.ep_fatal_hitfinish_tex
88316105	Buff	True	True	False	危機の猛撃	クリティカル発生が$H_W_GOOD13$COLOR_END増加。ダウン時に解除。	icon_ep.ep_fatal_hitfinish_tex
88316106	Buff	True	True	False	危機の猛撃	クリティカル発生が$H_W_GOOD15$COLOR_END増加。ダウン時に解除。	icon_ep.ep_fatal_hitfinish_tex
88316107	Buff	True	True	False	危機の猛撃	クリティカル発生が$H_W_GOOD17$COLOR_END増加。ダウン時に解除。	icon_ep.ep_fatal_hitfinish_tex
88316108	Buff	True	True	False	危機の猛撃	クリティカル発生が$H_W_GOOD19$COLOR_END増加。ダウン時に解除。	icon_ep.ep_fatal_hitfinish_tex
88316109	Buff	True	True	False	危機の猛撃	クリティカル発生が$H_W_GOOD21$COLOR_END増加。ダウン時に解除。	icon_ep.ep_fatal_hitfinish_tex
88316110	Buff	True	True	False	危機の猛撃	クリティカル発生が$H_W_GOOD23$COLOR_END増加。ダウン時に解除。	icon_ep.ep_fatal_hitfinish_tex
88316201	Buff	False	True	False	鉄壁	スキル使用中、受けるダメージが$H_W_GOOD3%$COLOR_END減少。ダウン時に解除	icon_ep.ep_defense_well_tex
88316202	Buff	False	True	False	鉄壁	スキル使用中、受けるダメージが$H_W_GOOD6%$COLOR_END減少。ダウン時に解除	icon_ep.ep_defense_well_tex
88316203	Buff	False	True	False	鉄壁	スキル使用中、受けるダメージが$H_W_GOOD9%$COLOR_END減少。ダウン時に解除	icon_ep.ep_defense_well_tex
88316204	Buff	False	True	False	鉄壁	スキル使用中、受けるダメージが$H_W_GOOD12%$COLOR_END減少。ダウン時に解除	icon_ep.ep_defense_well_tex
88316205	Buff	False	True	False	鉄壁	スキル使用中、受けるダメージが$H_W_GOOD15%$COLOR_END減少。ダウン時に解除	icon_ep.ep_defense_well_tex
88316206	Buff	False	True	False	鉄壁	スキル使用中、受けるダメージが$H_W_GOOD18%$COLOR_END減少。ダウン時に解除	icon_ep.ep_defense_well_tex
88316207	Buff	False	True	False	鉄壁	スキル使用中、受けるダメージが$H_W_GOOD21%$COLOR_END減少。ダウン時に解除	icon_ep.ep_defense_well_tex
88316208	Buff	False	True	False	鉄壁	スキル使用中、受けるダメージが$H_W_GOOD24%$COLOR_END減少。ダウン時に解除	icon_ep.ep_defense_well_tex
88316209	Buff	False	True	False	鉄壁	スキル使用中、受けるダメージが$H_W_GOOD27%$COLOR_END減少。ダウン時に解除	icon_ep.ep_defense_well_tex
88316210	Buff	False	True	False	鉄壁	スキル使用中、受けるダメージが$H_W_GOOD30%$COLOR_END減少。ダウン時に解除	icon_ep.ep_defense_well_tex
88318200	Buff	True	True	False	「パワーセーブ」再使用	ツールチップが見えたらいけない異常状態	icon_ep.ep_cooltime_restart_tex
88325101	Buff	True	True	False	気迫の怪力	「真・ブレードビセクション」命中時、重複	icon_ep.ep_attack_strong_tex
88325102	Buff	True	True	False	気迫の怪力	「真・ブレードビセクション」命中時、重複	icon_ep.ep_attack_strong_tex
88325103	Buff	True	True	False	気迫の怪力	「真・ブレードビセクション」命中時、重複	icon_ep.ep_attack_strong_tex
88325104	Buff	True	True	False	気迫の怪力	「真・ブレードビセクション」命中時、重複	icon_ep.ep_attack_strong_tex
88325105	Buff	True	True	False	気迫の怪力	「真・ブレードビセクション」命中時、重複	icon_ep.ep_attack_strong_tex
88325106	Buff	True	True	False	気迫の怪力	「真・ブレードビセクション」命中時、重複	icon_ep.ep_attack_strong_tex
88325107	Buff	True	True	False	気迫の怪力	「真・ブレードビセクション」命中時、重複	icon_ep.ep_attack_strong_tex
88325108	Buff	True	True	False	気迫の怪力	「真・ブレードビセクション」命中時、重複	icon_ep.ep_attack_strong_tex
88325109	Buff	True	True	False	気迫の怪力	「真・ブレードビセクション」命中時、重複	icon_ep.ep_attack_strong_tex
88325110	Buff	True	True	False	気迫の怪力	「真・ブレードビセクション」命中時、重複	icon_ep.ep_attack_strong_tex
88325111	Buff	True	True	False	気迫の怪力	「真・ブレードビセクション」命中時、重複	icon_ep.ep_attack_strong_tex
88325112	Buff	True	True	False	気迫の怪力	「真・ブレードビセクション」命中時、重複	icon_ep.ep_attack_strong_tex
88325113	Buff	True	True	False	気迫の怪力	「真・ブレードビセクション」命中時、重複	icon_ep.ep_attack_strong_tex
88325114	Buff	True	True	False	気迫の怪力	「真・ブレードビセクション」命中時、重複	icon_ep.ep_attack_strong_tex
88325115	Buff	True	True	False	気迫の怪力	「真・ブレードビセクション」命中時、重複	icon_ep.ep_attack_strong_tex
88325116	Buff	True	True	False	気迫の怪力	「真・ブレードビセクション」命中時、重複	icon_ep.ep_attack_strong_tex
88325117	Buff	True	True	False	気迫の怪力	「真・ブレードビセクション」命中時、重複	icon_ep.ep_attack_strong_tex
88325118	Buff	True	True	False	気迫の怪力	「真・ブレードビセクション」命中時、重複	icon_ep.ep_attack_strong_tex
88325119	Buff	True	True	False	気迫の怪力	「真・ブレードビセクション」命中時、重複	icon_ep.ep_attack_strong_tex
88325120	Buff	True	True	False	気迫の怪力	「真・ブレードビセクション」命中時、重複	icon_ep.ep_attack_strong_tex
88402101	Buff	True	True	False	連迅反撃	「アックスカウンター」使用時、攻撃速度が増加	icon_ep.ep_attack_speed_tex
88402102	Buff	True	True	False	連迅反撃	「アックスカウンター」使用時、攻撃速度が増加	icon_ep.ep_attack_speed_tex
88402103	Buff	True	True	False	連迅反撃	「アックスカウンター」使用時、攻撃速度が増加	icon_ep.ep_attack_speed_tex
88402104	Buff	True	True	False	連迅反撃	「アックスカウンター」使用時、攻撃速度が増加	icon_ep.ep_attack_speed_tex
88402105	Buff	True	True	False	連迅反撃	「アックスカウンター」使用時、攻撃速度が増加	icon_ep.ep_attack_speed_tex
88402106	Buff	True	True	False	連迅反撃	「アックスカウンター」使用時、攻撃速度が増加	icon_ep.ep_attack_speed_tex
88402107	Buff	True	True	False	連迅反撃	「アックスカウンター」使用時、攻撃速度が増加	icon_ep.ep_attack_speed_tex
88402108	Buff	True	True	False	連迅反撃	「アックスカウンター」使用時、攻撃速度が増加	icon_ep.ep_attack_speed_tex
88402109	Buff	True	True	False	連迅反撃	「アックスカウンター」使用時、攻撃速度が増加	icon_ep.ep_attack_speed_tex
88402110	Buff	True	True	False	連迅反撃	「アックスカウンター」使用時、攻撃速度が増加	icon_ep.ep_attack_speed_tex
88406201	Buff	True	True	False	連迅「アースストライク」	「アースストライク」使用時、攻撃速度上昇	icon_ep.ep_attack_speed_tex
88406202	Buff	True	True	False	連迅「アースストライク」	「アースストライク」使用時、攻撃速度上昇	icon_ep.ep_attack_speed_tex
88406203	Buff	True	True	False	連迅「アースストライク」	「アースストライク」使用時、攻撃速度上昇	icon_ep.ep_attack_speed_tex
88406204	Buff	True	True	False	連迅「アースストライク」	「アースストライク」使用時、攻撃速度上昇	icon_ep.ep_attack_speed_tex
88406205	Buff	True	True	False	連迅「アースストライク」	「アースストライク」使用時、攻撃速度上昇	icon_ep.ep_attack_speed_tex
88406206	Buff	True	True	False	連迅「アースストライク」	「アースストライク」使用時、攻撃速度上昇	icon_ep.ep_attack_speed_tex
88406207	Buff	True	True	False	連迅「アースストライク」	「アースストライク」使用時、攻撃速度上昇	icon_ep.ep_attack_speed_tex
88406208	Buff	True	True	False	連迅「アースストライク」	「アースストライク」使用時、攻撃速度上昇	icon_ep.ep_attack_speed_tex
88406209	Buff	True	True	False	連迅「アースストライク」	「アースストライク」使用時、攻撃速度上昇	icon_ep.ep_attack_speed_tex
88406210	Buff	True	True	False	連迅「アースストライク」	「アースストライク」使用時、攻撃速度上昇	icon_ep.ep_attack_speed_tex
88406211	Buff	True	True	False	連迅「アースストライク」	「アースストライク」使用時、攻撃速度上昇	icon_ep.ep_attack_speed_tex
88406212	Buff	True	True	False	連迅「アースストライク」	「アースストライク」使用時、攻撃速度上昇	icon_ep.ep_attack_speed_tex
88406213	Buff	True	True	False	連迅「アースストライク」	「アースストライク」使用時、攻撃速度上昇	icon_ep.ep_attack_speed_tex
88406214	Buff	True	True	False	連迅「アースストライク」	「アースストライク」使用時、攻撃速度上昇	icon_ep.ep_attack_speed_tex
88406215	Buff	True	True	False	連迅「アースストライク」	「アースストライク」使用時、攻撃速度上昇	icon_ep.ep_attack_speed_tex
88407101	Buff	True	True	False	嘲弄の余韻	スキル使用によって獲得する敵対値が$H_W_GOOD10%$COLOR_END増加します。	icon_ep.ep_special_chaff_tex
88407102	Buff	True	True	False	嘲弄の余韻	スキル使用によって獲得する敵対値が$H_W_GOOD12%$COLOR_END増加します。	icon_ep.ep_special_chaff_tex
88407103	Buff	True	True	False	嘲弄の余韻	スキル使用によって獲得する敵対値が$H_W_GOOD14%$COLOR_END増加します。	icon_ep.ep_special_chaff_tex
88407104	Buff	True	True	False	嘲弄の余韻	スキル使用によって獲得する敵対値が$H_W_GOOD16%$COLOR_END増加します。	icon_ep.ep_special_chaff_tex
88407105	Buff	True	True	False	嘲弄の余韻	スキル使用によって獲得する敵対値が$H_W_GOOD18%$COLOR_END増加します。	icon_ep.ep_special_chaff_tex
88407106	Buff	True	True	False	嘲弄の余韻	スキル使用によって獲得する敵対値が$H_W_GOOD20%$COLOR_END増加します。	icon_ep.ep_special_chaff_tex
88407107	Buff	True	True	False	嘲弄の余韻	スキル使用によって獲得する敵対値が$H_W_GOOD22%$COLOR_END増加します。	icon_ep.ep_special_chaff_tex
88407108	Buff	True	True	False	嘲弄の余韻	スキル使用によって獲得する敵対値が$H_W_GOOD24%$COLOR_END増加します。	icon_ep.ep_special_chaff_tex
88407109	Buff	True	True	False	嘲弄の余韻	スキル使用によって獲得する敵対値が$H_W_GOOD26%$COLOR_END増加します。	icon_ep.ep_special_chaff_tex
88407110	Buff	True	True	False	嘲弄の余韻	スキル使用によって獲得する敵対値が$H_W_GOOD28%$COLOR_END増加します。	icon_ep.ep_special_chaff_tex
88410201	Buff	True	True	False	鉄壁	スキル使用中、受けるダメージが$H_W_GOOD3%$COLOR_END減少。ダウン時に解除	icon_ep.ep_defense_well_tex
88410202	Buff	True	True	False	鉄壁	スキル使用中、受けるダメージが$H_W_GOOD6%$COLOR_END減少。ダウン時に解除	icon_ep.ep_defense_well_tex
88410203	Buff	True	True	False	鉄壁	スキル使用中、受けるダメージが$H_W_GOOD9%$COLOR_END減少。ダウン時に解除	icon_ep.ep_defense_well_tex
88410204	Buff	True	True	False	鉄壁	スキル使用中、受けるダメージが$H_W_GOOD12%$COLOR_END減少。ダウン時に解除	icon_ep.ep_defense_well_tex
88410205	Buff	True	True	False	鉄壁	スキル使用中、受けるダメージが$H_W_GOOD15%$COLOR_END減少。ダウン時に解除	icon_ep.ep_defense_well_tex
88410206	Buff	True	True	False	鉄壁	スキル使用中、受けるダメージが$H_W_GOOD18%$COLOR_END減少。ダウン時に解除	icon_ep.ep_defense_well_tex
88410207	Buff	True	True	False	鉄壁	スキル使用中、受けるダメージが$H_W_GOOD21%$COLOR_END減少。ダウン時に解除	icon_ep.ep_defense_well_tex
88410208	Buff	True	True	False	鉄壁	スキル使用中、受けるダメージが$H_W_GOOD24%$COLOR_END減少。ダウン時に解除	icon_ep.ep_defense_well_tex
88410209	Buff	True	True	False	鉄壁	スキル使用中、受けるダメージが$H_W_GOOD27%$COLOR_END減少。ダウン時に解除	icon_ep.ep_defense_well_tex
88410210	Buff	True	True	False	鉄壁	スキル使用中、受けるダメージが$H_W_GOOD30%$COLOR_END減少。ダウン時に解除	icon_ep.ep_defense_well_tex
88410301	Buff	True	True	True			icon_ep.ep_transfer_speed_tex
88410302	Buff	True	True	True			icon_ep.ep_transfer_speed_tex
88410303	Buff	True	True	True			icon_ep.ep_transfer_speed_tex
88410304	Buff	True	True	True			icon_ep.ep_transfer_speed_tex
88410305	Buff	True	True	True			icon_ep.ep_transfer_speed_tex
88410306	Buff	True	True	True			icon_ep.ep_transfer_speed_tex
88410307	Buff	True	True	True			icon_ep.ep_transfer_speed_tex
88410308	Buff	True	True	True			icon_ep.ep_transfer_speed_tex
88410309	Buff	True	True	True			icon_ep.ep_transfer_speed_tex
88410310	Buff	True	True	True			icon_ep.ep_transfer_speed_tex
88424200	Buff	True	True	False	「アクシスブレイク」再使用	ツールチップが見えたらいけない異常状態	icon_ep.ep_cooltime_restart_tex
88426101	Buff	True	True	False	連迅「跳躍斬り」	「跳躍斬り」使用時、攻撃速度が増加	icon_ep.ep_attack_speed_tex
88426102	Buff	True	True	False	連迅「跳躍斬り」	「跳躍斬り」使用時、攻撃速度が増加	icon_ep.ep_attack_speed_tex
88426103	Buff	True	True	False	連迅「跳躍斬り」	「跳躍斬り」使用時、攻撃速度が増加	icon_ep.ep_attack_speed_tex
88426104	Buff	True	True	False	連迅「跳躍斬り」	「跳躍斬り」使用時、攻撃速度が増加	icon_ep.ep_attack_speed_tex
88426105	Buff	True	True	False	連迅「跳躍斬り」	「跳躍斬り」使用時、攻撃速度が増加	icon_ep.ep_attack_speed_tex
88426106	Buff	True	True	False	連迅「跳躍斬り」	「跳躍斬り」使用時、攻撃速度が増加	icon_ep.ep_attack_speed_tex
88426107	Buff	True	True	False	連迅「跳躍斬り」	「跳躍斬り」使用時、攻撃速度が増加	icon_ep.ep_attack_speed_tex
88426108	Buff	True	True	False	連迅「跳躍斬り」	「跳躍斬り」使用時、攻撃速度が増加	icon_ep.ep_attack_speed_tex
88426109	Buff	True	True	False	連迅「跳躍斬り」	「跳躍斬り」使用時、攻撃速度が増加	icon_ep.ep_attack_speed_tex
88426110	Buff	True	True	False	連迅「跳躍斬り」	「跳躍斬り」使用時、攻撃速度が増加	icon_ep.ep_attack_speed_tex
88426111	Buff	True	True	False	連迅「跳躍斬り」	「跳躍斬り」使用時、攻撃速度が増加	icon_ep.ep_attack_speed_tex
88426112	Buff	True	True	False	連迅「跳躍斬り」	「跳躍斬り」使用時、攻撃速度が増加	icon_ep.ep_attack_speed_tex
88426113	Buff	True	True	False	連迅「跳躍斬り」	「跳躍斬り」使用時、攻撃速度が増加	icon_ep.ep_attack_speed_tex
88426114	Buff	True	True	False	連迅「跳躍斬り」	「跳躍斬り」使用時、攻撃速度が増加	icon_ep.ep_attack_speed_tex
88426115	Buff	True	True	False	連迅「跳躍斬り」	「跳躍斬り」使用時、攻撃速度が増加	icon_ep.ep_attack_speed_tex
88430200	Buff	True	True	False	「アックスカウンター」再使用	ツールチップが見えたらいけない異常状態	icon_ep.ep_cooltime_restart_tex
88500010	DamageOverTime	True	False	False	火傷	一秒毎にHPの$H_W_BAD0.5％$COLOR_END（最大1000）が減少	icon_ep.ep_debuff_burn_tex
88500100	DamageOverTime	True	False	False	凍傷	移動速度が$H_W_BAD10%$COLOR_END減少。5回重複すると凍結し、移動速度が大幅に減少します。	icon_ep.ep_debuff_frostbite_tex
88500150	DamageOverTime	True	False	False	深刻な凍傷	凍結が重複し、移動速度が$H_W_BAD25%$COLOR_END減少。ダウン時に解除されます。	icon_ep.ep_debuff_frostbite_tex
88505101	Buff	False	True	False	(シークレット) アグロメレーションチャージ	見えてはいけない異常状態です。	
88505102	Buff	False	True	False	(シークレット) アグロメレーションチャージ	見えてはいけない異常状態です。	
88505103	Buff	False	True	False	(シークレット) アグロメレーションチャージ	見えてはいけない異常状態です。	
88505104	Buff	False	True	False	(シークレット) アグロメレーションチャージ	見えてはいけない異常状態です。	
88505105	Buff	False	True	False	(シークレット) アグロメレーションチャージ	見えてはいけない異常状態です。	
88505106	Buff	False	True	False	(シークレット) アグロメレーションチャージ	見えてはいけない異常状態です。	
88505107	Buff	False	True	False	(シークレット) アグロメレーションチャージ	見えてはいけない異常状態です。	
88505108	Buff	False	True	False	(シークレット) アグロメレーションチャージ	見えてはいけない異常状態です。	
88505109	Buff	False	True	False	(シークレット) アグロメレーションチャージ	見えてはいけない異常状態です。	
88505110	Buff	False	True	False	(シークレット) アグロメレーションチャージ	見えてはいけない異常状態です。	
88506201	Buff	True	True	False	根性	スキル使用中、ダウン/硬直の発生確率が$H_W_GOOD10%$COLOR_END減少	icon_ep.ep_reaction_tenacity_tex
88506202	Buff	True	True	False	根性	スキル使用中、ダウン/硬直の発生確率が$H_W_GOOD12%$COLOR_END減少	icon_ep.ep_reaction_tenacity_tex
88506203	Buff	True	True	False	根性	スキル使用中、ダウン/硬直の発生確率が$H_W_GOOD14%$COLOR_END減少	icon_ep.ep_reaction_tenacity_tex
88506204	Buff	True	True	False	根性	スキル使用中、ダウン/硬直の発生確率が$H_W_GOOD16%$COLOR_END減少	icon_ep.ep_reaction_tenacity_tex
88506205	Buff	True	True	False	根性	スキル使用中、ダウン/硬直の発生確率が$H_W_GOOD18%$COLOR_END減少	icon_ep.ep_reaction_tenacity_tex
88506206	Buff	True	True	False	根性	スキル使用中、ダウン/硬直の発生確率が$H_W_GOOD20%$COLOR_END減少	icon_ep.ep_reaction_tenacity_tex
88506207	Buff	True	True	False	根性	スキル使用中、ダウン/硬直の発生確率が$H_W_GOOD22%$COLOR_END減少	icon_ep.ep_reaction_tenacity_tex
88506208	Buff	True	True	False	根性	スキル使用中、ダウン/硬直の発生確率が$H_W_GOOD24%$COLOR_END減少	icon_ep.ep_reaction_tenacity_tex
88506209	Buff	True	True	False	根性	スキル使用中、ダウン/硬直の発生確率が$H_W_GOOD26%$COLOR_END減少	icon_ep.ep_reaction_tenacity_tex
88506210	Buff	True	True	False	根性	スキル使用中、ダウン/硬直の発生確率が$H_W_GOOD28%$COLOR_END減少	icon_ep.ep_reaction_tenacity_tex
88509201	Buff	True	True	False	チャージ	1秒毎にMPが$H_W_GOOD20$COLOR_END回復。攻撃を受けると解除	icon_ep.ep_resources_mpmore_tex
88509202	Buff	True	True	False	チャージ	1秒毎にMPが$H_W_GOOD30$COLOR_END回復。攻撃を受けると解除	icon_ep.ep_resources_mpmore_tex
88509203	Buff	True	True	False	チャージ	1秒毎にMPが$H_W_GOOD40$COLOR_END回復。攻撃を受けると解除	icon_ep.ep_resources_mpmore_tex
88509204	Buff	True	True	False	チャージ	1秒毎にMPが$H_W_GOOD50$COLOR_END回復。攻撃を受けると解除	icon_ep.ep_resources_mpmore_tex
88509205	Buff	True	True	False	チャージ	1秒毎にMPが$H_W_GOOD60$COLOR_END回復。攻撃を受けると解除	icon_ep.ep_resources_mpmore_tex
88509206	Buff	True	True	False	チャージ	1秒毎にMPが$H_W_GOOD70$COLOR_END回復。攻撃を受けると解除	icon_ep.ep_resources_mpmore_tex
88509207	Buff	True	True	False	チャージ	1秒毎にMPが$H_W_GOOD80$COLOR_END回復。攻撃を受けると解除	icon_ep.ep_resources_mpmore_tex
88509208	Buff	True	True	False	チャージ	1秒毎にMPが$H_W_GOOD90$COLOR_END回復。攻撃を受けると解除	icon_ep.ep_resources_mpmore_tex
88509209	Buff	True	True	False	チャージ	1秒毎にMPが$H_W_GOOD100$COLOR_END回復。攻撃を受けると解除	icon_ep.ep_resources_mpmore_tex
88509210	Buff	True	True	False	チャージ	1秒毎にMPが$H_W_GOOD110$COLOR_END回復。攻撃を受けると解除	icon_ep.ep_resources_mpmore_tex
88509211	Buff	True	True	False	チャージ	秒あたり、$H_W_GOOD6$COLOR_END MP持続回復。ダメージ時解除	icon_ep.ep_resources_mpmore_tex
88509212	Buff	True	True	False	チャージ	秒あたり、$H_W_GOOD7$COLOR_END MP持続回復。ダメージ時解除	icon_ep.ep_resources_mpmore_tex
88509213	Buff	True	True	False	チャージ	秒あたり、$H_W_GOOD8$COLOR_END MP持続回復。ダメージ時解除	icon_ep.ep_resources_mpmore_tex
88509214	Buff	True	True	False	チャージ	秒あたり、$H_W_GOOD9$COLOR_END MP持続回復。ダメージ時解除	icon_ep.ep_resources_mpmore_tex
88509215	Buff	True	True	False	チャージ	秒あたり、$H_W_GOOD10$COLOR_END MP持続回復。ダメージ時解除	icon_ep.ep_resources_mpmore_tex
88509216	Buff	True	True	False	チャージ	秒あたり、$H_W_GOOD11$COLOR_END MP持続回復。ダメージ時解除	icon_ep.ep_resources_mpmore_tex
88509217	Buff	True	True	False	チャージ	秒あたり、$H_W_GOOD12$COLOR_END MP持続回復。ダメージ時解除	icon_ep.ep_resources_mpmore_tex
88509218	Buff	True	True	False	チャージ	秒あたり、$H_W_GOOD13$COLOR_END MP持続回復。ダメージ時解除	icon_ep.ep_resources_mpmore_tex
88509219	Buff	True	True	False	チャージ	秒あたり、$H_W_GOOD14$COLOR_END MP持続回復。ダメージ時解除	icon_ep.ep_resources_mpmore_tex
88509220	Buff	True	True	False	チャージ	秒あたり、$H_W_GOOD15$COLOR_END MP持続回復。ダメージ時解除	icon_ep.ep_resources_mpmore_tex
88510200	Buff	True	True	False	マナシールド装填	ツールチップが見えたらいけない異常状態	icon_ep.ep_cooltime_restart_tex
88512100	Buff	True	True	False	「アドヴェントパルス」再使用	ツールチップが見えたらいけない異常状態	icon_ep.ep_cooltime_restart_tex
88514201	Buff	True	True	False	連迅「オーブ」	オーブスキルの発動速度が$H_W_GOOD8%$COLOR_END上昇	icon_ep.ep_attack_speed_tex
88514202	Buff	True	True	False	連迅「オーブ」	オーブスキルの発動速度が$H_W_GOOD11%$COLOR_END上昇	icon_ep.ep_attack_speed_tex
88514203	Buff	True	True	False	連迅「オーブ」	オーブスキルの発動速度が$H_W_GOOD14%$COLOR_END上昇	icon_ep.ep_attack_speed_tex
88514204	Buff	True	True	False	連迅「オーブ」	オーブスキルの発動速度が$H_W_GOOD17%$COLOR_END上昇	icon_ep.ep_attack_speed_tex
88514205	Buff	True	True	False	連迅「オーブ」	オーブスキルの発動速度が$H_W_GOOD20%$COLOR_END上昇	icon_ep.ep_attack_speed_tex
88514206	Buff	True	True	False	連迅「オーブ」	オーブスキルの発動速度が$H_W_GOOD23%$COLOR_END上昇	icon_ep.ep_attack_speed_tex
88514207	Buff	True	True	False	連迅「オーブ」	オーブスキルの発動速度が$H_W_GOOD26%$COLOR_END上昇	icon_ep.ep_attack_speed_tex
88514208	Buff	True	True	False	連迅「オーブ」	オーブスキルの発動速度が$H_W_GOOD29%$COLOR_END上昇	icon_ep.ep_attack_speed_tex
88514209	Buff	True	True	False	連迅「オーブ」	オーブスキルの発動速度が$H_W_GOOD32%$COLOR_END上昇	icon_ep.ep_attack_speed_tex
88514210	Buff	True	True	False	連迅「オーブ」	オーブスキルの発動速度が$H_W_GOOD35%$COLOR_END上昇	icon_ep.ep_attack_speed_tex
88514211	Buff	True	True	False	連迅「オーブ」	オーブスキルの発動速度が$H_W_GOOD38%$COLOR_END上昇	icon_ep.ep_attack_speed_tex
88514212	Buff	True	True	False	連迅「オーブ」	オーブスキルの発動速度が$H_W_GOOD41%$COLOR_END上昇	icon_ep.ep_attack_speed_tex
88514213	Buff	True	True	False	連迅「オーブ」	オーブスキルの発動速度が$H_W_GOOD44%$COLOR_END上昇	icon_ep.ep_attack_speed_tex
88514214	Buff	True	True	False	連迅「オーブ」	オーブスキルの発動速度が$H_W_GOOD47%$COLOR_END上昇	icon_ep.ep_attack_speed_tex
88514215	Buff	True	True	False	連迅「オーブ」	オーブスキルの発動速度が$H_W_GOOD50%$COLOR_END上昇	icon_ep.ep_attack_speed_tex
88524201	Buff	True	True	False	チャージ	1秒毎にMPが$H_W_GOOD6$COLOR_END回復。攻撃を受けると解除	icon_ep.ep_resources_mpmore_tex
88524202	Buff	True	True	False	チャージ	1秒毎にMPが$H_W_GOOD7$COLOR_END回復。攻撃を受けると解除	icon_ep.ep_resources_mpmore_tex
88524203	Buff	True	True	False	チャージ	1秒毎にMPが$H_W_GOOD8$COLOR_END回復。攻撃を受けると解除	icon_ep.ep_resources_mpmore_tex
88524204	Buff	True	True	False	チャージ	1秒毎にMPが$H_W_GOOD9$COLOR_END回復。攻撃を受けると解除	icon_ep.ep_resources_mpmore_tex
88524205	Buff	True	True	False	チャージ	1秒毎にMPが$H_W_GOOD10$COLOR_END回復。攻撃を受けると解除	icon_ep.ep_resources_mpmore_tex
88524206	Buff	True	True	False	チャージ	1秒毎にMPが$H_W_GOOD11$COLOR_END回復。攻撃を受けると解除	icon_ep.ep_resources_mpmore_tex
88524207	Buff	True	True	False	チャージ	1秒毎にMPが$H_W_GOOD12$COLOR_END回復。攻撃を受けると解除	icon_ep.ep_resources_mpmore_tex
88524208	Buff	True	True	False	チャージ	1秒毎にMPが$H_W_GOOD13$COLOR_END回復。攻撃を受けると解除	icon_ep.ep_resources_mpmore_tex
88524209	Buff	True	True	False	チャージ	1秒毎にMPが$H_W_GOOD14$COLOR_END回復。攻撃を受けると解除	icon_ep.ep_resources_mpmore_tex
88524210	Buff	True	True	False	チャージ	1秒毎にMPが$H_W_GOOD15$COLOR_END回復。攻撃を受けると解除	icon_ep.ep_resources_mpmore_tex
88531101	Buff	True	True	False	鉄壁	スキル使用中、受けるダメージが$H_W_GOOD3%$COLOR_END減少。ダウン時に解除	icon_ep.ep_defense_well_tex
88531102	Buff	True	True	False	鉄壁	スキル使用中、受けるダメージが$H_W_GOOD6%$COLOR_END減少。ダウン時に解除	icon_ep.ep_defense_well_tex
88531103	Buff	True	True	False	鉄壁	スキル使用中、受けるダメージが$H_W_GOOD9%$COLOR_END減少。ダウン時に解除	icon_ep.ep_defense_well_tex
88531104	Buff	True	True	False	鉄壁	スキル使用中、受けるダメージが$H_W_GOOD12%$COLOR_END減少。ダウン時に解除	icon_ep.ep_defense_well_tex
88531105	Buff	True	True	False	鉄壁	スキル使用中、受けるダメージが$H_W_GOOD15%$COLOR_END減少。ダウン時に解除	icon_ep.ep_defense_well_tex
88531106	Buff	True	True	False	鉄壁	スキル使用中、受けるダメージが$H_W_GOOD18%$COLOR_END減少。ダウン時に解除	icon_ep.ep_defense_well_tex
88531107	Buff	True	True	False	鉄壁	スキル使用中、受けるダメージが$H_W_GOOD21%$COLOR_END減少。ダウン時に解除	icon_ep.ep_defense_well_tex
88531108	Buff	True	True	False	鉄壁	スキル使用中、受けるダメージが$H_W_GOOD24%$COLOR_END減少。ダウン時に解除	icon_ep.ep_defense_well_tex
88531109	Buff	True	True	False	鉄壁	スキル使用中、受けるダメージが$H_W_GOOD27%$COLOR_END減少。ダウン時に解除	icon_ep.ep_defense_well_tex
88531110	Buff	True	True	False	鉄壁	スキル使用中、受けるダメージが$H_W_GOOD30%$COLOR_END減少。ダウン時に解除	icon_ep.ep_defense_well_tex
88603100	Buff	False	True	False	(シークレット) ラバントアロー連射	見えてはいけない異常状態です。	icon_ep.ep_cooltime_hit_tex
88604201	Buff	True	True	False	根性	スキル使用中、ダウン/硬直の発生確率が$H_W_GOOD10%$COLOR_END減少	icon_ep.ep_reaction_tenacity_tex
88604202	Buff	True	True	False	根性	スキル使用中、ダウン/硬直の発生確率が$H_W_GOOD12%$COLOR_END減少	icon_ep.ep_reaction_tenacity_tex
88604203	Buff	True	True	False	根性	スキル使用中、ダウン/硬直の発生確率が$H_W_GOOD14%$COLOR_END減少	icon_ep.ep_reaction_tenacity_tex
88604204	Buff	True	True	False	根性	スキル使用中、ダウン/硬直の発生確率が$H_W_GOOD16%$COLOR_END減少	icon_ep.ep_reaction_tenacity_tex
88604205	Buff	True	True	False	根性	スキル使用中、ダウン/硬直の発生確率が$H_W_GOOD18%$COLOR_END減少	icon_ep.ep_reaction_tenacity_tex
88604206	Buff	True	True	False	根性	スキル使用中、ダウン/硬直の発生確率が$H_W_GOOD20%$COLOR_END減少	icon_ep.ep_reaction_tenacity_tex
88604207	Buff	True	True	False	根性	スキル使用中、ダウン/硬直の発生確率が$H_W_GOOD22%$COLOR_END減少	icon_ep.ep_reaction_tenacity_tex
88604208	Buff	True	True	False	根性	スキル使用中、ダウン/硬直の発生確率が$H_W_GOOD24%$COLOR_END減少	icon_ep.ep_reaction_tenacity_tex
88604209	Buff	True	True	False	根性	スキル使用中、ダウン/硬直の発生確率が$H_W_GOOD26%$COLOR_END減少	icon_ep.ep_reaction_tenacity_tex
88604210	Buff	True	True	False	根性	スキル使用中、ダウン/硬直の発生確率が$H_W_GOOD28%$COLOR_END減少	icon_ep.ep_reaction_tenacity_tex
88604300	Buff	True	True	False	「ペネトレーティングアロー」再使用	ツールチップが見えたらいけない異常状態	icon_ep.ep_cooltime_restart_tex
88605101	Buff	True	True	False	根性	スキル使用中、ダウン/硬直の発生確率が$H_W_GOOD10%$COLOR_END減少	icon_ep.ep_reaction_tenacity_tex
88605102	Buff	True	True	False	根性	スキル使用中、ダウン/硬直の発生確率が$H_W_GOOD12%$COLOR_END減少	icon_ep.ep_reaction_tenacity_tex
88605103	Buff	True	True	False	根性	スキル使用中、ダウン/硬直の発生確率が$H_W_GOOD14%$COLOR_END減少	icon_ep.ep_reaction_tenacity_tex
88605104	Buff	True	True	False	根性	スキル使用中、ダウン/硬直の発生確率が$H_W_GOOD16%$COLOR_END減少	icon_ep.ep_reaction_tenacity_tex
88605105	Buff	True	True	False	根性	スキル使用中、ダウン/硬直の発生確率が$H_W_GOOD18%$COLOR_END減少	icon_ep.ep_reaction_tenacity_tex
88605106	Buff	True	True	False	根性	スキル使用中、ダウン/硬直の発生確率が$H_W_GOOD20%$COLOR_END減少	icon_ep.ep_reaction_tenacity_tex
88605107	Buff	True	True	False	根性	スキル使用中、ダウン/硬直の発生確率が$H_W_GOOD22%$COLOR_END減少	icon_ep.ep_reaction_tenacity_tex
88605108	Buff	True	True	False	根性	スキル使用中、ダウン/硬直の発生確率が$H_W_GOOD24%$COLOR_END減少	icon_ep.ep_reaction_tenacity_tex
88605109	Buff	True	True	False	根性	スキル使用中、ダウン/硬直の発生確率が$H_W_GOOD26%$COLOR_END減少	icon_ep.ep_reaction_tenacity_tex
88605110	Buff	True	True	False	根性	スキル使用中、ダウン/硬直の発生確率が$H_W_GOOD28%$COLOR_END減少	icon_ep.ep_reaction_tenacity_tex
88605201	Buff	False	True	False	鉄壁	スキル使用中、受けるダメージが$H_W_GOOD3%$COLOR_END減少。ダウン時に解除	icon_ep.ep_defense_well_tex
88605202	Buff	False	True	False	鉄壁	スキル使用中、受けるダメージが$H_W_GOOD6%$COLOR_END減少。ダウン時に解除	icon_ep.ep_defense_well_tex
88605203	Buff	False	True	False	鉄壁	スキル使用中、受けるダメージが$H_W_GOOD9%$COLOR_END減少。ダウン時に解除	icon_ep.ep_defense_well_tex
88605204	Buff	False	True	False	鉄壁	スキル使用中、受けるダメージが$H_W_GOOD12%$COLOR_END減少。ダウン時に解除	icon_ep.ep_defense_well_tex
88605205	Buff	False	True	False	鉄壁	スキル使用中、受けるダメージが$H_W_GOOD15%$COLOR_END減少。ダウン時に解除	icon_ep.ep_defense_well_tex
88605206	Buff	False	True	False	鉄壁	スキル使用中、受けるダメージが$H_W_GOOD18%$COLOR_END減少。ダウン時に解除	icon_ep.ep_defense_well_tex
88605207	Buff	False	True	False	鉄壁	スキル使用中、受けるダメージが$H_W_GOOD21%$COLOR_END減少。ダウン時に解除	icon_ep.ep_defense_well_tex
88605208	Buff	False	True	False	鉄壁	スキル使用中、受けるダメージが$H_W_GOOD24%$COLOR_END減少。ダウン時に解除	icon_ep.ep_defense_well_tex
88605209	Buff	False	True	False	鉄壁	スキル使用中、受けるダメージが$H_W_GOOD27%$COLOR_END減少。ダウン時に解除	icon_ep.ep_defense_well_tex
88605210	Buff	False	True	False	鉄壁	スキル使用中、受けるダメージが$H_W_GOOD30%$COLOR_END減少。ダウン時に解除	icon_ep.ep_defense_well_tex
88606100	Buff	True	True	False	「後方跳躍」再使用	ツールチップが見えたらいけない異常状態	icon_ep.ep_cooltime_restart_tex
88607101	Buff	True	True	False	ダメージ免疫	全種類のダメージを受けません。スキル使用時、解除します。	icon_ep.ep_special_unbeatable_tex
88607102	Buff	True	True	False	ダメージ免疫	全種類のダメージを受けません。スキル使用時、解除します。	icon_ep.ep_special_unbeatable_tex
88607103	Buff	True	True	False	ダメージ免疫	全種類のダメージを受けません。スキル使用時、解除します。	icon_ep.ep_special_unbeatable_tex
88607104	Buff	True	True	False	ダメージ免疫	全種類のダメージを受けません。スキル使用時、解除します。	icon_ep.ep_special_unbeatable_tex
88607105	Buff	True	True	False	ダメージ免疫	全種類のダメージを受けません。スキル使用時、解除します。	icon_ep.ep_special_unbeatable_tex
88607106	Buff	True	True	False	ダメージ免疫	全種類のダメージを受けません。スキル使用時、解除します。	icon_ep.ep_special_unbeatable_tex
88607107	Buff	True	True	False	ダメージ免疫	全種類のダメージを受けません。スキル使用時、解除します。	icon_ep.ep_special_unbeatable_tex
88607108	Buff	True	True	False	ダメージ免疫	全種類のダメージを受けません。スキル使用時、解除します。	icon_ep.ep_special_unbeatable_tex
88607109	Buff	True	True	False	ダメージ免疫	全種類のダメージを受けません。スキル使用時、解除します。	icon_ep.ep_special_unbeatable_tex
88607110	Buff	True	True	False	ダメージ免疫	全種類のダメージを受けません。スキル使用時、解除します。	icon_ep.ep_special_unbeatable_tex
88608101	Buff	True	True	False	速射の猛撃	クリティカル発生が$H_W_GOOD2$COLOR_END増加。ダウン時に解除。	icon_ep.ep_fatal_hitfinish_tex
88608102	Buff	True	True	False	速射の猛撃	クリティカル発生が$H_W_GOOD3$COLOR_END増加。ダウン時に解除。	icon_ep.ep_fatal_hitfinish_tex
88608103	Buff	True	True	False	速射の猛撃	クリティカル発生が$H_W_GOOD4$COLOR_END増加。ダウン時に解除。	icon_ep.ep_fatal_hitfinish_tex
88608104	Buff	True	True	False	速射の猛撃	クリティカル発生が$H_W_GOOD5$COLOR_END増加。ダウン時に解除。	icon_ep.ep_fatal_hitfinish_tex
88608105	Buff	True	True	False	速射の猛撃	クリティカル発生が$H_W_GOOD6$COLOR_END増加。ダウン時に解除。	icon_ep.ep_fatal_hitfinish_tex
88608106	Buff	True	True	False	速射の猛撃	クリティカル発生が$H_W_GOOD7$COLOR_END増加。ダウン時に解除。	icon_ep.ep_fatal_hitfinish_tex
88608107	Buff	True	True	False	速射の猛撃	クリティカル発生が$H_W_GOOD8$COLOR_END増加。ダウン時に解除。	icon_ep.ep_fatal_hitfinish_tex
88608108	Buff	True	True	False	速射の猛撃	クリティカル発生が$H_W_GOOD9$COLOR_END増加。ダウン時に解除。	icon_ep.ep_fatal_hitfinish_tex
88608109	Buff	True	True	False	速射の猛撃	クリティカル発生が$H_W_GOOD10$COLOR_END増加。ダウン時に解除。	icon_ep.ep_fatal_hitfinish_tex
88608110	Buff	True	True	False	速射の猛撃	クリティカル発生が$H_W_GOOD11$COLOR_END増加。ダウン時に解除。	icon_ep.ep_fatal_hitfinish_tex
88614201	Buff	True	True	False	連迅連迅「トラップ」	トラップスキルの発動速度が$H_W_GOOD30%$COLOR_END上昇	icon_ep.ep_attack_speed_tex
88614202	Buff	True	True	False	連迅連迅「トラップ」	トラップスキルの発動速度が$H_W_GOOD35%$COLOR_END上昇	icon_ep.ep_attack_speed_tex
88614203	Buff	True	True	False	連迅連迅「トラップ」	トラップスキルの発動速度が$H_W_GOOD40%$COLOR_END上昇	icon_ep.ep_attack_speed_tex
88614204	Buff	True	True	False	連迅連迅「トラップ」	トラップスキルの発動速度が$H_W_GOOD45%$COLOR_END上昇	icon_ep.ep_attack_speed_tex
88614205	Buff	True	True	False	連迅連迅「トラップ」	トラップスキルの発動速度が$H_W_GOOD50%$COLOR_END上昇	icon_ep.ep_attack_speed_tex
88614206	Buff	True	True	False	連迅連迅「トラップ」	トラップスキルの発動速度が$H_W_GOOD55%$COLOR_END上昇	icon_ep.ep_attack_speed_tex
88614207	Buff	True	True	False	連迅連迅「トラップ」	トラップスキルの発動速度が$H_W_GOOD60%$COLOR_END上昇	icon_ep.ep_attack_speed_tex
88614208	Buff	True	True	False	連迅連迅「トラップ」	トラップスキルの発動速度が$H_W_GOOD65%$COLOR_END上昇	icon_ep.ep_attack_speed_tex
88614209	Buff	True	True	False	連迅連迅「トラップ」	トラップスキルの発動速度が$H_W_GOOD70%$COLOR_END上昇	icon_ep.ep_attack_speed_tex
88614210	Buff	True	True	False	連迅連迅「トラップ」	トラップスキルの発動速度が$H_W_GOOD75%$COLOR_END上昇	icon_ep.ep_attack_speed_tex
88614211	Buff	True	True	False	連迅連迅「トラップ」	トラップスキルの発動速度が$H_W_GOOD80%$COLOR_END上昇	icon_ep.ep_attack_speed_tex
88614212	Buff	True	True	False	連迅連迅「トラップ」	トラップスキルの発動速度が$H_W_GOOD85%$COLOR_END上昇	icon_ep.ep_attack_speed_tex
88614213	Buff	True	True	False	連迅連迅「トラップ」	トラップスキルの発動速度が$H_W_GOOD90%$COLOR_END上昇	icon_ep.ep_attack_speed_tex
88614214	Buff	True	True	False	連迅連迅「トラップ」	トラップスキルの発動速度が$H_W_GOOD95%$COLOR_END上昇	icon_ep.ep_attack_speed_tex
88614215	Buff	True	True	False	連迅連迅「トラップ」	トラップスキルの発動速度が$H_W_GOOD100%$COLOR_END上昇	icon_ep.ep_attack_speed_tex
88616100	Buff	True	True	False	「エスケープアタック」再使用	ツールチップが見えたらいけない異常状態	icon_ep.ep_cooltime_restart_tex
88618101	Buff	True	True	False	「エスケープアタック」猛撃	「エスケープアタック」使用時、クリティカル発生率が$H_W_GOOD0,07$COLOR_END上昇	icon_ep.ep_fatal_hitfinish_tex
88618102	Buff	True	True	False	「エスケープアタック」猛撃	「エスケープアタック」使用時、クリティカル発生率が$H_W_GOOD0,09$COLOR_END上昇	icon_ep.ep_fatal_hitfinish_tex
88618103	Buff	True	True	False	「エスケープアタック」猛撃	「エスケープアタック」使用時、クリティカル発生率が$H_W_GOOD0,11$COLOR_END上昇	icon_ep.ep_fatal_hitfinish_tex
88618104	Buff	True	True	False	「エスケープアタック」猛撃	「エスケープアタック」使用時、クリティカル発生率が$H_W_GOOD0,13$COLOR_END上昇	icon_ep.ep_fatal_hitfinish_tex
88618105	Buff	True	True	False	「エスケープアタック」猛撃	「エスケープアタック」使用時、クリティカル発生率が$H_W_GOOD0,15$COLOR_END上昇	icon_ep.ep_fatal_hitfinish_tex
88618106	Buff	True	True	False	「エスケープアタック」猛撃	「エスケープアタック」使用時、クリティカル発生率が$H_W_GOOD0,17$COLOR_END上昇	icon_ep.ep_fatal_hitfinish_tex
88618107	Buff	True	True	False	「エスケープアタック」猛撃	「エスケープアタック」使用時、クリティカル発生率が$H_W_GOOD0,19$COLOR_END上昇	icon_ep.ep_fatal_hitfinish_tex
88618108	Buff	True	True	False	「エスケープアタック」猛撃	「エスケープアタック」使用時、クリティカル発生率が$H_W_GOOD0,21$COLOR_END上昇	icon_ep.ep_fatal_hitfinish_tex
88618109	Buff	True	True	False	「エスケープアタック」猛撃	「エスケープアタック」使用時、クリティカル発生率が$H_W_GOOD0,23$COLOR_END上昇	icon_ep.ep_fatal_hitfinish_tex
88618110	Buff	True	True	False	「エスケープアタック」猛撃	「エスケープアタック」使用時、クリティカル発生率が$H_W_GOOD0,25$COLOR_END上昇	icon_ep.ep_fatal_hitfinish_tex
88629101	Buff	True	True	False	鉄壁	スキル使用中、受けるダメージが$H_W_GOOD3%$COLOR_END減少。ダウン時に解除	icon_ep.ep_defense_well_tex
88629102	Buff	True	True	False	鉄壁	スキル使用中、受けるダメージが$H_W_GOOD6%$COLOR_END減少。ダウン時に解除	icon_ep.ep_defense_well_tex
88629103	Buff	True	True	False	鉄壁	スキル使用中、受けるダメージが$H_W_GOOD9%$COLOR_END減少。ダウン時に解除	icon_ep.ep_defense_well_tex
88629104	Buff	True	True	False	鉄壁	スキル使用中、受けるダメージが$H_W_GOOD12%$COLOR_END減少。ダウン時に解除	icon_ep.ep_defense_well_tex
88629105	Buff	True	True	False	鉄壁	スキル使用中、受けるダメージが$H_W_GOOD15%$COLOR_END減少。ダウン時に解除	icon_ep.ep_defense_well_tex
88629106	Buff	True	True	False	鉄壁	スキル使用中、受けるダメージが$H_W_GOOD18%$COLOR_END減少。ダウン時に解除	icon_ep.ep_defense_well_tex
88629107	Buff	True	True	False	鉄壁	スキル使用中、受けるダメージが$H_W_GOOD21%$COLOR_END減少。ダウン時に解除	icon_ep.ep_defense_well_tex
88629108	Buff	True	True	False	鉄壁	スキル使用中、受けるダメージが$H_W_GOOD24%$COLOR_END減少。ダウン時に解除	icon_ep.ep_defense_well_tex
88629109	Buff	True	True	False	鉄壁	スキル使用中、受けるダメージが$H_W_GOOD27%$COLOR_END減少。ダウン時に解除	icon_ep.ep_defense_well_tex
88629110	Buff	True	True	False	鉄壁	スキル使用中、受けるダメージが$H_W_GOOD30%$COLOR_END減少。ダウン時に解除	icon_ep.ep_defense_well_tex
88631101	Buff	True	True	False	チャージ	1秒毎にMPが$H_W_GOOD80$COLOR_END回復。攻撃を受けると解除	icon_ep.ep_resources_mpmore_tex
88631102	Buff	True	True	False	チャージ	1秒毎にMPが$H_W_GOOD90$COLOR_END回復。攻撃を受けると解除	icon_ep.ep_resources_mpmore_tex
88631103	Buff	True	True	False	チャージ	1秒毎にMPが$H_W_GOOD100$COLOR_END回復。攻撃を受けると解除	icon_ep.ep_resources_mpmore_tex
88631104	Buff	True	True	False	チャージ	1秒毎にMPが$H_W_GOOD110$COLOR_END回復。攻撃を受けると解除	icon_ep.ep_resources_mpmore_tex
88631105	Buff	True	True	False	チャージ	1秒毎にMPが$H_W_GOOD120$COLOR_END回復。攻撃を受けると解除	icon_ep.ep_resources_mpmore_tex
88631106	Buff	True	True	False	チャージ	1秒毎にMPが$H_W_GOOD130$COLOR_END回復。攻撃を受けると解除	icon_ep.ep_resources_mpmore_tex
88631107	Buff	True	True	False	チャージ	1秒毎にMPが$H_W_GOOD140$COLOR_END回復。攻撃を受けると解除	icon_ep.ep_resources_mpmore_tex
88631108	Buff	True	True	False	チャージ	1秒毎にMPが$H_W_GOOD150$COLOR_END回復。攻撃を受けると解除	icon_ep.ep_resources_mpmore_tex
88631109	Buff	True	True	False	チャージ	1秒毎にMPが$H_W_GOOD160$COLOR_END回復。攻撃を受けると解除	icon_ep.ep_resources_mpmore_tex
88631110	Buff	True	True	False	チャージ	1秒毎にMPが$H_W_GOOD170$COLOR_END回復。攻撃を受けると解除	icon_ep.ep_resources_mpmore_tex
88631201	Buff	True	True	False	執念の鉄壁	耐久力が$H_W_GOOD2$COLOR_END増加。ダウン時に解除	icon_ep.ep_defense_wellup_tex
88631202	Buff	True	True	False	執念の鉄壁	耐久力が$H_W_GOOD3$COLOR_END増加。ダウン時に解除	icon_ep.ep_defense_wellup_tex
88631203	Buff	True	True	False	執念の鉄壁	耐久力が$H_W_GOOD4$COLOR_END増加。ダウン時に解除	icon_ep.ep_defense_wellup_tex
88631204	Buff	True	True	False	執念の鉄壁	耐久力が$H_W_GOOD5$COLOR_END増加。ダウン時に解除	icon_ep.ep_defense_wellup_tex
88631205	Buff	True	True	False	執念の鉄壁	耐久力が$H_W_GOOD6$COLOR_END増加。ダウン時に解除	icon_ep.ep_defense_wellup_tex
88631206	Buff	True	True	False	執念の鉄壁	耐久力が$H_W_GOOD7$COLOR_END増加。ダウン時に解除	icon_ep.ep_defense_wellup_tex
88631207	Buff	True	True	False	執念の鉄壁	耐久力が$H_W_GOOD8$COLOR_END増加。ダウン時に解除	icon_ep.ep_defense_wellup_tex
88631208	Buff	True	True	False	執念の鉄壁	耐久力が$H_W_GOOD9$COLOR_END増加。ダウン時に解除	icon_ep.ep_defense_wellup_tex
88631209	Buff	True	True	False	執念の鉄壁	耐久力が$H_W_GOOD10$COLOR_END増加。ダウン時に解除	icon_ep.ep_defense_wellup_tex
88631210	Buff	True	True	False	執念の鉄壁	耐久力が$H_W_GOOD11$COLOR_END増加。ダウン時に解除	icon_ep.ep_defense_wellup_tex
88722101	Buff	False	True	False	(シークレット)終了時効果	見えてはいけない異常状態です。	icon_ep.ep_defense_wellup_tex
88722102	Buff	False	True	False	(シークレット)終了時効果	見えてはいけない異常状態です。	icon_ep.ep_defense_wellup_tex
88722103	Buff	False	True	False	(シークレット)終了時効果	見えてはいけない異常状態です。	icon_ep.ep_defense_wellup_tex
88722104	Buff	False	True	False	(シークレット)終了時効果	見えてはいけない異常状態です。	icon_ep.ep_defense_wellup_tex
88722105	Buff	False	True	False	(シークレット)終了時効果	見えてはいけない異常状態です。	icon_ep.ep_defense_wellup_tex
88722106	Buff	False	True	False	(シークレット)終了時効果	見えてはいけない異常状態です。	icon_ep.ep_defense_wellup_tex
88722107	Buff	False	True	False	(シークレット)終了時効果	見えてはいけない異常状態です。	icon_ep.ep_defense_wellup_tex
88722108	Buff	False	True	False	(シークレット)終了時効果	見えてはいけない異常状態です。	icon_ep.ep_defense_wellup_tex
88722109	Buff	False	True	False	(シークレット)終了時効果	見えてはいけない異常状態です。	icon_ep.ep_defense_wellup_tex
88722110	Buff	False	True	False	(シークレット)終了時効果	見えてはいけない異常状態です。	icon_ep.ep_defense_wellup_tex
88722151	Buff	True	True	False	鉄壁	耐久力が$H_W_GOOD2$COLOR_END増加。ダウン時に解除	icon_ep.ep_defense_wellup_tex
88722152	Buff	True	True	False	鉄壁	耐久力が$H_W_GOOD3$COLOR_END増加。ダウン時に解除	icon_ep.ep_defense_wellup_tex
88722153	Buff	True	True	False	鉄壁	耐久力が$H_W_GOOD4$COLOR_END増加。ダウン時に解除	icon_ep.ep_defense_wellup_tex
88722154	Buff	True	True	False	鉄壁	耐久力が$H_W_GOOD5$COLOR_END増加。ダウン時に解除	icon_ep.ep_defense_wellup_tex
88722155	Buff	True	True	False	鉄壁	耐久力が$H_W_GOOD6$COLOR_END増加。ダウン時に解除	icon_ep.ep_defense_wellup_tex
88722156	Buff	True	True	False	鉄壁	耐久力が$H_W_GOOD7$COLOR_END増加。ダウン時に解除	icon_ep.ep_defense_wellup_tex
88722157	Buff	True	True	False	鉄壁	耐久力が$H_W_GOOD8$COLOR_END増加。ダウン時に解除	icon_ep.ep_defense_wellup_tex
88722158	Buff	True	True	False	鉄壁	耐久力が$H_W_GOOD9$COLOR_END増加。ダウン時に解除	icon_ep.ep_defense_wellup_tex
88722159	Buff	True	True	False	鉄壁	耐久力が$H_W_GOOD10$COLOR_END増加。ダウン時に解除	icon_ep.ep_defense_wellup_tex
88722160	Buff	True	True	False	鉄壁	耐久力が$H_W_GOOD11$COLOR_END増加。ダウン時に解除	icon_ep.ep_defense_wellup_tex
88728201	Buff	True	True	False	持続チャージ	$H_W_GOOD1$COLOR_END second毎にMPが$H_W_GOOD80$COLOR_END回復します。ダウン/硬直/スタン時に解除されます。	icon_ep.ep_resources_mpmore_tex
88728202	Buff	True	True	False	持続チャージ	$H_W_GOOD1$COLOR_END second毎にMPが$H_W_GOOD80$COLOR_END回復します。ダウン/硬直/スタン時に解除されます。	icon_ep.ep_resources_mpmore_tex
88728203	Buff	True	True	False	持続チャージ	$H_W_GOOD1$COLOR_END second毎にMPが$H_W_GOOD80$COLOR_END回復します。ダウン/硬直/スタン時に解除されます。	icon_ep.ep_resources_mpmore_tex
88728204	Buff	True	True	False	持続チャージ	$H_W_GOOD1$COLOR_END second毎にMPが$H_W_GOOD80$COLOR_END回復します。ダウン/硬直/スタン時に解除されます。	icon_ep.ep_resources_mpmore_tex
88728205	Buff	True	True	False	持続チャージ	$H_W_GOOD1$COLOR_END second毎にMPが$H_W_GOOD80$COLOR_END回復します。ダウン/硬直/スタン時に解除されます。	icon_ep.ep_resources_mpmore_tex
88728206	Buff	True	True	False	持続チャージ	$H_W_GOOD1$COLOR_END second毎にMPが$H_W_GOOD80$COLOR_END回復します。ダウン/硬直/スタン時に解除されます。	icon_ep.ep_resources_mpmore_tex
88728207	Buff	True	True	False	持続チャージ	$H_W_GOOD1$COLOR_END second毎にMPが$H_W_GOOD80$COLOR_END回復します。ダウン/硬直/スタン時に解除されます。	icon_ep.ep_resources_mpmore_tex
88728208	Buff	True	True	False	持続チャージ	$H_W_GOOD1$COLOR_END second毎にMPが$H_W_GOOD80$COLOR_END回復します。ダウン/硬直/スタン時に解除されます。	icon_ep.ep_resources_mpmore_tex
88728209	Buff	True	True	False	持続チャージ	$H_W_GOOD1$COLOR_END second毎にMPが$H_W_GOOD80$COLOR_END回復します。ダウン/硬直/スタン時に解除されます。	icon_ep.ep_resources_mpmore_tex
88728210	Buff	True	True	False	持続チャージ	$H_W_GOOD1$COLOR_END second毎にMPが$H_W_GOOD80$COLOR_END回復します。ダウン/硬直/スタン時に解除されます。	icon_ep.ep_resources_mpmore_tex
88728211	Buff	True	True	False	持続チャージ	$H_W_GOOD1$COLOR_END second毎にMPが$H_W_GOOD80$COLOR_END回復します。ダウン/硬直/スタン時に解除されます。	icon_ep.ep_resources_mpmore_tex
88728212	Buff	True	True	False	持続チャージ	$H_W_GOOD1$COLOR_END second毎にMPが$H_W_GOOD80$COLOR_END回復します。ダウン/硬直/スタン時に解除されます。	icon_ep.ep_resources_mpmore_tex
88728213	Buff	True	True	False	持続チャージ	$H_W_GOOD1$COLOR_END second毎にMPが$H_W_GOOD80$COLOR_END回復します。ダウン/硬直/スタン時に解除されます。	icon_ep.ep_resources_mpmore_tex
88728214	Buff	True	True	False	持続チャージ	$H_W_GOOD1$COLOR_END second毎にMPが$H_W_GOOD80$COLOR_END回復します。ダウン/硬直/スタン時に解除されます。	icon_ep.ep_resources_mpmore_tex
88728215	Buff	True	True	False	持続チャージ	$H_W_GOOD1$COLOR_END second毎にMPが$H_W_GOOD80$COLOR_END回復します。ダウン/硬直/スタン時に解除されます。	icon_ep.ep_resources_mpmore_tex
88729100	WeakeningEffect	False	False	False	(シークレット) ダムネーション1打	見えてはいけない異常状態です。	icon_ep.ep_special_load_tex
88729110	WeakeningEffect	False	False	False	(シークレット) ダムネーション2打	見えてはいけない異常状態です。	icon_ep.ep_special_load_tex
88733100	Buff	True	True	False	イシャラソングリロード	ツールチップが見えたらいけない異常状態	icon_ep.ep_cooltime_restart_tex
88733201	Stun	False	True	False	(シークレット)タイムアウト終了時効果	見えてはいけない異常状態です。	icon_ep.ep_debuff_injury_tex
88733202	Stun	False	True	False	(シークレット)タイムアウト終了時効果	見えてはいけない異常状態です。	icon_ep.ep_debuff_injury_tex
88733203	Stun	False	True	False	(シークレット)タイムアウト終了時効果	見えてはいけない異常状態です。	icon_ep.ep_debuff_injury_tex
88733204	Stun	False	True	False	(シークレット)タイムアウト終了時効果	見えてはいけない異常状態です。	icon_ep.ep_debuff_injury_tex
88733205	Stun	False	True	False	(シークレット)タイムアウト終了時効果	見えてはいけない異常状態です。	icon_ep.ep_debuff_injury_tex
88733206	Stun	False	True	False	(シークレット)タイムアウト終了時効果	見えてはいけない異常状態です。	icon_ep.ep_debuff_injury_tex
88733207	Stun	False	True	False	(シークレット)タイムアウト終了時効果	見えてはいけない異常状態です。	icon_ep.ep_debuff_injury_tex
88733208	Stun	False	True	False	(シークレット)タイムアウト終了時効果	見えてはいけない異常状態です。	icon_ep.ep_debuff_injury_tex
88733209	Stun	False	True	False	(シークレット)タイムアウト終了時効果	見えてはいけない異常状態です。	icon_ep.ep_debuff_injury_tex
88733210	Stun	False	True	False	(シークレット)タイムアウト終了時効果	見えてはいけない異常状態です。	icon_ep.ep_debuff_injury_tex
88733221	Stun	True	True	False	悪夢	ツールチップが見えたらいけない異常状態	icon_ep.ep_debuff_injury_tex
88733222	Stun	True	True	False	悪夢	ツールチップが見えたらいけない異常状態	icon_ep.ep_debuff_injury_tex
88733223	Stun	True	True	False	悪夢	ツールチップが見えたらいけない異常状態	icon_ep.ep_debuff_injury_tex
88733224	Stun	True	True	False	悪夢	ツールチップが見えたらいけない異常状態	icon_ep.ep_debuff_injury_tex
88733225	Stun	True	True	False	悪夢	ツールチップが見えたらいけない異常状態	icon_ep.ep_debuff_injury_tex
88733226	Stun	True	True	False	悪夢	ツールチップが見えたらいけない異常状態	icon_ep.ep_debuff_injury_tex
88733227	Stun	True	True	False	悪夢	ツールチップが見えたらいけない異常状態	icon_ep.ep_debuff_injury_tex
88733228	Stun	True	True	False	悪夢	ツールチップが見えたらいけない異常状態	icon_ep.ep_debuff_injury_tex
88733229	Stun	True	True	False	悪夢	ツールチップが見えたらいけない異常状態	icon_ep.ep_debuff_injury_tex
88733230	Stun	True	True	False	悪夢	ツールチップが見えたらいけない異常状態	icon_ep.ep_debuff_injury_tex
88733251	DamageOverTime	True	False	False	悪夢の後遺症1段階	移動速度が$H_W_BAD1％$COLOR_END減少し、HPの$H_W_BAD0.5％$COLOR_END（最大1000）が持続的に減少。	icon_ep.ep_debuff_injury_tex
88733252	DamageOverTime	True	False	False	悪夢の後遺症2段階	移動速度が$H_W_BAD2％$COLOR_END減少し、HPの$H_W_BAD0.7％$COLOR_END（最大1400）が持続的に減少。	icon_ep.ep_debuff_injury_tex
88733253	DamageOverTime	True	False	False	悪夢の後遺症3段階	移動速度が$H_W_BAD3％$COLOR_END減少し、HPの$H_W_BAD0.9％$COLOR_END（最大1800）が持続的に減少。	icon_ep.ep_debuff_injury_tex
88733254	DamageOverTime	True	False	False	悪夢の後遺症4段階	移動速度が$H_W_BAD4％$COLOR_END減少し、HPの$H_W_BAD1.1％$COLOR_END（最大2200）が持続的に減少。	icon_ep.ep_debuff_injury_tex
88733255	DamageOverTime	True	False	False	悪夢の後遺症5段階	移動速度が$H_W_BAD5％$COLOR_END減少し、HPの$H_W_BAD1.3％$COLOR_END（最大2600）が持続的に減少。	icon_ep.ep_debuff_injury_tex
88733256	DamageOverTime	True	False	False	悪夢の後遺症6段階	移動速度が$H_W_BAD6％$COLOR_END減少し、HPの$H_W_BAD1.5％$COLOR_END（最大3000）が持続的に減少。	icon_ep.ep_debuff_injury_tex
88733257	DamageOverTime	True	False	False	悪夢の後遺症7段階	移動速度が$H_W_BAD7％$COLOR_END減少し、HPの$H_W_BAD1.7％$COLOR_END（最大3400）が持続的に減少。	icon_ep.ep_debuff_injury_tex
88733258	DamageOverTime	True	False	False	悪夢の後遺症8段階	移動速度が$H_W_BAD8％$COLOR_END減少し、HPの$H_W_BAD1.9％$COLOR_END（最大3800）が持続的に減少。	icon_ep.ep_debuff_injury_tex
88733259	DamageOverTime	True	False	False	悪夢の後遺症9段階	移動速度が$H_W_BAD9％$COLOR_END減少し、HPの$H_W_BAD2％$COLOR_END（最大4000）が持続的に減少。	icon_ep.ep_debuff_injury_tex
88733260	DamageOverTime	True	False	False	悪夢の後遺症10段階	移動速度が$H_W_BAD10％$COLOR_END減少し、HPの$H_W_BAD2％$COLOR_END（最大4000）が持続的に減少。	icon_ep.ep_debuff_injury_tex
88802201	DamageOverTime	True	False	False	減速	HPが少なくなると移動速度が減少。ダメージを受けたり、ダウンすると解除	icon_ep.ep_transfer_speeddown_tex
88802202	DamageOverTime	True	False	False	減速	HPが少なくなると移動速度が減少。ダメージを受けたり、ダウンすると解除	icon_ep.ep_transfer_speeddown_tex
88802203	DamageOverTime	True	False	False	減速	HPが少なくなると移動速度が減少。ダメージを受けたり、ダウンすると解除	icon_ep.ep_transfer_speeddown_tex
88802204	DamageOverTime	True	False	False	減速	HPが少なくなると移動速度が減少。ダメージを受けたり、ダウンすると解除	icon_ep.ep_transfer_speeddown_tex
88802205	DamageOverTime	True	False	False	減速	HPが少なくなると移動速度が減少。ダメージを受けたり、ダウンすると解除	icon_ep.ep_transfer_speeddown_tex
88802206	DamageOverTime	True	False	False	減速	HPが少なくなると移動速度が減少。ダメージを受けたり、ダウンすると解除	icon_ep.ep_transfer_speeddown_tex
88802207	DamageOverTime	True	False	False	減速	HPが少なくなると移動速度が減少。ダメージを受けたり、ダウンすると解除	icon_ep.ep_transfer_speeddown_tex
88802208	DamageOverTime	True	False	False	減速	HPが少なくなると移動速度が減少。ダメージを受けたり、ダウンすると解除	icon_ep.ep_transfer_speeddown_tex
88802209	DamageOverTime	True	False	False	減速	HPが少なくなると移動速度が減少。ダメージを受けたり、ダウンすると解除	icon_ep.ep_transfer_speeddown_tex
88802210	DamageOverTime	True	False	False	減速	HPが少なくなると移動速度が減少。ダメージを受けたり、ダウンすると解除	icon_ep.ep_transfer_speeddown_tex
88808100	Buff	True	True	False	「アースレイジ」再使用	ツールチップが見えたらいけない異常状態	icon_ep.ep_cooltime_restart_tex
88812100	Buff	True	True	False	「リバースブレシング」再使用	ツールチップが見えたらいけない異常状態	icon_ep.ep_cooltime_restart_tex
88823101	Buff	True	True	True	「懲罰の幕」強化	「懲罰の幕」のダメージが$H_W_GOOD4%$COLOR_END増加	icon_ep.ep_cooltime_restart_tex
88823102	Buff	True	True	True	「懲罰の幕」強化	「懲罰の幕」のダメージが$H_W_GOOD8%$COLOR_END増加	icon_ep.ep_cooltime_restart_tex
88823103	Buff	True	True	True	「懲罰の幕」強化	「懲罰の幕」のダメージが$H_W_GOOD12%$COLOR_END増加	icon_ep.ep_cooltime_restart_tex
88823104	Buff	True	True	True	「懲罰の幕」強化	「懲罰の幕」のダメージが$H_W_GOOD16%$COLOR_END増加	icon_ep.ep_cooltime_restart_tex
88823105	Buff	True	True	True	「懲罰の幕」強化	「懲罰の幕」のダメージが$H_W_GOOD20%$COLOR_END増加	icon_ep.ep_cooltime_restart_tex
88825101	Buff	False	True	False	(シークレット)シナジー伝播エレメンタリスト用	見えてはいけない異常状態です。	
88825102	Buff	False	True	False	(シークレット)シナジー伝播エレメンタリスト用	見えてはいけない異常状態です。	
88825103	Buff	False	True	False	(シークレット)シナジー伝播エレメンタリスト用	見えてはいけない異常状態です。	
88825104	Buff	False	True	False	(シークレット)シナジー伝播エレメンタリスト用	見えてはいけない異常状態です。	
88825105	Buff	False	True	False	(シークレット)シナジー伝播エレメンタリスト用	見えてはいけない異常状態です。	
88825106	Buff	False	True	False	(シークレット)シナジー伝播エレメンタリスト用	見えてはいけない異常状態です。	
88825107	Buff	False	True	False	(シークレット)シナジー伝播エレメンタリスト用	見えてはいけない異常状態です。	
88825108	Buff	False	True	False	(シークレット)シナジー伝播エレメンタリスト用	見えてはいけない異常状態です。	
88825109	Buff	False	True	False	(シークレット)シナジー伝播エレメンタリスト用	見えてはいけない異常状態です。	
88825110	Buff	False	True	False	(シークレット)シナジー伝播エレメンタリスト用	見えてはいけない異常状態です。	
88825201	Buff	False	True	True	(シークレット) ダメージ転移伝播	見えてはいけない異常状態です。	icon_ep.ep_defense_wellup_tex
88825202	Buff	False	True	True	(シークレット) ダメージ転移伝播	見えてはいけない異常状態です。	icon_ep.ep_defense_wellup_tex
88825203	Buff	False	True	True	(シークレット) ダメージ転移伝播	見えてはいけない異常状態です。	icon_ep.ep_defense_wellup_tex
88825204	Buff	False	True	True	(シークレット) ダメージ転移伝播	見えてはいけない異常状態です。	icon_ep.ep_defense_wellup_tex
88825205	Buff	False	True	True	(シークレット) ダメージ転移伝播	見えてはいけない異常状態です。	icon_ep.ep_defense_wellup_tex
88825206	Buff	False	True	True	(シークレット) ダメージ転移伝播	見えてはいけない異常状態です。	icon_ep.ep_defense_wellup_tex
88825207	Buff	False	True	True	(シークレット) ダメージ転移伝播	見えてはいけない異常状態です。	icon_ep.ep_defense_wellup_tex
88825208	Buff	False	True	True	(シークレット) ダメージ転移伝播	見えてはいけない異常状態です。	icon_ep.ep_defense_wellup_tex
88825209	Buff	False	True	True	(シークレット) ダメージ転移伝播	見えてはいけない異常状態です。	icon_ep.ep_defense_wellup_tex
88825210	Buff	False	True	True	(シークレット) ダメージ転移伝播	見えてはいけない異常状態です。	icon_ep.ep_defense_wellup_tex
88825251	Buff	True	True	False	鉄壁	耐久力が$H_W_GOOD2$COLOR_END増加。ダウン時に解除	icon_ep.ep_defense_wellup_tex
88825252	Buff	True	True	False	鉄壁	耐久力が$H_W_GOOD3$COLOR_END増加。ダウン時に解除	icon_ep.ep_defense_wellup_tex
88825253	Buff	True	True	False	鉄壁	耐久力が$H_W_GOOD4$COLOR_END増加。ダウン時に解除	icon_ep.ep_defense_wellup_tex
88825254	Buff	True	True	False	鉄壁	耐久力が$H_W_GOOD5$COLOR_END増加。ダウン時に解除	icon_ep.ep_defense_wellup_tex
88825255	Buff	True	True	False	鉄壁	耐久力が$H_W_GOOD6$COLOR_END増加。ダウン時に解除	icon_ep.ep_defense_wellup_tex
88825256	Buff	True	True	False	鉄壁	耐久力が$H_W_GOOD7$COLOR_END増加。ダウン時に解除	icon_ep.ep_defense_wellup_tex
88825257	Buff	True	True	False	鉄壁	耐久力が$H_W_GOOD8$COLOR_END増加。ダウン時に解除	icon_ep.ep_defense_wellup_tex
88825258	Buff	True	True	False	鉄壁	耐久力が$H_W_GOOD9$COLOR_END増加。ダウン時に解除	icon_ep.ep_defense_wellup_tex
88825259	Buff	True	True	False	鉄壁	耐久力が$H_W_GOOD10$COLOR_END増加。ダウン時に解除	icon_ep.ep_defense_wellup_tex
88825260	Buff	True	True	False	鉄壁	耐久力が$H_W_GOOD11$COLOR_END増加。ダウン時に解除	icon_ep.ep_defense_wellup_tex
88827101	Buff	False	True	False	(シークレット) 生命の精気保護伝播エレメンタリスト用	見えてはいけない異常状態です。	
88827102	Buff	False	True	False	(シークレット) 生命の精気保護伝播エレメンタリスト用	見えてはいけない異常状態です。	
88827103	Buff	False	True	False	(シークレット) 生命の精気保護伝播エレメンタリスト用	見えてはいけない異常状態です。	
88827104	Buff	False	True	False	(シークレット) 生命の精気保護伝播エレメンタリスト用	見えてはいけない異常状態です。	
88827105	Buff	False	True	False	(シークレット) 生命の精気保護伝播エレメンタリスト用	見えてはいけない異常状態です。	
88827200	Buff	False	True	False	(シークレット) 生命の精気終了発動	見えてはいけない異常状態です。	icon_ep.ep_resources_hpmore_tex
88827210	Buff	False	True	False	(シークレット) 生命の精気終了伝播	見えてはいけない異常状態です。	icon_ep.ep_resources_hpmore_tex
88827220	Buff	True	True	False	回復の祝福	1秒毎にMPが$H_W_BAD99%$COLOR_END減少。ダウン/硬直/スタン時に解除	icon_ep.ep_resources_hpmore_tex
88829101	DamageOverTime	True	False	False	精神枯渇	1秒毎にMPが$H_W_BAD-20$COLOR_END減少。ダウン/硬直/スタン時に解除	icon_ep.ep_debuff_dryout_tex
88829102	DamageOverTime	True	False	False	精神枯渇	1秒毎にMPが$H_W_BAD-30$COLOR_END減少。ダウン/硬直/スタン時に解除	icon_ep.ep_debuff_dryout_tex
88829103	DamageOverTime	True	False	False	精神枯渇	1秒毎にMPが$H_W_BAD-40$COLOR_END減少。ダウン/硬直/スタン時に解除	icon_ep.ep_debuff_dryout_tex
88829104	DamageOverTime	True	False	False	精神枯渇	1秒毎にMPが$H_W_BAD-50$COLOR_END減少。ダウン/硬直/スタン時に解除	icon_ep.ep_debuff_dryout_tex
88829105	DamageOverTime	True	False	False	精神枯渇	1秒毎にMPが$H_W_BAD-60$COLOR_END減少。ダウン/硬直/スタン時に解除	icon_ep.ep_debuff_dryout_tex
88829106	DamageOverTime	True	False	False	精神枯渇	1秒毎にMPが$H_W_BAD-70$COLOR_END減少。ダウン/硬直/スタン時に解除	icon_ep.ep_debuff_dryout_tex
88829107	DamageOverTime	True	False	False	精神枯渇	1秒毎にMPが$H_W_BAD-80$COLOR_END減少。ダウン/硬直/スタン時に解除	icon_ep.ep_debuff_dryout_tex
88829108	DamageOverTime	True	False	False	精神枯渇	1秒毎にMPが$H_W_BAD-90$COLOR_END減少。ダウン/硬直/スタン時に解除	icon_ep.ep_debuff_dryout_tex
88829109	DamageOverTime	True	False	False	精神枯渇	1秒毎にMPが$H_W_BAD-100$COLOR_END減少。ダウン/硬直/スタン時に解除	icon_ep.ep_debuff_dryout_tex
88829110	DamageOverTime	True	False	False	精神枯渇	1秒毎に$H_W_BAD-110$COLOR_END MP持続減少。ダウン/硬直/スタン時解除	icon_ep.ep_debuff_dryout_tex
88829201	WeakeningEffect	True	False	False	回復の呪い	HP回復效果が$H_W_BAD20%$COLOR_END減少します。	icon_ep.ep_debuff_dryout_tex
88829202	WeakeningEffect	True	False	False	回復の呪い	HP回復效果が$H_W_BAD23%$COLOR_END減少します。	icon_ep.ep_debuff_dryout_tex
88829203	WeakeningEffect	True	False	False	回復の呪い	HP回復效果が$H_W_BAD26%$COLOR_END減少します。	icon_ep.ep_debuff_dryout_tex
88829204	WeakeningEffect	True	False	False	回復の呪い	HP回復效果が$H_W_BAD29%$COLOR_END減少します。	icon_ep.ep_debuff_dryout_tex
88829205	WeakeningEffect	True	False	False	回復の呪い	HP回復效果が$H_W_BAD32%$COLOR_END減少します。	icon_ep.ep_debuff_dryout_tex
88837101	Buff	False	True	True	(シークレット)加速戦闘伝播	見えてはいけない異常状態です。	icon_ep.ep_transfer_fightspeed_tex
88837102	Buff	False	True	True	(シークレット)加速戦闘伝播	見えてはいけない異常状態です。	icon_ep.ep_transfer_fightspeed_tex
88837103	Buff	False	True	True	(シークレット)加速戦闘伝播	見えてはいけない異常状態です。	icon_ep.ep_transfer_fightspeed_tex
88837104	Buff	False	True	True	(シークレット)加速戦闘伝播	見えてはいけない異常状態です。	icon_ep.ep_transfer_fightspeed_tex
88837105	Buff	False	True	True	(シークレット)加速戦闘伝播	見えてはいけない異常状態です。	icon_ep.ep_transfer_fightspeed_tex
88837106	Buff	False	True	True	(シークレット)加速戦闘伝播	見えてはいけない異常状態です。	icon_ep.ep_transfer_fightspeed_tex
88837107	Buff	False	True	True	(シークレット)加速戦闘伝播	見えてはいけない異常状態です。	icon_ep.ep_transfer_fightspeed_tex
88837201	Buff	False	True	True	(シークレット) チャージ伝播	見えてはいけない異常状態です。	icon_ep.ep_resources_mpmore_tex
88837202	Buff	False	True	True	(シークレット) チャージ伝播	見えてはいけない異常状態です。	icon_ep.ep_resources_mpmore_tex
88837203	Buff	False	True	True	(シークレット) チャージ伝播	見えてはいけない異常状態です。	icon_ep.ep_resources_mpmore_tex
88837204	Buff	False	True	True	(シークレット) チャージ伝播	見えてはいけない異常状態です。	icon_ep.ep_resources_mpmore_tex
88837205	Buff	False	True	True	(シークレット) チャージ伝播	見えてはいけない異常状態です。	icon_ep.ep_resources_mpmore_tex
88837206	Buff	False	True	True	(シークレット) チャージ伝播	見えてはいけない異常状態です。	icon_ep.ep_resources_mpmore_tex
88837207	Buff	False	True	True	(シークレット) チャージ伝播	見えてはいけない異常状態です。	icon_ep.ep_resources_mpmore_tex
88837208	Buff	False	True	True	(シークレット) チャージ伝播	見えてはいけない異常状態です。	icon_ep.ep_resources_mpmore_tex
88837209	Buff	False	True	True	(シークレット) チャージ伝播	見えてはいけない異常状態です。	icon_ep.ep_resources_mpmore_tex
88837210	Buff	False	True	True	(シークレット) チャージ伝播	見えてはいけない異常状態です。	icon_ep.ep_resources_mpmore_tex
88837251	Buff	True	True	False	チャージ	1秒毎にMPが$H_W_GOOD20$COLOR_END回復。ダメージを受けると解除	icon_ep.ep_resources_mpmore_tex
88837252	Buff	True	True	False	チャージ	1秒毎にMPが$H_W_GOOD28$COLOR_END回復。ダメージを受けると解除	icon_ep.ep_resources_mpmore_tex
88837253	Buff	True	True	False	チャージ	1秒毎にMPが$H_W_GOOD36$COLOR_END回復。ダメージを受けると解除	icon_ep.ep_resources_mpmore_tex
88837254	Buff	True	True	False	チャージ	1秒毎にMPが$H_W_GOOD44$COLOR_END回復。ダメージを受けると解除	icon_ep.ep_resources_mpmore_tex
88837255	Buff	True	True	False	チャージ	1秒毎にMPが$H_W_GOOD52$COLOR_END回復。ダメージを受けると解除	icon_ep.ep_resources_mpmore_tex
88837256	Buff	True	True	False	チャージ	1秒毎にMPが$H_W_GOOD60$COLOR_END回復。ダメージを受けると解除	icon_ep.ep_resources_mpmore_tex
88837257	Buff	True	True	False	チャージ	1秒毎にMPが$H_W_GOOD68$COLOR_END回復。ダメージを受けると解除	icon_ep.ep_resources_mpmore_tex
88837258	Buff	True	True	False	チャージ	1秒毎にMPが$H_W_GOOD76$COLOR_END回復。ダメージを受けると解除	icon_ep.ep_resources_mpmore_tex
88837259	Buff	True	True	False	チャージ	1秒毎にMPが$H_W_GOOD84$COLOR_END回復。ダメージを受けると解除	icon_ep.ep_resources_mpmore_tex
88837260	Buff	True	True	False	チャージ	1秒毎にMPが$H_W_GOOD92$COLOR_END回復。ダメージを受けると解除	icon_ep.ep_resources_mpmore_tex
89003100	Buff	True	True	False	「メテオストライク」再使用	ツールチップが見えたらいけない異常状態	icon_ep.ep_cooltime_restart_tex
89010100	Buff	True	True	False	「バックスラッシュ」再使用	ツールチップが見えたらいけない異常状態	icon_ep.ep_cooltime_restart_tex
89011301	WeakeningEffect	False	False	False	(シークレット) ウィップ1打	見えてはいけない異常状態です。	icon_ep.ep_special_load_tex
89011302	WeakeningEffect	False	False	False	(シークレット) ウィップ2打	見えてはいけない異常状態です。	icon_ep.ep_special_load_tex
89011303	WeakeningEffect	False	False	False	(シークレット) ウィップ3打	見えてはいけない異常状態です。	icon_ep.ep_special_load_tex
89011311	Buff	True	True	False	炸裂猛撃	クリティカル発生が$H_W_GOOD6$COLOR_END増加	icon_ep.ep_fatal_hitfinish_tex
89011312	Buff	True	True	False	炸裂猛撃	クリティカル発生が$H_W_GOOD7$COLOR_END増加	icon_ep.ep_fatal_hitfinish_tex
89011313	Buff	True	True	False	炸裂猛撃	クリティカル発生が$H_W_GOOD8$COLOR_END増加	icon_ep.ep_fatal_hitfinish_tex
89011314	Buff	True	True	False	炸裂猛撃	クリティカル発生が$H_W_GOOD9$COLOR_END増加	icon_ep.ep_fatal_hitfinish_tex
89011315	Buff	True	True	False	炸裂猛撃	クリティカル発生が$H_W_GOOD10$COLOR_END増加	icon_ep.ep_fatal_hitfinish_tex
89011316	Buff	True	True	False	炸裂猛撃	クリティカル発生が$H_W_GOOD11$COLOR_END増加	icon_ep.ep_fatal_hitfinish_tex
89011317	Buff	True	True	False	炸裂猛撃	クリティカル発生が$H_W_GOOD12$COLOR_END増加	icon_ep.ep_fatal_hitfinish_tex
89011318	Buff	True	True	False	炸裂猛撃	クリティカル発生が$H_W_GOOD13$COLOR_END増加	icon_ep.ep_fatal_hitfinish_tex
89011319	Buff	True	True	False	炸裂猛撃	クリティカル発生が$H_W_GOOD14$COLOR_END増加	icon_ep.ep_fatal_hitfinish_tex
89011320	Buff	True	True	False	炸裂猛撃	クリティカル発生が$H_W_GOOD15$COLOR_END増加	icon_ep.ep_fatal_hitfinish_tex
89011321	Buff	True	True	False	炸裂猛撃	クリティカル発生が$H_W_GOOD16$COLOR_END増加	icon_ep.ep_fatal_hitfinish_tex
89011322	Buff	True	True	False	炸裂猛撃	クリティカル発生が$H_W_GOOD17$COLOR_END増加	icon_ep.ep_fatal_hitfinish_tex
89011323	Buff	True	True	False	炸裂猛撃	クリティカル発生が$H_W_GOOD18$COLOR_END増加	icon_ep.ep_fatal_hitfinish_tex
89011324	Buff	True	True	False	炸裂猛撃	クリティカル発生が$H_W_GOOD19$COLOR_END増加	icon_ep.ep_fatal_hitfinish_tex
89011325	Buff	True	True	False	炸裂猛撃	クリティカル発生が$H_W_GOOD20$COLOR_END増加	icon_ep.ep_fatal_hitfinish_tex
89015100	Buff	True	True	False	「反撃」再使用	ツールチップが見えたらいけない異常状態	icon_ep.ep_cooltime_restart_tex
89016101	Buff	True	True	False	闇の怪力	打撃時に重複	icon_ep.ep_attack_strong_tex
89016102	Buff	True	True	False	闇の怪力	打撃時に重複	icon_ep.ep_attack_strong_tex
89016103	Buff	True	True	False	闇の怪力	打撃時に重複	icon_ep.ep_attack_strong_tex
89016104	Buff	True	True	False	闇の怪力	打撃時に重複	icon_ep.ep_attack_strong_tex
89016105	Buff	True	True	False	闇の怪力	打撃時に重複	icon_ep.ep_attack_strong_tex
89016106	Buff	True	True	False	闇の怪力	打撃時に重複	icon_ep.ep_attack_strong_tex
89016107	Buff	True	True	False	闇の怪力	打撃時に重複	icon_ep.ep_attack_strong_tex
89016108	Buff	True	True	False	闇の怪力	打撃時に重複	icon_ep.ep_attack_strong_tex
89016109	Buff	True	True	False	闇の怪力	打撃時に重複	icon_ep.ep_attack_strong_tex
89016110	Buff	True	True	False	闇の怪力	打撃時に重複	icon_ep.ep_attack_strong_tex
89016111	Buff	True	True	False	闇の怪力	打撃時に重複	icon_ep.ep_attack_strong_tex
89016112	Buff	True	True	False	闇の怪力	打撃時に重複	icon_ep.ep_attack_strong_tex
89016113	Buff	True	True	False	闇の怪力	打撃時に重複	icon_ep.ep_attack_strong_tex
89016114	Buff	True	True	False	闇の怪力	打撃時に重複	icon_ep.ep_attack_strong_tex
89016115	Buff	True	True	False	闇の怪力	打撃時に重複	icon_ep.ep_attack_strong_tex
89016116	Buff	True	True	False	闇の怪力	打撃時に重複	icon_ep.ep_attack_strong_tex
89016117	Buff	True	True	False	闇の怪力	打撃時に重複	icon_ep.ep_attack_strong_tex
89016118	Buff	True	True	False	闇の怪力	打撃時に重複	icon_ep.ep_attack_strong_tex
89016119	Buff	True	True	False	闇の怪力	打撃時に重複	icon_ep.ep_attack_strong_tex
89016120	Buff	True	True	False	闇の怪力	打撃時に重複	icon_ep.ep_attack_strong_tex
89020201	Buff	True	True	False	連迅「ダークエクスプロージョン」	「ダークエクスプロージョン」使用時、攻撃速度が増加	icon_ep.ep_attack_speed_tex
89020202	Buff	True	True	False	連迅「ダークエクスプロージョン」	「ダークエクスプロージョン」使用時、攻撃速度が増加	icon_ep.ep_attack_speed_tex
89020203	Buff	True	True	False	連迅「ダークエクスプロージョン」	「ダークエクスプロージョン」使用時、攻撃速度が増加	icon_ep.ep_attack_speed_tex
89020204	Buff	True	True	False	連迅「ダークエクスプロージョン」	「ダークエクスプロージョン」使用時、攻撃速度が増加	icon_ep.ep_attack_speed_tex
89020205	Buff	True	True	False	連迅「ダークエクスプロージョン」	「ダークエクスプロージョン」使用時、攻撃速度が増加	icon_ep.ep_attack_speed_tex
89020206	Buff	True	True	False	連迅「ダークエクスプロージョン」	「ダークエクスプロージョン」使用時、攻撃速度が増加	icon_ep.ep_attack_speed_tex
89020207	Buff	True	True	False	連迅「ダークエクスプロージョン」	「ダークエクスプロージョン」使用時、攻撃速度が増加	icon_ep.ep_attack_speed_tex
89020208	Buff	True	True	False	連迅「ダークエクスプロージョン」	「ダークエクスプロージョン」使用時、攻撃速度が増加	icon_ep.ep_attack_speed_tex
89020209	Buff	True	True	False	連迅「ダークエクスプロージョン」	「ダークエクスプロージョン」使用時、攻撃速度が増加	icon_ep.ep_attack_speed_tex
89020210	Buff	True	True	False	連迅「ダークエクスプロージョン」	「ダークエクスプロージョン」使用時、攻撃速度が増加	icon_ep.ep_attack_speed_tex
89103100	Buff	True	True	False	「アルケインリロード」再使用	ツールチップが見えたらいけない異常状態	icon_ep.ep_cooltime_restart_tex
89105101	Buff	True	True	False	「クイックフィリング」怪力	打撃時に重複。攻撃を受けると解除。	icon_ep.ep_attack_strong_tex
89105102	Buff	True	True	False	「クイックフィリング」怪力	打撃時に重複。攻撃を受けると解除。	icon_ep.ep_attack_strong_tex
89105103	Buff	True	True	False	「クイックフィリング」怪力	打撃時に重複。攻撃を受けると解除。	icon_ep.ep_attack_strong_tex
89105104	Buff	True	True	False	「クイックフィリング」怪力	打撃時に重複。攻撃を受けると解除。	icon_ep.ep_attack_strong_tex
89105105	Buff	True	True	False	「クイックフィリング」怪力	打撃時に重複。攻撃を受けると解除。	icon_ep.ep_attack_strong_tex
89105106	Buff	True	True	False	「クイックフィリング」怪力	打撃時に重複。攻撃を受けると解除。	icon_ep.ep_attack_strong_tex
89105107	Buff	True	True	False	「クイックフィリング」怪力	打撃時に重複。攻撃を受けると解除。	icon_ep.ep_attack_strong_tex
89105108	Buff	True	True	False	「クイックフィリング」怪力	打撃時に重複。攻撃を受けると解除。	icon_ep.ep_attack_strong_tex
89105109	Buff	True	True	False	「クイックフィリング」怪力	打撃時に重複。攻撃を受けると解除。	icon_ep.ep_attack_strong_tex
89105110	Buff	True	True	False	「クイックフィリング」怪力	打撃時に重複。攻撃を受けると解除。	icon_ep.ep_attack_strong_tex
89105111	Buff	True	True	False	「クイックフィリング」怪力	打撃時に重複。攻撃を受けると解除。	icon_ep.ep_attack_strong_tex
89105112	Buff	True	True	False	「クイックフィリング」怪力	打撃時に重複。攻撃を受けると解除。	icon_ep.ep_attack_strong_tex
89105113	Buff	True	True	False	「クイックフィリング」怪力	打撃時に重複。攻撃を受けると解除。	icon_ep.ep_attack_strong_tex
89105114	Buff	True	True	False	「クイックフィリング」怪力	打撃時に重複。攻撃を受けると解除。	icon_ep.ep_attack_strong_tex
89105115	Buff	True	True	False	「クイックフィリング」怪力	打撃時に重複。攻撃を受けると解除。	icon_ep.ep_attack_strong_tex
89105116	Buff	True	True	False	「クイックフィリング」怪力	打撃時に重複。攻撃を受けると解除。	icon_ep.ep_attack_strong_tex
89105117	Buff	True	True	False	「クイックフィリング」怪力	打撃時に重複。攻撃を受けると解除。	icon_ep.ep_attack_strong_tex
89105118	Buff	True	True	False	「クイックフィリング」怪力	打撃時に重複。攻撃を受けると解除。	icon_ep.ep_attack_strong_tex
89105119	Buff	True	True	False	「クイックフィリング」怪力	打撃時に重複。攻撃を受けると解除。	icon_ep.ep_attack_strong_tex
89105120	Buff	True	True	False	「クイックフィリング」怪力	打撃時に重複。攻撃を受けると解除。	icon_ep.ep_attack_strong_tex
89107200	Buff	True	True	False	「アルケインバースト」再使用	ツールチップが見えたらいけない異常状態	icon_ep.ep_cooltime_restart_tex
89111100	Buff	True	True	False	「スーパーロケットジャンプ」再使用	ツールチップが見えたらいけない異常状態	icon_ep.ep_cooltime_restart_tex
89200001	Buff	False	True	False	(シークレット) 完璧防御	見えてはいけない異常状態です。	
89203100	Buff	True	True	False	「レイジングバースト（G）」再使用	ツールチップが見えたらいけない異常状態	icon_ep.ep_cooltime_restart_tex
89207100	Buff	True	True	False	「スピンキック 」再使用	ツールチップが見えたらいけない異常状態	icon_ep.ep_cooltime_restart_tex
89210100	Buff	True	True	False	猛撃反撃	クリティカルが100％発生	icon_ep.ep_fatal_hitfinish_tex
89216101	Buff	True	True	False	サマーソルトキック連携「ガードブロウ（G）」	次のスキルの威力が$H_W_GOOD1%$COLOR_END増加します。	icon_ep.ep_attack_overlap_tex
89216102	Buff	True	True	False	サマーソルトキック連携「ガードブロウ（G）」	次のスキルの威力が$H_W_GOOD1,210526315789%$COLOR_END増加します。	icon_ep.ep_attack_overlap_tex
89216103	Buff	True	True	False	サマーソルトキック連携「ガードブロウ（G）」	次のスキルの威力が$H_W_GOOD1,42105263157899%$COLOR_END増加します。	icon_ep.ep_attack_overlap_tex
89216104	Buff	True	True	False	サマーソルトキック連携「ガードブロウ（G）」	次のスキルの威力が$H_W_GOOD1,63157894736801%$COLOR_END増加します。	icon_ep.ep_attack_overlap_tex
89216105	Buff	True	True	False	サマーソルトキック連携「ガードブロウ（G）」	次のスキルの威力が$H_W_GOOD1,842105263158%$COLOR_END増加します。	icon_ep.ep_attack_overlap_tex
89216106	Buff	True	True	False	サマーソルトキック連携「ガードブロウ（G）」	次のスキルの威力が$H_W_GOOD2,052631578947%$COLOR_END増加します。	icon_ep.ep_attack_overlap_tex
89216107	Buff	True	True	False	サマーソルトキック連携「ガードブロウ（G）」	次のスキルの威力が$H_W_GOOD2,26315789473699%$COLOR_END増加します。	icon_ep.ep_attack_overlap_tex
89216108	Buff	True	True	False	サマーソルトキック連携「ガードブロウ（G）」	次のスキルの威力が$H_W_GOOD2,473684210526%$COLOR_END増加します。	icon_ep.ep_attack_overlap_tex
89216109	Buff	True	True	False	サマーソルトキック連携「ガードブロウ（G）」	次のスキルの威力が$H_W_GOOD2,68421052631599%$COLOR_END増加します。	icon_ep.ep_attack_overlap_tex
89216110	Buff	True	True	False	サマーソルトキック連携「ガードブロウ（G）」	次のスキルの威力が$H_W_GOOD2,89473684210499%$COLOR_END増加します。	icon_ep.ep_attack_overlap_tex
89216111	Buff	True	True	False	サマーソルトキック連携「ガードブロウ（G）」	次のスキルの威力が$H_W_GOOD3,10526315789501%$COLOR_END増加します。	icon_ep.ep_attack_overlap_tex
89216112	Buff	True	True	False	サマーソルトキック連携「ガードブロウ（G）」	次のスキルの威力が$H_W_GOOD3,31578947368401%$COLOR_END増加します。	icon_ep.ep_attack_overlap_tex
89216113	Buff	True	True	False	サマーソルトキック連携「ガードブロウ（G）」	次のスキルの威力が$H_W_GOOD3,526315789474%$COLOR_END増加します。	icon_ep.ep_attack_overlap_tex
89216114	Buff	True	True	False	サマーソルトキック連携「ガードブロウ（G）」	次のスキルの威力が$H_W_GOOD3,73684210526299%$COLOR_END増加します。	icon_ep.ep_attack_overlap_tex
89216115	Buff	True	True	False	サマーソルトキック連携「ガードブロウ（G）」	次のスキルの威力が$H_W_GOOD3,94736842105301%$COLOR_END増加します。	icon_ep.ep_attack_overlap_tex
89216116	Buff	True	True	False	サマーソルトキック連携「ガードブロウ（G）」	次のスキルの威力が$H_W_GOOD4,15789473684201%$COLOR_END増加します。	icon_ep.ep_attack_overlap_tex
89216117	Buff	True	True	False	サマーソルトキック連携「ガードブロウ（G）」	次のスキルの威力が$H_W_GOOD4,368421052632%$COLOR_END増加します。	icon_ep.ep_attack_overlap_tex
89216118	Buff	True	True	False	サマーソルトキック連携「ガードブロウ（G）」	次のスキルの威力が$H_W_GOOD4,578947368421%$COLOR_END増加します。	icon_ep.ep_attack_overlap_tex
89216119	Buff	True	True	False	サマーソルトキック連携「ガードブロウ（G）」	次のスキルの威力が$H_W_GOOD4,789473684211%$COLOR_END増加します。	icon_ep.ep_attack_overlap_tex
89216120	Buff	True	True	False	サマーソルトキック連携「ガードブロウ（G）」	次のスキルの威力が$H_W_GOOD5%$COLOR_END増加します。	icon_ep.ep_attack_overlap_tex
89217101	Buff	True	True	False	強力な反撃	力が$H_W_GOOD1$COLOR_END増加。ダウン時に解除	icon_ep.ep_attack_overlap_tex
89217102	Buff	True	True	False	強力な反撃	力が$H_W_GOOD2$COLOR_END増加。ダウン時に解除	icon_ep.ep_attack_overlap_tex
89217103	Buff	True	True	False	強力な反撃	力が$H_W_GOOD3$COLOR_END増加。ダウン時に解除	icon_ep.ep_attack_overlap_tex
89217104	Buff	True	True	False	強力な反撃	力が$H_W_GOOD4$COLOR_END増加。ダウン時に解除	icon_ep.ep_attack_overlap_tex
89217105	Buff	True	True	False	強力な反撃	力が$H_W_GOOD5$COLOR_END増加。ダウン時に解除	icon_ep.ep_attack_overlap_tex
89217106	Buff	True	True	False	強力な反撃	力が$H_W_GOOD6$COLOR_END増加。ダウン時に解除	icon_ep.ep_attack_overlap_tex
89217107	Buff	True	True	False	強力な反撃	力が$H_W_GOOD7$COLOR_END増加。ダウン時に解除	icon_ep.ep_attack_overlap_tex
89217108	Buff	True	True	False	強力な反撃	力が$H_W_GOOD8$COLOR_END増加。ダウン時に解除	icon_ep.ep_attack_overlap_tex
89217109	Buff	True	True	False	強力な反撃	力が$H_W_GOOD9$COLOR_END増加。ダウン時に解除	icon_ep.ep_attack_overlap_tex
89217110	Buff	True	True	False	強力な反撃	力が$H_W_GOOD10$COLOR_END増加。ダウン時に解除	icon_ep.ep_attack_overlap_tex
89221100	Buff	True	True	False	特性憤怒回復	ツールチップが見えたらいけない異常状態	icon_ep.ep_resources_st_tex
89303100	Buff	True	True	False	八連飛苦無_リロード	ツールチップが見えたらいけない異常状態	icon_ep.ep_cooltime_restart_tex
89308100	DamageOverTime	True	False	False	火傷	1秒毎にHPの$H_W_BAD0.5%$COLOR_END%（最大1000）の持続ダメージ	icon_ep.ep_debuff_burn_tex
89308201	Buff	False	True	False	鉄壁	スキル使用中、受けるダメージが$H_W_GOOD5%$COLOR_END減少。ダウン時解除	icon_ep.ep_defense_well_tex
89308202	Buff	False	True	False	鉄壁	スキル使用中、受けるダメージが$H_W_GOOD10%$COLOR_END減少。ダウン時解除	icon_ep.ep_defense_well_tex
89308203	Buff	False	True	False	鉄壁	スキル使用中、受けるダメージが$H_W_GOOD15%$COLOR_END減少。ダウン時解除	icon_ep.ep_defense_well_tex
89308204	Buff	False	True	False	鉄壁	スキル使用中、受けるダメージが$H_W_GOOD20%$COLOR_END減少。ダウン時解除	icon_ep.ep_defense_well_tex
89308205	Buff	False	True	False	鉄壁	スキル使用中、受けるダメージが$H_W_GOOD25%$COLOR_END減少。ダウン時解除	icon_ep.ep_defense_well_tex
89308206	Buff	False	True	False	鉄壁	スキル使用中、受けるダメージが$H_W_GOOD30%$COLOR_END減少。ダウン時解除	icon_ep.ep_defense_well_tex
89308207	Buff	False	True	False	鉄壁	スキル使用中、受けるダメージが$H_W_GOOD35%$COLOR_END減少。ダウン時解除	icon_ep.ep_defense_well_tex
89308208	Buff	False	True	False	鉄壁	スキル使用中、受けるダメージが$H_W_GOOD40%$COLOR_END減少。ダウン時解除	icon_ep.ep_defense_well_tex
89308209	Buff	False	True	False	鉄壁	スキル使用中、受けるダメージが$H_W_GOOD45%$COLOR_END減少。ダウン時解除	icon_ep.ep_defense_well_tex
89308210	Buff	False	True	False	鉄壁	スキル使用中、受けるダメージが$H_W_GOOD50%$COLOR_END減少。ダウン時解除	icon_ep.ep_defense_well_tex
89309001	Buff	False	True	False	(ハイド)忍術保護伝播用	見えてはいけない異常状態です。	icon_ep.ep_protect_continue_tex
89309002	Buff	False	True	False	(ハイド)忍術保護伝播用	見えてはいけない異常状態です。	icon_ep.ep_protect_continue_tex
89309003	Buff	False	True	False	(ハイド)忍術保護伝播用	見えてはいけない異常状態です。	icon_ep.ep_protect_continue_tex
89309004	Buff	False	True	False	(ハイド)忍術保護伝播用	見えてはいけない異常状態です。	icon_ep.ep_protect_continue_tex
89309005	Buff	False	True	False	(ハイド)忍術保護伝播用	見えてはいけない異常状態です。	icon_ep.ep_protect_continue_tex
89312200	Buff	True	True	False	特性チャクラ回復	ツールチップが見えたらいけない異常状態	icon_ep.ep_resources_st_tex
89312211	Buff	False	True	False	(ハイド)忍術チャクラ回復スタック用	見えてはいけない異常状態です。	icon_ep.ep_resources_st_tex
89314100	DamageOverTime	True	False	False	出血	1秒毎にHPの$H_W_BAD0.2$COLOR_END％（最大400）の持続ダメージ	icon_ep.ep_debuff_burn_tex
89314201	Buff	True	True	False	二段割り怪力	クリティカル命中時重複。リアクション時解除	icon_ep.ep_attack_strong_tex
89314202	Buff	True	True	False	二段割り怪力	クリティカル命中時重複。リアクション時解除	icon_ep.ep_attack_strong_tex
89314203	Buff	True	True	False	二段割り怪力	クリティカル命中時重複。リアクション時解除	icon_ep.ep_attack_strong_tex
89314204	Buff	True	True	False	二段割り怪力	クリティカル命中時重複。リアクション時解除	icon_ep.ep_attack_strong_tex
89314205	Buff	True	True	False	二段割り怪力	クリティカル命中時重複。リアクション時解除	icon_ep.ep_attack_strong_tex
89314206	Buff	True	True	False	二段割り怪力	クリティカル命中時重複。リアクション時解除	icon_ep.ep_attack_strong_tex
89314207	Buff	True	True	False	二段割り怪力	クリティカル命中時重複。リアクション時解除	icon_ep.ep_attack_strong_tex
89314208	Buff	True	True	False	二段割り怪力	クリティカル命中時重複。リアクション時解除	icon_ep.ep_attack_strong_tex
89314209	Buff	True	True	False	二段割り怪力	クリティカル命中時重複。リアクション時解除	icon_ep.ep_attack_strong_tex
89314210	Buff	True	True	False	二段割り怪力	クリティカル命中時重複。リアクション時解除	icon_ep.ep_attack_strong_tex
89314211	Buff	True	True	False	二段割り怪力	クリティカル命中時重複。リアクション時解除	icon_ep.ep_attack_strong_tex
89314212	Buff	True	True	False	二段割り怪力	クリティカル命中時重複。リアクション時解除	icon_ep.ep_attack_strong_tex
89314213	Buff	True	True	False	二段割り怪力	クリティカル命中時重複。リアクション時解除	icon_ep.ep_attack_strong_tex
89314214	Buff	True	True	False	二段割り怪力	クリティカル命中時重複。リアクション時解除	icon_ep.ep_attack_strong_tex
89314215	Buff	True	True	False	二段割り怪力	クリティカル命中時重複。リアクション時解除	icon_ep.ep_attack_strong_tex
89314216	Buff	True	True	False	二段割り怪力	クリティカル命中時重複。リアクション時解除	icon_ep.ep_attack_strong_tex
89314217	Buff	True	True	False	二段割り怪力	クリティカル命中時重複。リアクション時解除	icon_ep.ep_attack_strong_tex
89314218	Buff	True	True	False	二段割り怪力	クリティカル命中時重複。リアクション時解除	icon_ep.ep_attack_strong_tex
89314219	Buff	True	True	False	二段割り怪力	クリティカル命中時重複。リアクション時解除	icon_ep.ep_attack_strong_tex
89314220	Buff	True	True	False	二段割り怪力	クリティカル命中時重複。リアクション時解除	icon_ep.ep_attack_strong_tex
89317000	Buff	True	True	False	特性内丹術	ツールチップが見えたらいけない異常状態	icon_ep.ep_resources_st_tex
89404100	Buff	True	True	False			icon_ep.ep_cooltime_restart_tex
89407101	WeakeningEffect	False	False	False			icon_ep.ep_fatal_hitfinish_tex
89407102	WeakeningEffect	False	False	False			icon_ep.ep_fatal_hitfinish_tex
89407103	WeakeningEffect	False	False	False			icon_ep.ep_fatal_hitfinish_tex
89407111	Buff	True	True	False			icon_ep.ep_fatal_hitfinish_tex
89407112	Buff	True	True	False			icon_ep.ep_fatal_hitfinish_tex
89407113	Buff	True	True	False			icon_ep.ep_fatal_hitfinish_tex
89407114	Buff	True	True	False			icon_ep.ep_fatal_hitfinish_tex
89407115	Buff	True	True	False			icon_ep.ep_fatal_hitfinish_tex
89407116	Buff	True	True	False			icon_ep.ep_fatal_hitfinish_tex
89407117	Buff	True	True	False			icon_ep.ep_fatal_hitfinish_tex
89407118	Buff	True	True	False			icon_ep.ep_fatal_hitfinish_tex
89407119	Buff	True	True	False			icon_ep.ep_fatal_hitfinish_tex
89407120	Buff	True	True	False			icon_ep.ep_fatal_hitfinish_tex
89407121	Buff	True	True	False			icon_ep.ep_fatal_hitfinish_tex
89407122	Buff	True	True	False			icon_ep.ep_fatal_hitfinish_tex
89407123	Buff	True	True	False			icon_ep.ep_fatal_hitfinish_tex
89407124	Buff	True	True	False			icon_ep.ep_fatal_hitfinish_tex
89407125	Buff	True	True	False			icon_ep.ep_fatal_hitfinish_tex
89419000	Buff	True	True	False			icon_ep.ep_resources_st_tex
33	Buff	True	True	True	T.E.R.A TIME	連盟スキル以外のスキルのクールタイムが80％減少し、毎秒のマナ回復量が大きく増加します。	icon_status.pluswill_tex
34	Buff	True	True	True	アマルンの守護	強直で勇猛な性格を持っている寛大な神であるアマルンの守護を受けて、ダンジョンに初めて挑戦する冒険者たちの最大HPが上昇する。	icon_skills.heart_buff_tex
48	Buff	False	True	True	バルデラの加護	バルデラの加護の元、採集熟練度が30増加し、採集及び製作時間が短縮されます。	icon_items.artisanall_up_tex
1133	Buff	True	True	False	キラキラキャンディー	キャンディーにより、$H_W_GOOD1$COLOR_END second毎に全MPの$H_W_GOOD4％$COLOR_ENDが回復します。	icon_items.heartlollipop_tex
4611	Buff	True	True	False	完全な光輝の書：クリスタル保護	効果持続中、死亡時にクリスタルが壊れるのを防止します。	icon_items.q_closedspace_stone_05_tex
4613	Buff	True	True	True	完全な光輝の書：クリスタル保護（帰還者）	効果持続中、死亡時にクリスタルが壊れるのを防止します。	icon_items.q_closedspace_stone_05_tex
4614	Buff	True	True	True	完全な光輝の書：クリスタル保護	効果持続中、死亡時にクリスタルが壊れるのを防止します。	icon_items.q_closedspace_stone_05_tex
4832	Buff	True	True	True	勇猛の祝福（帰還者）	攻撃速度が$H_W_GOOD4%$COLOR_END、スキルダメージが$H_W_GOOD10%$COLOR_ENDが上昇し、受けるダメージが$H_W_GOOD10%$COLOR_END減少します。勇猛の祝福と効果は重複しません。	icon_items.potion10_tex
4954	Buff	True	True	True	カイアの祝福	戦神カイアの祝福を受けて、死亡時にその場所でHP、MPが回復した状態で1回復活が可能です。	icon_skills.autoresurrect_tex
5010000	Buff	True	True	False	幻影の回復ポーション	30秒間、1秒毎に全HPの5％、計90％が持続的に回復。	icon_items.potion17_tex
5010001	Buff	True	True	True	ヴェリックの恩寵	ヴェリックの恩寵を受けます。持続時間内に死亡時、その場で即時に復活できます。	icon_skills.selfpreresurrection_tex
5010002	Buff	True	True	True	輝く強化職人の加護	強化の際、成功確率が大幅に増加します。 (覚醒強化には適用されません)	icon_items.parts_heavyarmorc5_tex
5010003	Buff	True	True	False	英雄の凱旋 II	狩りの獲得経験値が$H_W_GOOD100%$COLOR_END増加します。この効果は、死亡後も解除されません。	icon_items.exp_buff_potion1_tex
5010004	Buff	True	True	False	高速成長400（3時間）	3時間、狩りの獲得経験値が400％増加します。	icon_items.f2p_xpbooster_tex
5010005	Buff	True	True	False	勇猛のポーションII	スキルダメージが $H_W_GOOD15%$COLOR_END 上昇し、受けるダメージが $H_W_GOOD15%$COLOR_END 減少します。また、攻撃速度が $H_W_GOOD8%$COLOR_END 上昇します。	icon_items.potion10_tex
5010006	Buff	True	True	False	破壊のポーション	スキルダメージが $H_W_GOOD25%$COLOR_END 増加します。	icon_items.potion10_tex
5010007	Buff	True	True	False	戦闘加速ポーション	全てのスキルのクールタイムが20％減少し、MP回復量が大幅増加します。	icon_items.add_extract_potion_1_tex
5010008	Buff	True	True	False	栄光の記憶	次の効果を全て獲得します。$BR $BR最大HP $H_W_GOOD7％$COLOR_END 増加$BR防御力 $H_W_GOOD20％$COLOR_END 増加$BR攻撃速度 $H_W_GOOD15％$COLOR_END 増加$BRスキルダメージ $H_W_GOOD20％$COLOR_END 増加$BRクリスタル $H_W_GOOD1回$COLOR_END 破壊防止$BR移動速度 $H_W_GOOD10$COLOR_END 増加	icon_items.parts_lightweaponc9_tex
8000091	Buff	False	True	True	高速成長100（プレミアム）	プレミアムサービスが適用される間、狩りの獲得経験値が100％増加します。	icon_items.f2p_xpbooster_tex
8000092	Buff	False	True	True	信頼の証票100（プレミアム）	プレミアムサービスが適用される間、信用数値と信用ポイントが100％増加します。ただし、戦場信用数値と戦場信用ポイントには適用されません。	icon_items.f2p_reputationbooster_tex
5020000	Buff	True	True	False		1%	icon_items.parts_heavyarmorc5_tex
5020001	Buff	True	True	False		5%	icon_items.parts_heavyarmorc5_tex
5020002	Buff	True	True	False		15%	icon_items.parts_heavyarmorc5_tex
5020003	Buff	True	True	True			icon_items.q_closedspace_stone_05_tex
5020004	Buff	True	True	True			icon_items.artisan_lamp_tex
14400001	Buff	True	True	False	Emblem of Success		icon_items.parts_magicweaponc15_tex
14400002	Buff	True	True	False	Memento of Fame		icon_items.parts_lightweaponc9_tex
14400003	Buff	True	True	False	Sigil of Indestructible Flame		icon_items.parts_magicweaponc6_tex
14400004	Buff	True	True	False	Power potion - CD, MP regen		icon_status.darkriftareatimeshift_tex
14400005	Buff	True	True	False	Fleetfoot		icon_skills.speedupaura_tex
14400006	Buff	True	True	False	体型変化：SD化	かわいいサリサリ族のような二頭身に変化します。$BR$BR一定時間が経過すると状態が解除されます。	icon_status.icon_deadoo_ab_tex
14400008	Buff	True	True	True	体型変化：SD化	かわいいサリサリ族のような二頭身に変化します。	icon_status.icon_deadoo_ab_tex
16300006	Buff	True	True	False			icon_status.icon_poongu_ab_tex
16300007	Buff	True	True	False			icon_status.icon_jangshin_ab_tex
16300008	Buff	True	True	False			icon_status.icon_yookduk00_ab_tex
16300009	Buff	True	True	True			icon_status.collect_speedup_tex
16300010	Buff	True	True	True			icon_status.collect_speedup_tex
16300011	Buff	True	True	True			icon_status.collect_speedup_tex
16300012	Buff	True	True	True			icon_status.collect_speedup_tex
16300013	Buff	True	True	False			icon_items.potion10_tex
16300015	Buff	True	True	False			icon_items.potion10_tex
16300017	Buff	False	True	True	Lucky Day(VIP)		icon_items.f2p_vipcustomer_tex
3000011	Buff	True	True	True	TW白獅子召喚	搭乗中毎秒HP、MPが1％ずつ回復します。	icon_status.collect_speedup_tex
